0.105 0 0 72.387 55311 15000 9008 1.2509012 4
0.1051 0 0 72.3863 55313 15000 9031 1.2483276 3
0.1052 0 0 72.3826 55314 15000 9135 1.2616256 7
0.1053 0 0 72.3882 55316 15000 9244 1.2787832 6
0.1054 0 0 72.3918 55318 15000 9149 1.2626196 6
0.1055 0 0 72.4014 55319 15000 8983 1.2462644 8
0.1056 0 0 72.4067 55321 15000 9143 1.2680024 2
0.1057 0 0 72.4161 55322 15000 9153 1.2690668 4
0.1058 0 0 72.4211 55324 15000 9220 1.2791312 3
0.1059 0 0 72.4264 55326 15000 8949 1.2424164 8
0.106 0 0 72.4262 55327 15000 9025 1.251326 5
0.1061 0 0 72.4271 55329 15000 8983 1.2483904 5
0.1062 0 0 72.4236 55330 15000 8964 1.2392596 7
0.1063 0 0 72.4237 55332 15000 9086 1.2549312 4
0.1064 0 0 72.4202 55333 15000 9041 1.2539596 4
0.1065 0 0 72.4229 55335 15000 9035 1.252748 3
0.1066 0 0 72.4225 55337 15000 9103 1.2619216 5
0.1067 0 0 72.4284 55338 15000 9059 1.255812 7
0.1068 0 0 72.4317 55340 15000 9211 1.2750184 5
0.1069 0 0 72.4413 55342 15000 9066 1.2550308 5
0.107 0 0 72.4474 55343 15000 9089 1.2597268 6
0.1071 0 0 72.4557 55345 15000 9073 1.2592848 6
0.1072 0 0 72.4577 55346 15000 9066 1.2610528 5
0.1073 0 0 72.46 55348 15000 9070 1.2553272 9
0.1074 0 0 72.4572 55349 15000 9119 1.2640888 7
0.1075 0 0 72.4581 55351 15000 9000 1.2497044 5
0.1076 0 0 72.4548 55353 15000 9074 1.2614448 3
0.1077 0 0 72.4566 55354 15000 9072 1.2607304 1
0.1078 0 0 72.4552 55356 15000 8966 1.2430776 11
0.1079 0 0 72.4598 55357 15000 9104 1.2639784 3
0.108 0 0 72.4614 55359 15000 9106 1.2592844 6
0.1081 0 0 72.4687 55361 15000 9060 1.2540848 6
0.1082 0 0 72.4734 55362 15000 9109 1.263732 6
0.1083 0 0 72.481 55364 15000 9139 1.2672136 4
0.1084 0 0 72.4842 55366 15000 9025 1.248776 5
0.1085 0 0 72.4899 55367 15000 9114 1.2629556 7
0.1086 0 0 72.4901 55369 15000 9123 1.271604 4
0.1087 0 0 72.4874 55370 15000 9106 1.2616428 4
0.1088 0 0 72.4767 55372 15000 8985 1.2503772 0
0.1089 0 0 72.4678 55374 15000 9091 1.2623308 5
0.109 0 0 72.4552 55375 15000 9169 1.2720076 9
0.1091 0 0 72.4509 55377 15000 9061 1.2584584 0
0.1092 0 0 72.4456 55378 15000 8984 1.2503148 7
0.1093 0 0 72.4499 55380 15000 9067 1.2570952 4
0.1094 0 0 72.4529 55381 15000 9062 1.2592712 6
0.1095 0 0 72.463 55383 15000 8970 1.2417972 11
0.1096 0 0 72.4705 55385 15000 9111 1.2625292 6
0.1097 0 0 72.4814 55386 15000 8951 1.2418924 7
0.1098 0 0 72.4876 55388 15000 9121 1.2622524 4
0.1099 0 0 72.4933 55389 15000 9066 1.2563408 5
0.11 0 0 72.4928 55391 15000 9100 1.26425 2
0.1101 0 0 72.4924 55393 15000 9117 1.2602528 7
0.1102 0 0 72.4867 55394 15000 9142 1.2681884 4
0.1103 0 0 72.4856 55396 15000 9209 1.2743048 5
0.1104 0 0 72.4815 55397 15000 9087 1.2590556 3
0.1105 0 0 72.4858 55399 15000 8991 1.2488188 4
0.1106 0 0 72.4876 55401 15000 9008 1.2519968 5
0.1107 0 0 72.4986 55402 15000 9142 1.266994 8
0.1108 0 0 72.5047 55404 15000 9004 1.2455988 5
0.1109 0 0 72.5163 55406 15000 9128 1.2701124 8
0.111 0 0 72.522 55407 15000 9217 1.2795664 6
0.1111 0 0 72.5279 55409 15000 9165 1.2716156 6
0.1112 0 0 72.5279 55410 15000 8959 1.2464796 4
0.1113 0 0 72.5284 55412 15000 9061 1.2551064 8
0.1114 0 0 72.5234 55413 15000 9062 1.2576528 4
0.1115 0 0 72.5232 55415 15000 9128 1.2651416 11
0.1116 0 0 72.5197 55417 15000 9099 1.259882 5
0.1117 0 0 72.5231 55418 15000 9170 1.27215 8
0.1118 0 0 72.5238 55420 15000 8994 1.2514692 3
0.1119 0 0 72.5297 55421 15000 9134 1.2687972 9
0.112 0 0 72.5322 55423 15000 9080 1.2571844 4
0.1121 0 0 72.537 55425 15000 9087 1.2609336 4
0.1122 0 0 72.5375 55426 15000 9140 1.2727472 4
0.1123 0 0 72.5386 55428 15000 9126 1.2650624 5
0.1124 0 0 72.5347 55429 15000 8932 1.2412872 7
0.1125 0 0 72.5307 55431 15000 9126 1.2675836 7
0.1126 0 0 72.5215 55432 15000 9125 1.2674604 9
0.1127 0 0 72.5158 55434 15000 9096 1.2628928 6
0.1128 0 0 72.5065 55436 15000 9048 1.2562904 8
0.1129 0 0 72.5042 55437 15000 9103 1.2652 4
0.113 0 0 72.5004 55439 15000 9134 1.2679208 10
0.1131 0 0 72.5043 55440 15000 9051 1.2575332 7
0.1132 0 0 72.507 55442 15000 9198 1.2779152 5
0.1133 0 0 72.5133 55444 15000 9074 1.2603028 8
0.1134 0 0 72.5166 55445 15000 9110 1.2609836 13
0.1135 0 0 72.5207 55447 15000 9084 1.2590256 6
0.1136 0 0 72.5199 55449 15000 9177 1.2752676 13
0.1137 0 0 72.5204 55450 15000 9059 1.2563856 5
0.1138 0 0 72.5159 55452 15000 9151 1.2677052 11
0.1139 0 0 72.5125 55453 15000 9040 1.2562588 7
0.114 0 0 72.5043 55455 15000 9045 1.2528636 12
0.1141 0 0 72.5015 55456 15000 9033 1.2540472 12
0.1142 0 0 72.4954 55458 15000 9184 1.2771104 14
0.1143 0 0 72.4983 55460 15000 9068 1.2586924 25
0.1144 0 0 72.5008 55461 15000 9282 1.2875588 34
0.1145 0 0 72.5099 55463 15000 9232 1.2808868 30
0.1146 0 0 72.5161 55465 15000 9124 1.2674176 46
0.1147 0 0 72.5259 55466 15000 9146 1.2669988 66
0.1148 0 0 72.5313 55468 15000 9131 1.2627008 88
0.1149 0 0 72.5357 55469 15000 9203 1.2750752 117
0.115 0 0 72.5341 55471 15000 9078 1.2592904 158
0.1151 0 0 72.5318 55472 15000 9004 1.2517996 183
0.1152 0 0 72.5243 55474 15000 9046 1.2556732 233
0.1153 0 0 72.5216 55476 15000 9089 1.2578384 394
0.1154 0 0 72.5166 55477 15000 9193 1.2759932 591
0.1155 0 0 72.519 55479 15000 9134 1.2661312 939
0.1156 0 0 72.5193 55481 15000 9127 1.2594832 1325
0.1157 0 0 72.527 55482 15000 9196 1.26947 1782
0.1158 0 0 72.5314 55484 15000 9113 1.2572088 2137
0.1159 0 0 72.5404 55486 15000 9091 1.2543352 2529
0.116 0 0 72.5436 55487 15000 9170 1.2599936 2930
0.1161 0 0 72.5473 55489 15000 9206 1.2686056 3374
0.1162 0 0 72.5454 55490 15000 9145 1.2603336 3785
0.1163 0 0 72.543 55492 15000 9164 1.2623812 4286
0.1164 0 0 72.5348 55494 15000 9167 1.2591108 4507
0.1165 0 0 72.532 55495 15000 9057 1.2450208 5120
0.1166 0 0 72.5263 55497 15000 9159 1.2517488 6194
0.1167 0 0 72.5279 55498 15000 9231 1.2657528 7207
0.1168 0 0 72.5273 55500 15000 9151 1.2518556 6129
0.1169 0 0 72.5338 55502 15000 9234 1.2707148 4070
0.117 0 0 72.5375 55503 15000 9164 1.2732256 2164
0.1171 0 0 72.5459 55505 15000 9012 1.2486796 1067
0.1172 0 0 72.55 55506 15000 9299 1.2900456 743
0.1173 0 0 72.5561 55508 15000 9153 1.272698 536
0.1174 0 0 72.5561 55510 15000 9090 1.2644052 397
0.1175 0 0 72.5555 55511 15000 9124 1.2662576 358
0.1176 0 0 72.5497 55513 15000 9084 1.260996 279
0.1177 0 0 72.5454 55514 15000 9194 1.2737176 242
0.1178 0 0 72.5372 55516 15000 8992 1.249596 200
0.1179 0 0 72.5359 55517 15000 9096 1.2668176 171
0.118 0 0 72.5323 55519 15000 9059 1.2594752 139
0.1181 0 0 72.5352 55521 15000 9102 1.2662788 144
0.1182 0 0 72.5356 55522 15000 9091 1.264876 117
0.1183 0 0 72.5409 55524 15000 9017 1.2530028 86
0.1184 0 0 72.543 55526 15000 9156 1.2704292 78
0.1185 0 0 72.5495 55527 15000 9197 1.2778692 99
0.1186 0 0 72.5518 55529 15000 9064 1.2596664 72
0.1187 0 0 72.5564 55530 15000 9007 1.2513296 57
0.1188 0 0 72.5561 55532 15000 9112 1.268404 59
0.1189 0 0 72.5554 55534 15000 9174 1.2770868 43
0.119 0 0 72.5486 55535 15000 9005 1.2515112 36
0.1191 0 0 72.5448 55537 15000 8947 1.2447292 41
0.1192 0 0 72.5356 55538 15000 9113 1.2670312 26
0.1193 0 0 72.5323 55540 15000 9005 1.2502552 36
0.1194 0 0 72.5263 55542 15000 9154 1.2710608 31
0.1195 0 0 72.5265 55543 15000 9203 1.2756776 17
0.1196 0 0 72.5245 55545 15000 9152 1.2739872 14
0.1197 0 0 72.5284 55547 15000 8989 1.250668 20
0.1198 0 0 72.5295 55548 15000 9106 1.2647024 14
0.1199 0 0 72.5341 55550 15000 9131 1.2733668 13
0.12 0 0 72.5347 55551 15000 9094 1.2646652 15
0.1201 0 0 72.5379 55553 15000 9099 1.262874 13
0.1202 0 0 72.5364 55554 15000 9032 1.254102 11
0.1203 0 0 72.5377 55556 15000 9114 1.2653852 14
0.1204 0 0 72.5345 55558 15000 9087 1.2624572 9
0.1205 0 0 72.5339 55559 15000 9007 1.2535688 11
0.1206 0 0 72.5291 55561 15000 8996 1.252012 5
0.1207 0 0 72.5265 55562 15000 8991 1.2504868 12
0.1208 0 0 72.5188 55564 15000 9140 1.2671224 8
0.1209 0 0 72.5147 55566 15000 9084 1.256782 9
0.121 0 0 72.5068 55567 15000 9069 1.2603968 9
0.1211 0 0 72.5022 55569 15000 9055 1.2569328 9
0.1212 0 0 72.4942 55570 15000 9101 1.2654904 2
0.1213 0 0 72.4915 55572 15000 9115 1.2726768 12
0.1214 0 0 72.4862 55574 15000 9147 1.2710324 9
0.1215 0 0 72.4901 55575 15000 9131 1.2692552 9
0.1216 0 0 72.4924 55577 15000 9039 1.2547916 12
0.1217 0 0 72.5006 55578 15000 9040 1.2589244 6
0.1218 0 0 72.5056 55580 15000 9002 1.2503968 14
0.1219 0 0 72.5138 55581 15000 9198 1.280852 9
0.122 0 0 72.5161 55583 15000 8950 1.2457544 10
0.1221 0 0 72.519 55585 15000 8958 1.2441196 11
0.1222 0 0 72.5165 55586 15000 9137 1.2733884 7
0.1223 0 0 72.5175 55588 15000 9115 1.2687716 10
0.1224 0 0 72.5145 55589 15000 8895 1.238564 12
0.1225 0 0 72.5161 55591 15000 9070 1.2601828 11
0.1226 0 0 72.5143 55593 15000 9205 1.2815832 5
0.1227 0 0 72.5174 55594 15000 9034 1.2560904 5
0.1228 0 0 72.5172 55596 15000 9088 1.2645064 11
0.1229 0 0 72.5232 55597 15000 9104 1.2654816 10
0.123 0 0 72.5273 55599 15000 9181 1.2727192 6
0.1231 0 0 72.5357 55601 15000 9106 1.2688976 9
0.1232 0 0 72.54 55602 15000 9117 1.2666028 9
0.1233 0 0 72.5495 55604 15000 9256 1.2859188 15
0.1234 0 0 72.5538 55605 15000 9042 1.2564948 7
0.1235 0 0 72.5604 55607 15000 9024 1.2564144 7
0.1236 0 0 72.5618 55609 15000 9076 1.2629864 7
0.1237 0 0 72.5627 55610 15000 9047 1.2601004 10
0.1238 0 0 72.5579 55612 15000 8954 1.2469096 9
0.1239 0 0 72.5555 55613 15000 9055 1.2636864 11
0.124 0 0 72.5484 55615 15000 9032 1.2584344 12
0.1241 0 0 72.5441 55617 15000 9054 1.2537216 9
0.1242 0 0 72.5357 55618 15000 9095 1.2652768 4
0.1243 0 0 72.5347 55620 15000 9122 1.2681816 5
0.1244 0 0 72.5313 55621 15000 8933 1.243358 9
0.1245 0 0 72.5345 55623 15000 9100 1.267702 9
0.1246 0 0 72.5345 55625 15000 9120 1.2705 9
0.1247 0 0 72.5397 55626 15000 9152 1.2742096 3
0.1248 0 0 72.5418 55628 15000 9066 1.256964 12
0.1249 0 0 72.5482 55630 15000 9049 1.257982 9
0.125 0 0 72.5504 55631 15000 9087 1.265016 8
