0.115 0 0 154.543 27794 20000 14480 1.4132872 13
0.1151 0 0 154.539 27796 20000 14571 1.4268844 18
0.1152 0 0 154.544 27798 20000 14396 1.4110848 13
0.1153 0 0 154.55 27799 20000 14418 1.4127368 7
0.1154 0 0 154.558 27801 20000 14555 1.4235688 13
0.1155 0 0 154.57 27803 20000 14392 1.4090788 12
0.1156 0 0 154.572 27804 20000 14401 1.409368 16
0.1157 0 0 154.578 27806 20000 14506 1.4192844 11
0.1158 0 0 154.566 27808 20000 14494 1.4202412 13
0.1159 0 0 154.558 27810 20000 14541 1.42056 13
0.116 0 0 154.535 27812 20000 14555 1.4214508 8
0.1161 0 0 154.525 27813 20000 14582 1.4277508 13
0.1162 0 0 154.515 27815 20000 14597 1.426758 4
0.1163 0 0 154.515 27817 20000 14595 1.4272876 13
0.1164 0 0 154.524 27819 20000 14347 1.4021368 15
0.1165 0 0 154.533 27820 20000 14474 1.4145912 12
0.1166 0 0 154.555 27822 20000 14390 1.405066 11
0.1167 0 0 154.564 27824 20000 14383 1.408902 17
0.1168 0 0 154.582 27826 20000 14685 1.4386552 19
0.1169 0 0 154.584 27827 20000 14344 1.4042736 12
0.117 0 0 154.589 27829 20000 14365 1.4085576 8
0.1171 0 0 154.578 27831 20000 14412 1.4094112 8
0.1172 0 0 154.57 27833 20000 14623 1.4294604 12
0.1173 0 0 154.558 27834 20000 14456 1.413164 6
0.1174 0 0 154.551 27836 20000 14455 1.4124604 13
0.1175 0 0 154.553 27838 20000 14480 1.4153808 14
0.1176 0 0 154.552 27840 20000 14564 1.4220684 12
0.1177 0 0 154.568 27841 20000 14512 1.419092 17
0.1178 0 0 154.571 27843 20000 14489 1.4210528 12
0.1179 0 0 154.589 27845 20000 14519 1.4200712 16
0.118 0 0 154.591 27847 20000 14455 1.4131684 11
0.1181 0 0 154.597 27848 20000 14516 1.4220476 12
0.1182 0 0 154.586 27850 20000 14536 1.4252744 11
0.1183 0 0 154.575 27852 20000 14537 1.4211216 13
0.1184 0 0 154.562 27854 20000 14474 1.4191948 16
0.1185 0 0 154.545 27855 20000 14495 1.416228 11
0.1186 0 0 154.539 27857 20000 14524 1.4214348 11
0.1187 0 0 154.527 27859 20000 14576 1.4281984 12
0.1188 0 0 154.534 27861 20000 14620 1.4297488 19
0.1189 0 0 154.53 27862 20000 14556 1.4233832 9
0.119 0 0 154.546 27864 20000 14675 1.4388204 9
0.1191 0 0 154.551 27866 20000 14495 1.4223948 18
0.1192 0 0 154.562 27868 20000 14725 1.4438768 16
0.1193 0 0 154.562 27869 20000 14450 1.41585 12
0.1194 0 0 154.564 27871 20000 14533 1.4240512 14
0.1195 0 0 154.562 27873 20000 14532 1.4227704 10
0.1196 0 0 154.557 27875 20000 14571 1.426632 13
0.1197 0 0 154.553 27876 20000 14777 1.4436984 13
0.1198 0 0 154.54 27878 20000 14486 1.4171604 18
0.1199 0 0 154.539 27880 20000 14533 1.4232792 14
0.12 0 0 154.528 27882 20000 14456 1.41338 13
0.1201 0 0 154.535 27883 20000 14563 1.4216096 8
0.1202 0 0 154.533 27885 20000 14628 1.4281828 10
0.1203 0 0 154.545 27887 20000 14690 1.4418564 17
0.1204 0 0 154.55 27889 20000 14530 1.4224684 14
0.1205 0 0 154.559 27890 20000 14562 1.4286948 22
0.1206 0 0 154.563 27892 20000 14733 1.4417524 22
0.1207 0 0 154.562 27894 20000 14645 1.4337056 16
0.1208 0 0 154.56 27895 20000 14545 1.4251616 21
0.1209 0 0 154.548 27897 20000 14696 1.4360044 18
0.121 0 0 154.548 27899 20000 14590 1.4279584 19
0.1211 0 0 154.537 27901 20000 14536 1.4206756 18
0.1212 0 0 154.543 27903 20000 14397 1.4125384 21
0.1213 0 0 154.537 27904 20000 14486 1.4214068 23
0.1214 0 0 154.547 27906 20000 14477 1.42018 36
0.1215 0 0 154.549 27908 20000 14579 1.4261372 14
0.1216 0 0 154.558 27910 20000 14574 1.4311556 22
0.1217 0 0 154.561 27911 20000 14511 1.4200148 13
0.1218 0 0 154.561 27913 20000 14574 1.4283092 16
0.1219 0 0 154.563 27915 20000 14643 1.4351264 19
0.122 0 0 154.553 27917 20000 14672 1.4368304 19
0.1221 0 0 154.553 27918 20000 14556 1.4225196 21
0.1222 0 0 154.537 27920 20000 14506 1.4232 21
0.1223 0 0 154.537 27922 20000 14539 1.4232776 20
0.1224 0 0 154.524 27923 20000 14603 1.4273224 23
0.1225 0 0 154.534 27925 20000 14555 1.421076 15
0.1226 0 0 154.536 27927 20000 14572 1.4300552 28
0.1227 0 0 154.553 27929 20000 14546 1.4248488 25
0.1228 0 0 154.564 27930 20000 14280 1.3991064 23
0.1229 0 0 154.572 27932 20000 14545 1.424016 33
0.123 0 0 154.575 27934 20000 14534 1.4240728 25
0.1231 0 0 154.567 27936 20000 14607 1.4287924 25
0.1232 0 0 154.566 27937 20000 14424 1.4163148 26
0.1233 0 0 154.551 27939 20000 14486 1.416842 30
0.1234 0 0 154.551 27941 20000 14643 1.435294 32
0.1235 0 0 154.54 27942 20000 14819 1.4514864 17
0.1236 0 0 154.546 27944 20000 14546 1.4253776 25
0.1237 0 0 154.545 27946 20000 14633 1.4332688 20
0.1238 0 0 154.556 27948 20000 14353 1.407646 16
0.1239 0 0 154.561 27949 20000 14455 1.4146108 35
0.124 0 0 154.571 27951 20000 14544 1.4252032 37
0.1241 0 0 154.577 27953 20000 14579 1.4319676 43
0.1242 0 0 154.578 27955 20000 14712 1.4414528 58
0.1243 0 0 154.584 27956 20000 14499 1.4226748 62
0.1244 0 0 154.577 27958 20000 14672 1.4361036 73
0.1245 0 0 154.578 27960 20000 14509 1.4222208 94
0.1246 0 0 154.563 27962 20000 14458 1.4196824 103
0.1247 0 0 154.562 27963 20000 14497 1.4172632 125
0.1248 0 0 154.548 27965 20000 14528 1.4274676 171
0.1249 0 0 154.549 27967 20000 14605 1.4320896 185
0.125 0 0 154.546 27969 20000 14681 1.4363716 217
0.1251 0 0 154.543 27971 20000 14598 1.4324292 235
0.1252 0 0 154.546 27972 20000 14756 1.4471804 268
0.1253 0 0 154.54 27974 20000 14638 1.4371024 313
0.1254 0 0 154.545 27976 20000 14446 1.4158376 418
0.1255 0 0 154.537 27978 20000 14627 1.4316212 524
0.1256 0 0 154.538 27979 20000 14683 1.435888 646
0.1257 0 0 154.523 27981 20000 14646 1.4304576 950
0.1258 0 0 154.525 27983 20000 14570 1.424064 1273
0.1259 0 0 154.517 27984 20000 14547 1.424044 1574
0.126 0 0 154.524 27986 20000 14598 1.428622 1782
0.1261 0 0 154.526 27988 20000 14533 1.4180604 2087
0.1262 0 0 154.531 27990 20000 14707 1.4357908 2381
0.1263 0 0 154.541 27992 20000 14658 1.4245388 2721
0.1264 0 0 154.54 27993 20000 14866 1.4441528 3424
0.1265 0 0 154.548 27995 20000 14707 1.4353504 4329
0.1266 0 0 154.542 27997 20000 14798 1.44305 4867
0.1267 0 0 154.543 27999 20000 14698 1.4273112 3893
0.1268 0 0 154.532 28001 20000 14733 1.4361632 2308
0.1269 0 0 154.532 28002 20000 14594 1.427452 1242
0.127 0 0 154.529 28004 20000 14632 1.4347268 700
0.1271 0 0 154.531 28006 20000 14713 1.4412684 488
0.1272 0 0 154.54 28008 20000 14822 1.4536944 399
0.1273 0 0 154.541 28009 20000 14393 1.4139516 305
0.1274 0 0 154.553 28011 20000 14472 1.4185624 255
0.1275 0 0 154.549 28013 20000 14527 1.4239448 215
0.1276 0 0 154.559 28015 20000 14630 1.430706 198
0.1277 0 0 154.553 28016 20000 14621 1.4335856 180
0.1278 0 0 154.556 28018 20000 14485 1.420004 167
0.1279 0 0 154.547 28020 20000 14609 1.43188 153
0.128 0 0 154.542 28022 20000 14501 1.4238136 161
0.1281 0 0 154.536 28023 20000 14582 1.4308744 118
0.1282 0 0 154.53 28025 20000 14466 1.4212632 99
0.1283 0 0 154.534 28027 20000 14368 1.4156128 90
0.1284 0 0 154.533 28029 20000 14489 1.422642 101
0.1285 0 0 154.544 28030 20000 14556 1.428126 92
0.1286 0 0 154.543 28032 20000 14677 1.4436412 90
0.1287 0 0 154.552 28034 20000 14661 1.4387968 75
0.1288 0 0 154.547 28035 20000 14604 1.43018 72
0.1289 0 0 154.548 28037 20000 14650 1.4382544 79
0.129 0 0 154.536 28039 20000 14750 1.444606 53
0.1291 0 0 154.529 28041 20000 14556 1.4258144 59
0.1292 0 0 154.519 28042 20000 14460 1.4148488 46
0.1293 0 0 154.517 28044 20000 14519 1.4255064 56
0.1294 0 0 154.522 28046 20000 14606 1.4312204 58
0.1295 0 0 154.524 28048 20000 14417 1.4152952 46
0.1296 0 0 154.537 28049 20000 14486 1.4225156 51
0.1297 0 0 154.542 28051 20000 14598 1.4301084 49
0.1298 0 0 154.556 28053 20000 14591 1.4318668 46
0.1299 0 0 154.555 28055 20000 14596 1.4326208 44
0.13 0 0 154.561 28056 20000 14532 1.4258244 34
0.1301 0 0 154.55 28058 20000 14807 1.451368 48
0.1302 0 0 154.551 28060 20000 14540 1.427714 47
0.1303 0 0 154.539 28061 20000 14681 1.4388724 41
0.1304 0 0 154.537 28063 20000 14540 1.4231296 37
0.1305 0 0 154.53 28065 20000 14537 1.428138 28
0.1306 0 0 154.529 28067 20000 14577 1.4283796 28
0.1307 0 0 154.532 28068 20000 14568 1.4337552 41
0.1308 0 0 154.529 28070 20000 14563 1.4266208 37
0.1309 0 0 154.539 28072 20000 14650 1.43634 41
0.131 0 0 154.536 28073 20000 14525 1.424862 44
0.1311 0 0 154.548 28075 20000 14371 1.4096276 33
0.1312 0 0 154.547 28077 20000 14594 1.4319944 43
0.1313 0 0 154.557 28079 20000 14483 1.4185808 39
0.1314 0 0 154.555 28081 20000 14594 1.4351756 29
0.1315 0 0 154.558 28082 20000 14480 1.4177704 37
0.1316 0 0 154.555 28084 20000 14609 1.4285164 33
0.1317 0 0 154.548 28086 20000 14625 1.4345648 33
0.1318 0 0 154.545 28088 20000 14781 1.4508536 29
0.1319 0 0 154.531 28090 20000 14596 1.4351392 32
0.132 0 0 154.533 28091 20000 14495 1.42691 34
0.1321 0 0 154.524 28093 20000 14541 1.4243168 33
0.1322 0 0 154.535 28095 20000 14595 1.4310596 36
0.1323 0 0 154.538 28097 20000 14502 1.4254904 27
0.1324 0 0 154.552 28098 20000 14589 1.4313632 40
0.1325 0 0 154.561 28100 20000 14415 1.4142472 31
0.1326 0 0 154.568 28102 20000 14467 1.4200456 29
0.1327 0 0 154.572 28103 20000 14542 1.4288108 35
0.1328 0 0 154.566 28105 20000 14740 1.4474492 27
0.1329 0 0 154.567 28107 20000 14740 1.4435416 20
0.133 0 0 154.553 28109 20000 14639 1.43401 20
0.1331 0 0 154.555 28111 20000 14510 1.4204432 25
0.1332 0 0 154.544 28112 20000 14696 1.4422752 33
0.1333 0 0 154.549 28114 20000 14729 1.4437432 18
0.1334 0 0 154.548 28116 20000 14547 1.425602 34
0.1335 0 0 154.556 28118 20000 14439 1.4154024 34
0.1336 0 0 154.564 28119 20000 14505 1.4226088 23
0.1337 0 0 154.568 28121 20000 14471 1.4219412 42
0.1338 0 0 154.579 28123 20000 14595 1.4319196 24
0.1339 0 0 154.574 28125 20000 14472 1.42452 41
0.134 0 0 154.58 28126 20000 14780 1.4537128 24
0.1341 0 0 154.569 28128 20000 14394 1.4131868 31
0.1342 0 0 154.57 28130 20000 14670 1.4374652 27
0.1343 0 0 154.559 28132 20000 14721 1.4450356 34
0.1344 0 0 154.557 28134 20000 14595 1.4325424 34
0.1345 0 0 154.555 28135 20000 14495 1.427032 28
0.1346 0 0 154.553 28137 20000 14566 1.4318852 25
0.1347 0 0 154.563 28139 20000 14384 1.4149816 21
0.1348 0 0 154.559 28141 20000 14720 1.4478524 29
0.1349 0 0 154.57 28143 20000 14531 1.4279128 33
0.135 0 0 154.567 28145 20000 14524 1.4250656 30
