0.11 0 0 120.269 34516 15000 10286 1.0969064 11
0.1101 0 0 120.268 34518 15000 10266 1.097966 9
0.1102 0 0 120.257 34519 15000 10243 1.0948236 8
0.1103 0 0 120.257 34521 15000 10304 1.1035284 11
0.1104 0 0 120.25 34522 15000 10432 1.1173092 5
0.1105 0 0 120.251 34523 15000 10289 1.1059604 12
0.1106 0 0 120.251 34525 15000 10194 1.0912548 6
0.1107 0 0 120.254 34526 15000 10175 1.0891776 9
0.1108 0 0 120.257 34528 15000 10293 1.1012756 7
0.1109 0 0 120.258 34529 15000 10317 1.10357 7
0.111 0 0 120.262 34531 15000 10154 1.0894244 4
0.1111 0 0 120.259 34532 15000 10354 1.1087104 6
0.1112 0 0 120.263 34534 15000 10193 1.0912188 10
0.1113 0 0 120.258 34535 15000 10290 1.1033436 9
0.1114 0 0 120.263 34537 15000 10179 1.09004 6
0.1115 0 0 120.262 34538 15000 10470 1.1170216 9
0.1116 0 0 120.267 34539 15000 10264 1.0984164 5
0.1117 0 0 120.269 34541 15000 10281 1.101484 8
0.1118 0 0 120.269 34542 15000 10178 1.087896 7
0.1119 0 0 120.273 34544 15000 10236 1.094484 7
0.112 0 0 120.271 34545 15000 10328 1.1045132 8
0.1121 0 0 120.275 34547 15000 10253 1.1000824 7
0.1122 0 0 120.27 34548 15000 10302 1.1031244 9
0.1123 0 0 120.273 34549 15000 10183 1.0898208 8
0.1124 0 0 120.269 34551 15000 10455 1.1225128 7
0.1125 0 0 120.274 34552 15000 10334 1.1020624 10
0.1126 0 0 120.276 34554 15000 10256 1.0953912 7
0.1127 0 0 120.277 34555 15000 10391 1.113926 9
0.1128 0 0 120.282 34556 15000 10209 1.0949296 5
0.1129 0 0 120.278 34558 15000 10311 1.1020636 10
0.113 0 0 120.282 34559 15000 10398 1.1142164 16
0.1131 0 0 120.275 34561 15000 10249 1.0998392 13
0.1132 0 0 120.278 34562 15000 10424 1.1159556 5
0.1133 0 0 120.274 34563 15000 10300 1.1016704 7
0.1134 0 0 120.276 34565 15000 10290 1.1008392 6
0.1135 0 0 120.276 34566 15000 10354 1.1075444 6
0.1136 0 0 120.277 34568 15000 10361 1.1104816 10
0.1137 0 0 120.284 34569 15000 10170 1.08453 7
0.1138 0 0 120.283 34571 15000 10238 1.0923832 2
0.1139 0 0 120.292 34572 15000 10198 1.0952768 3
0.114 0 0 120.292 34573 15000 10273 1.0986904 6
0.1141 0 0 120.297 34575 15000 10243 1.0950724 2
0.1142 0 0 120.297 34576 15000 10296 1.097296 13
0.1143 0 0 120.294 34577 15000 10322 1.107148 13
0.1144 0 0 120.291 34579 15000 10302 1.1012736 8
0.1145 0 0 120.284 34580 15000 10214 1.094852 12
0.1146 0 0 120.284 34582 15000 10325 1.10729 10
0.1147 0 0 120.276 34583 15000 10306 1.1037472 4
0.1148 0 0 120.282 34585 15000 10211 1.0962424 8
0.1149 0 0 120.281 34586 15000 10371 1.111162 12
0.115 0 0 120.287 34588 15000 10337 1.1070292 7
0.1151 0 0 120.288 34589 15000 10166 1.0869744 10
0.1152 0 0 120.29 34590 15000 10192 1.0940128 8
0.1153 0 0 120.292 34592 15000 10467 1.11952 10
0.1154 0 0 120.29 34593 15000 10193 1.0925176 12
0.1155 0 0 120.293 34595 15000 10359 1.10472 5
0.1156 0 0 120.289 34596 15000 10220 1.092584 8
0.1157 0 0 120.295 34598 15000 10408 1.1138176 8
0.1158 0 0 120.292 34599 15000 10168 1.0911888 5
0.1159 0 0 120.299 34601 15000 10271 1.100872 12
0.116 0 0 120.3 34602 15000 10341 1.1043756 9
0.1161 0 0 120.306 34603 15000 10145 1.0866588 13
0.1162 0 0 120.307 34605 15000 10319 1.1029724 9
0.1163 0 0 120.306 34606 15000 10149 1.0893664 8
0.1164 0 0 120.307 34608 15000 10336 1.107482 16
0.1165 0 0 120.303 34609 15000 10220 1.0934924 13
0.1166 0 0 120.304 34611 15000 10252 1.099932 9
0.1167 0 0 120.298 34612 15000 10175 1.0922416 9
0.1168 0 0 120.302 34614 15000 10236 1.0966124 5
0.1169 0 0 120.297 34615 15000 10201 1.0898884 12
0.117 0 0 120.302 34616 15000 10133 1.085142 12
0.1171 0 0 120.301 34618 15000 10259 1.0984688 14
0.1172 0 0 120.305 34619 15000 10317 1.1041968 9
0.1173 0 0 120.304 34621 15000 10204 1.0923596 13
0.1174 0 0 120.304 34622 15000 10380 1.1134704 13
0.1175 0 0 120.302 34624 15000 10342 1.1096868 13
0.1176 0 0 120.298 34625 15000 10270 1.1031488 13
0.1177 0 0 120.299 34627 15000 10321 1.105708 14
0.1178 0 0 120.294 34628 15000 10269 1.1005352 12
0.1179 0 0 120.298 34630 15000 10336 1.1089432 20
0.118 0 0 120.295 34631 15000 10182 1.092106 17
0.1181 0 0 120.301 34633 15000 10311 1.1065348 15
0.1182 0 0 120.3 34634 15000 10280 1.097956 18
0.1183 0 0 120.303 34635 15000 9996 1.074274 17
0.1184 0 0 120.303 34637 15000 10146 1.0904724 19
0.1185 0 0 120.303 34638 15000 10187 1.0931528 19
0.1186 0 0 120.305 34640 15000 10329 1.1081876 23
0.1187 0 0 120.304 34641 15000 10226 1.09341 20
0.1188 0 0 120.307 34643 15000 10164 1.0871004 36
0.1189 0 0 120.303 34644 15000 10173 1.0912748 48
0.119 0 0 120.307 34646 15000 10348 1.1090028 68
0.1191 0 0 120.303 34647 15000 10099 1.0793568 73
0.1192 0 0 120.306 34648 15000 10345 1.1067164 97
0.1193 0 0 120.304 34650 15000 10112 1.0829676 120
0.1194 0 0 120.306 34651 15000 10157 1.0877272 136
0.1195 0 0 120.308 34653 15000 10385 1.1112968 165
0.1196 0 0 120.307 34654 15000 10310 1.1046588 227
0.1197 0 0 120.313 34656 15000 10346 1.1045712 265
0.1198 0 0 120.313 34657 15000 10222 1.0973088 261
0.1199 0 0 120.321 34658 15000 10139 1.0858828 308
0.12 0 0 120.32 34660 15000 10397 1.112792 376
0.1201 0 0 120.326 34661 15000 10209 1.0951576 423
0.1202 0 0 120.327 34663 15000 10182 1.09171 591
0.1203 0 0 120.33 34664 15000 10242 1.0927792 860
0.1204 0 0 120.332 34665 15000 10287 1.1012904 1155
0.1205 0 0 120.33 34667 15000 10329 1.1054224 1397
0.1206 0 0 120.335 34668 15000 10295 1.0983124 1607
0.1207 0 0 120.332 34670 15000 10363 1.1094904 1815
0.1208 0 0 120.337 34671 15000 10347 1.1069032 1943
0.1209 0 0 120.334 34673 15000 10415 1.1073068 2321
0.121 0 0 120.34 34674 15000 10525 1.1162536 2729
0.1211 0 0 120.338 34676 15000 10428 1.1078972 3183
0.1212 0 0 120.342 34677 15000 10477 1.1146416 3650
0.1213 0 0 120.34 34679 15000 10435 1.1087696 4227
0.1214 0 0 120.338 34680 15000 10328 1.0971208 4140
0.1215 0 0 120.335 34681 15000 10359 1.1042876 2949
0.1216 0 0 120.326 34683 15000 10298 1.100758 1749
0.1217 0 0 120.325 34684 15000 10166 1.0911616 879
0.1218 0 0 120.316 34686 15000 10180 1.0907996 615
0.1219 0 0 120.319 34687 15000 10201 1.091918 403
0.122 0 0 120.315 34689 15000 10210 1.093934 350
0.1221 0 0 120.323 34690 15000 10229 1.0991172 265
0.1222 0 0 120.326 34691 15000 10253 1.0997268 216
0.1223 0 0 120.331 34693 15000 10348 1.110766 189
0.1224 0 0 120.333 34694 15000 10318 1.1056624 189
0.1225 0 0 120.333 34696 15000 10272 1.102546 175
0.1226 0 0 120.334 34697 15000 10319 1.10978 155
0.1227 0 0 120.328 34699 15000 10153 1.0878368 142
0.1228 0 0 120.326 34700 15000 10281 1.1043796 119
0.1229 0 0 120.316 34702 15000 10216 1.0970448 99
0.123 0 0 120.316 34703 15000 10199 1.0947216 95
0.1231 0 0 120.307 34705 15000 10283 1.1025476 84
0.1232 0 0 120.31 34706 15000 10305 1.1063392 85
0.1233 0 0 120.309 34707 15000 10201 1.0902276 81
0.1234 0 0 120.312 34709 15000 10268 1.1035428 76
0.1235 0 0 120.317 34710 15000 10318 1.1051192 73
0.1236 0 0 120.317 34712 15000 10274 1.1019844 57
0.1237 0 0 120.321 34713 15000 10292 1.1042032 59
0.1238 0 0 120.316 34714 15000 10121 1.0816784 69
0.1239 0 0 120.318 34716 15000 10081 1.0846792 46
0.124 0 0 120.308 34717 15000 10179 1.0929504 50
0.1241 0 0 120.308 34719 15000 10314 1.1055424 47
0.1242 0 0 120.303 34720 15000 10149 1.087748 45
0.1243 0 0 120.302 34722 15000 10276 1.1025404 52
0.1244 0 0 120.303 34723 15000 10291 1.103332 35
0.1245 0 0 120.302 34724 15000 10286 1.103784 37
0.1246 0 0 120.308 34726 15000 10340 1.1091248 36
0.1247 0 0 120.307 34727 15000 10408 1.119074 28
0.1248 0 0 120.313 34729 15000 10282 1.1024228 45
0.1249 0 0 120.312 34730 15000 10268 1.1034508 25
0.125 0 0 120.317 34732 15000 10212 1.0966844 32
0.1251 0 0 120.315 34733 15000 10269 1.0989928 39
0.1252 0 0 120.313 34734 15000 10395 1.1140804 33
0.1253 0 0 120.31 34736 15000 10218 1.0960316 33
0.1254 0 0 120.305 34737 15000 10093 1.0802724 36
0.1255 0 0 120.306 34739 15000 10328 1.1070544 37
0.1256 0 0 120.303 34740 15000 10386 1.1142312 33
0.1257 0 0 120.307 34742 15000 10202 1.0958716 22
0.1258 0 0 120.302 34743 15000 10243 1.0990332 22
0.1259 0 0 120.306 34745 15000 10186 1.0965496 31
0.126 0 0 120.301 34746 15000 10277 1.103306 20
0.1261 0 0 120.303 34748 15000 10290 1.1046552 27
0.1262 0 0 120.301 34749 15000 10147 1.0908616 19
0.1263 0 0 120.302 34750 15000 10131 1.091042 19
0.1264 0 0 120.303 34752 15000 10375 1.111904 27
0.1265 0 0 120.301 34753 15000 10218 1.0979332 24
0.1266 0 0 120.307 34755 15000 10191 1.0939824 29
0.1267 0 0 120.305 34756 15000 10423 1.1178072 20
0.1268 0 0 120.312 34758 15000 10189 1.0947264 24
0.1269 0 0 120.311 34759 15000 10179 1.0963568 35
0.127 0 0 120.319 34760 15000 10128 1.0866872 32
0.1271 0 0 120.321 34762 15000 10347 1.1128336 19
0.1272 0 0 120.324 34763 15000 10394 1.1150476 21
0.1273 0 0 120.326 34765 15000 10212 1.0976316 25
0.1274 0 0 120.322 34766 15000 10261 1.0995356 23
0.1275 0 0 120.325 34767 15000 10335 1.1107212 13
0.1276 0 0 120.32 34769 15000 10256 1.1022464 18
0.1277 0 0 120.323 34770 15000 10287 1.105686 24
0.1278 0 0 120.319 34772 15000 10308 1.1054376 26
0.1279 0 0 120.322 34773 15000 10259 1.0999456 26
0.128 0 0 120.322 34775 15000 10295 1.1036408 26
0.1281 0 0 120.324 34776 15000 10200 1.096302 12
0.1282 0 0 120.329 34777 15000 10337 1.109108 18
0.1283 0 0 120.329 34779 15000 10185 1.0921968 16
0.1284 0 0 120.333 34780 15000 10338 1.107682 14
0.1285 0 0 120.328 34781 15000 10233 1.0983328 16
0.1286 0 0 120.329 34783 15000 10211 1.0954364 18
0.1287 0 0 120.324 34784 15000 10261 1.100164 21
0.1288 0 0 120.323 34786 15000 10368 1.1120044 20
0.1289 0 0 120.321 34787 15000 10101 1.0827376 10
0.129 0 0 120.319 34789 15000 10265 1.1030976 15
0.1291 0 0 120.322 34790 15000 10301 1.105822 23
0.1292 0 0 120.32 34792 15000 10334 1.110144 16
0.1293 0 0 120.324 34793 15000 10186 1.095232 17
0.1294 0 0 120.32 34794 15000 10094 1.086672 17
0.1295 0 0 120.324 34796 15000 10247 1.097146 20
0.1296 0 0 120.322 34797 15000 10171 1.09345 14
0.1297 0 0 120.321 34798 15000 10257 1.0997896 21
0.1298 0 0 120.324 34800 15000 10079 1.0829244 17
0.1299 0 0 120.322 34801 15000 10333 1.1086792 20
0.13 0 0 120.328 34803 15000 10255 1.1007512 16