0.105 0 0 61.5699 59361 15000 8935 1.2993284 2
0.1051 0 0 61.57 59363 15000 8845 1.28762 4
0.1052 0 0 61.5745 59364 15000 8941 1.2961648 7
0.1053 0 0 61.576 59366 15000 9029 1.3041692 3
0.1054 0 0 61.5808 59367 15000 8983 1.3056048 7
0.1055 0 0 61.5825 59369 15000 9005 1.3118356 3
0.1056 0 0 61.5849 59371 15000 9070 1.316886 4
0.1057 0 0 61.5836 59372 15000 8893 1.2933896 4
0.1058 0 0 61.5833 59374 15000 9162 1.326216 6
0.1059 0 0 61.5792 59376 15000 9023 1.3094824 4
0.106 0 0 61.5771 59377 15000 9092 1.3157568 8
0.1061 0 0 61.5742 59379 15000 8980 1.3062764 6
0.1062 0 0 61.5777 59381 15000 8965 1.2997388 3
0.1063 0 0 61.5815 59382 15000 9045 1.3110956 4
0.1064 0 0 61.5888 59384 15000 8967 1.3003168 3
0.1065 0 0 61.5949 59386 15000 9062 1.3145896 4
0.1066 0 0 61.5998 59387 15000 8891 1.2875844 5
0.1067 0 0 61.6008 59389 15000 8963 1.3022088 3
0.1068 0 0 61.5979 59391 15000 8979 1.3027252 4
0.1069 0 0 61.594 59392 15000 9015 1.3100204 7
0.107 0 0 61.5905 59394 15000 8947 1.3020796 2
0.1071 0 0 61.5883 59396 15000 9097 1.3183188 4
0.1072 0 0 61.5867 59397 15000 9110 1.319908 4
0.1073 0 0 61.5879 59399 15000 9079 1.3137748 4
0.1074 0 0 61.5902 59401 15000 9037 1.310612 3
0.1075 0 0 61.5935 59402 15000 9131 1.32103 4
0.1076 0 0 61.5941 59404 15000 8953 1.2966584 4
0.1077 0 0 61.5934 59406 15000 8915 1.290292 6
0.1078 0 0 61.5889 59407 15000 8953 1.2999176 7
0.1079 0 0 61.5878 59409 15000 8938 1.2954996 3
0.108 0 0 61.5845 59411 15000 8830 1.2810264 2
0.1081 0 0 61.5839 59412 15000 9028 1.3115016 3
0.1082 0 0 61.5806 59414 15000 9023 1.3053616 5
0.1083 0 0 61.5828 59415 15000 9019 1.3115244 7
0.1084 0 0 61.5837 59417 15000 9037 1.3111736 5
0.1085 0 0 61.5908 59419 15000 9009 1.30767 2
0.1086 0 0 61.5966 59421 15000 9023 1.3091404 5
0.1087 0 0 61.6052 59422 15000 9024 1.3125304 4
0.1088 0 0 61.6095 59424 15000 8986 1.3050836 4
0.1089 0 0 61.613 59426 15000 8988 1.305092 3
0.109 0 0 61.6125 59427 15000 8976 1.2994452 6
0.1091 0 0 61.6109 59429 15000 8991 1.3075584 10
0.1092 0 0 61.6075 59431 15000 9021 1.3109624 6
0.1093 0 0 61.6063 59432 15000 8852 1.2827916 4
0.1094 0 0 61.6063 59434 15000 8929 1.2966384 6
0.1095 0 0 61.6085 59436 15000 8975 1.2993652 8
0.1096 0 0 61.6114 59437 15000 8821 1.2769036 4
0.1097 0 0 61.6142 59439 15000 8919 1.2957828 4
0.1098 0 0 61.6159 59440 15000 8891 1.2923492 6
0.1099 0 0 61.616 59442 15000 8908 1.2938716 8
0.11 0 0 61.6166 59444 15000 9051 1.3172676 6
0.1101 0 0 61.6162 59445 15000 9063 1.3159504 4
0.1102 0 0 61.6177 59447 15000 8860 1.284234 5
0.1103 0 0 61.6172 59449 15000 8950 1.2987584 3
0.1104 0 0 61.6209 59450 15000 9117 1.3220932 6
0.1105 0 0 61.6236 59452 15000 9037 1.3120572 5
0.1106 0 0 61.6279 59454 15000 9041 1.3165312 11
0.1107 0 0 61.629 59455 15000 8999 1.3054876 8
0.1108 0 0 61.6288 59457 15000 8950 1.3023324 7
0.1109 0 0 61.6244 59458 15000 8977 1.3084508 11
0.111 0 0 61.6234 59460 15000 9056 1.318142 5
0.1111 0 0 61.6207 59462 15000 8936 1.2942764 5
0.1112 0 0 61.6234 59463 15000 9042 1.3108024 2
0.1113 0 0 61.6239 59465 15000 9060 1.3121288 10
0.1114 0 0 61.6258 59467 15000 9026 1.3064796 5
0.1115 0 0 61.6241 59468 15000 8882 1.289482 9
0.1116 0 0 61.6234 59470 15000 8944 1.3002472 7
0.1117 0 0 61.6195 59471 15000 9079 1.3193736 12
0.1118 0 0 61.6185 59473 15000 9010 1.3118048 13
0.1119 0 0 61.6153 59475 15000 8879 1.2887988 7
0.112 0 0 61.6164 59477 15000 8993 1.3061916 9
0.1121 0 0 61.6157 59478 15000 8895 1.2913268 4
0.1122 0 0 61.619 59480 15000 9034 1.3106852 8
0.1123 0 0 61.6203 59481 15000 9009 1.3082452 5
0.1124 0 0 61.6241 59483 15000 9015 1.3092708 3
0.1125 0 0 61.6254 59485 15000 8944 1.30219 8
0.1126 0 0 61.6276 59486 15000 8948 1.2972504 7
0.1127 0 0 61.6274 59488 15000 9064 1.3174964 13
0.1128 0 0 61.6282 59490 15000 9011 1.3099884 13
0.1129 0 0 61.6273 59491 15000 8971 1.3046808 7
0.113 0 0 61.6279 59493 15000 8994 1.3095504 9
0.1131 0 0 61.6279 59495 15000 8804 1.2808196 15
0.1132 0 0 61.6288 59496 15000 8952 1.2984256 21
0.1133 0 0 61.6299 59498 15000 9107 1.3211808 10
0.1134 0 0 61.6323 59500 15000 9134 1.32831 21
0.1135 0 0 61.635 59501 15000 8934 1.3000392 23
0.1136 0 0 61.6353 59503 15000 9056 1.31508 23
0.1137 0 0 61.637 59505 15000 9051 1.3178616 22
0.1138 0 0 61.636 59506 15000 9119 1.3245356 23
0.1139 0 0 61.6373 59508 15000 9023 1.3097424 25
0.114 0 0 61.6363 59510 15000 9101 1.3214636 33
0.1141 0 0 61.6385 59511 15000 9030 1.3110548 31
0.1142 0 0 61.6378 59513 15000 8889 1.2933156 42
0.1143 0 0 61.6394 59515 15000 8893 1.2914244 38
0.1144 0 0 61.6377 59516 15000 8986 1.3060436 41
0.1145 0 0 61.6404 59518 15000 9122 1.3290804 66
0.1146 0 0 61.6404 59520 15000 8988 1.3062352 55
0.1147 0 0 61.6414 59521 15000 8953 1.2979816 77
0.1148 0 0 61.6387 59523 15000 9030 1.3086776 77
0.1149 0 0 61.637 59525 15000 8994 1.3018104 104
0.115 0 0 61.632 59526 15000 9109 1.3208436 86
0.1151 0 0 61.6292 59528 15000 8862 1.283606 93
0.1152 0 0 61.6248 59530 15000 8989 1.3046736 119
0.1153 0 0 61.6251 59531 15000 8913 1.2918664 134
0.1154 0 0 61.6255 59533 15000 8925 1.3022204 172
0.1155 0 0 61.6309 59534 15000 8991 1.3081276 199
0.1156 0 0 61.6347 59536 15000 9003 1.3065716 289
0.1157 0 0 61.6402 59537 15000 9136 1.3282564 371
0.1158 0 0 61.6423 59539 15000 8984 1.3079308 443
0.1159 0 0 61.6442 59541 15000 8984 1.3053008 512
0.116 0 0 61.6423 59543 15000 8961 1.3005896 582
0.1161 0 0 61.6378 59544 15000 8986 1.3026304 671
0.1162 0 0 61.6328 59546 15000 9074 1.3187328 837
0.1163 0 0 61.6274 59548 15000 9072 1.3146336 938
0.1164 0 0 61.6269 59549 15000 8981 1.3019892 1070
0.1165 0 0 61.6269 59551 15000 9064 1.3147076 921
0.1166 0 0 61.6321 59553 15000 9142 1.3268664 785
0.1167 0 0 61.6352 59554 15000 9047 1.3151036 520
0.1168 0 0 61.6376 59556 15000 8972 1.3031576 373
0.1169 0 0 61.635 59558 15000 8985 1.3064888 304
0.117 0 0 61.6295 59559 15000 9044 1.3141628 272
0.1171 0 0 61.618 59561 15000 8896 1.2948024 229
0.1172 0 0 61.6078 59563 15000 8929 1.2960364 207
0.1173 0 0 61.5969 59564 15000 9030 1.3127364 193
0.1174 0 0 61.5958 59566 15000 8880 1.288936 159
0.1175 0 0 61.5963 59568 15000 8993 1.3035072 192
0.1176 0 0 61.6081 59569 15000 8912 1.2943572 204
0.1177 0 0 61.623 59571 15000 8965 1.300924 200
0.1178 0 0 61.6361 59573 15000 9024 1.3137852 218
0.1179 0 0 61.6443 59574 15000 9065 1.3192792 221
0.118 0 0 61.6474 59576 15000 8894 1.2930892 253
0.1181 0 0 61.6431 59578 15000 9073 1.3190908 327
0.1182 0 0 61.6336 59579 15000 8932 1.2968124 311
0.1183 0 0 61.6224 59581 15000 8850 1.2867276 409
0.1184 0 0 61.6079 59583 15000 8935 1.2961356 499
0.1185 0 0 61.6016 59584 15000 8983 1.3050872 683
0.1186 0 0 61.5992 59586 15000 8956 1.30435 906
0.1187 0 0 61.6032 59588 15000 8982 1.305804 1143
0.1188 0 0 61.611 59589 15000 9085 1.3174976 1410
0.1189 0 0 61.6229 59591 15000 8966 1.2963712 1625
0.119 0 0 61.6365 59593 15000 8993 1.3043196 2091
0.1191 0 0 61.6471 59594 15000 9068 1.314216 2240
0.1192 0 0 61.653 59596 15000 9062 1.3083108 2613
0.1193 0 0 61.6542 59598 15000 9006 1.3004256 2807
0.1194 0 0 61.6493 59599 15000 9006 1.3046372 3194
0.1195 0 0 61.6421 59601 15000 9033 1.3047336 3419
0.1196 0 0 61.6317 59603 15000 8913 1.28728 3898
0.1197 0 0 61.6275 59604 15000 8992 1.296484 4252
0.1198 0 0 61.6227 59606 15000 8958 1.294864 4497
0.1199 0 0 61.6279 59607 15000 9061 1.3031096 4284
0.12 0 0 61.6327 59609 15000 8971 1.2958216 3718
0.1201 0 0 61.644 59611 15000 9061 1.3096068 3012
0.1202 0 0 61.6511 59612 15000 9007 1.3043256 2233
0.1203 0 0 61.6571 59614 15000 9112 1.3247084 1567
0.1204 0 0 61.6577 59615 15000 9002 1.3043148 1138
0.1205 0 0 61.6537 59617 15000 9039 1.3142908 833
0.1206 0 0 61.6445 59619 15000 9030 1.3153084 642
0.1207 0 0 61.6339 59620 15000 9013 1.30751 486
0.1208 0 0 61.6215 59622 15000 9059 1.3148188 335
0.1209 0 0 61.6131 59624 15000 8903 1.2978648 310
0.121 0 0 61.6035 59625 15000 9029 1.311946 263
0.1211 0 0 61.6049 59627 15000 8882 1.2921648 218
0.1212 0 0 61.6078 59628 15000 8899 1.2962384 205
0.1213 0 0 61.6201 59630 15000 8961 1.3029492 187
0.1214 0 0 61.63 59632 15000 9022 1.3118724 136
0.1215 0 0 61.6423 59633 15000 8978 1.3081412 152
0.1216 0 0 61.6497 59635 15000 9039 1.3187492 116
0.1217 0 0 61.6523 59637 15000 8863 1.2916504 77
0.1218 0 0 61.6484 59638 15000 8941 1.3008508 82
0.1219 0 0 61.6402 59640 15000 9044 1.3156992 79
0.122 0 0 61.6274 59641 15000 8820 1.2862016 73
0.1221 0 0 61.6114 59643 15000 9035 1.3133904 47
0.1222 0 0 61.6021 59645 15000 8996 1.3115844 53
0.1223 0 0 61.5977 59646 15000 8963 1.3064968 50
0.1224 0 0 61.5974 59648 15000 8973 1.3103596 39
0.1225 0 0 61.6065 59650 15000 9055 1.3199872 39
0.1226 0 0 61.6183 59651 15000 9049 1.3164596 28
0.1227 0 0 61.6337 59653 15000 8975 1.306442 28
0.1228 0 0 61.6425 59654 15000 8912 1.293854 30
0.1229 0 0 61.6481 59656 15000 9114 1.3276456 35
0.123 0 0 61.6457 59658 15000 8904 1.2977092 16
0.1231 0 0 61.6353 59659 15000 9106 1.3291228 21
0.1232 0 0 61.6214 59661 15000 9132 1.329162 13
0.1233 0 0 61.6047 59663 15000 9046 1.3172784 15
0.1234 0 0 61.5956 59665 15000 8876 1.2914376 13
0.1235 0 0 61.5876 59666 15000 9013 1.3111008 16
0.1236 0 0 61.5922 59668 15000 8912 1.3007084 14
0.1237 0 0 61.5994 59670 15000 9013 1.3141104 15
0.1238 0 0 61.6161 59671 15000 9048 1.3248288 11
0.1239 0 0 61.6289 59673 15000 9124 1.3274952 3
0.124 0 0 61.6417 59675 15000 8870 1.2910956 9
0.1241 0 0 61.6493 59676 15000 8881 1.295958 13
0.1242 0 0 61.6519 59678 15000 8994 1.3119024 6
0.1243 0 0 61.6476 59679 15000 8983 1.306884 12
0.1244 0 0 61.6399 59681 15000 9124 1.3282796 14
0.1245 0 0 61.6273 59683 15000 8833 1.2883288 9
0.1246 0 0 61.6171 59684 15000 8901 1.295344 7
0.1247 0 0 61.6061 59686 15000 8850 1.289468 7
0.1248 0 0 61.6061 59688 15000 9055 1.3178496 14
0.1249 0 0 61.6089 59690 15000 9137 1.329342 6
0.125 0 0 61.6216 59691 15000 9109 1.3257992 9
