0.02 0 0 30.0958 2788 1 8986 14787 75
0.0202 0 0 30.0931 2790 1 9012 14823 62
0.0204 0 0 30.0896 2791 1 8980 14781 78
0.0206 0 0 30.0874 2793 1 8997 14907 78
0.0208 0 0 30.084 2794 1 9007 14918 56
0.021 0 0 30.0819 2795 1 8990 14932 57
0.0212 0 0 30.0788 2797 1 9009 14661 51
0.0214 0 0 30.0761 2798 1 8998 14820 56
0.0216 0 0 30.0738 2799 1 8987 14615 58
0.0218 0 0 30.0706 2801 1 8990 14902 51
0.022 0 0 30.0682 2802 1 8983 14797 64
0.0222 0 0 30.0658 2803 1 9002 14768 56
0.0224 0 0 30.0627 2805 1 9009 14749 53
0.0226 0 0 30.0602 2806 1 8983 14808 43
0.0228 0 0 30.0581 2807 1 8997 14926 53
0.023 0 0 30.0547 2809 1 9005 14808 52
0.0232 0 0 30.0526 2810 1 8953 14888 58
0.0234 0 0 30.0499 2811 1 9016 14731 33
0.0236 0 0 30.0471 2813 1 8989 14605 45
0.0238 0 0 30.0443 2814 1 9002 14813 51
0.024 0 0 30.0415 2816 1 8987 14802 49
0.0242 0 0 30.0392 2817 1 8985 14806 37
0.0244 0 0 30.0364 2818 1 8991 14860 46
0.0246 0 0 30.0341 2820 1 8985 14820 45
0.0248 0 0 30.0314 2821 1 8989 14990 32
0.025 0 0 30.0289 2822 1 9013 14914 36
0.0252 0 0 30.0262 2823 1 8987 14733 39
0.0254 0 0 30.0239 2825 1 8986 14628 36
0.0256 0 0 30.0212 2826 1 8998 14777 36
0.0258 0 0 30.0181 2827 1 8994 14831 30
0.026 0 0 30.0159 2829 1 8971 14780 21
0.0262 0 0 30.0133 2830 1 8986 14736 26
0.0264 0 0 30.0106 2832 1 8971 15039 22
0.0266 0 0 30.008 2833 1 8999 14829 31
0.0268 0 0 30.0052 2834 1 8998 14901 30
0.027 0 0 30.0025 2836 1 8992 14637 23
0.0272 0 0 29.9997 2837 1 9000 14930 22
0.0274 0 0 29.9974 2838 1 8998 14959 29
0.0276 0 0 29.9951 2840 1 9027 14926 24
0.0278 0 0 29.9926 2841 1 8976 14881 26
0.028 0 0 29.9903 2842 1 9008 15100 33
0.0282 0 0 29.9876 2843 1 8976 14641 21
0.0284 0 0 29.9852 2845 1 8967 14878 27
0.0286 0 0 29.9825 2846 1 8984 14948 29
0.0288 0 0 29.9801 2847 1 8975 14792 25
0.029 0 0 29.9767 2849 1 8984 14907 23
0.0292 0 0 29.974 2850 1 8961 14823 23
0.0294 0 0 29.9718 2851 1 9003 14835 29
0.0296 0 0 29.9696 2853 1 8995 14882 22
0.0298 0 0 29.967 2854 1 8978 14749 18
0.03 0 0 29.9639 2856 1 9010 14838 31
0.0302 0 0 29.9616 2857 1 8994 14822 20
0.0304 0 0 29.9589 2858 1 8993 14767 18
0.0306 0 0 29.9559 2860 1 8965 14620 17
0.0308 0 0 29.9539 2861 1 8983 15027 28
0.031 0 0 29.9515 2862 1 8974 14852 33
0.0312 0 0 29.9489 2863 1 8960 14673 19
0.0314 0 0 29.9464 2865 1 8978 14763 22
0.0316 0 0 29.9436 2866 1 8985 14582 26
0.0318 0 0 29.9413 2867 1 8978 14782 22
0.032 0 0 29.9389 2869 1 8959 14819 17
0.0322 0 0 29.9362 2870 1 8980 15041 13
0.0324 0 0 29.9335 2872 1 8957 14699 19
0.0326 0 0 29.9309 2873 1 8964 14974 17
0.0328 0 0 29.9282 2874 1 9000 14968 22
0.033 0 0 29.9254 2876 1 8991 15035 15
0.0332 0 0 29.9233 2877 1 8976 14952 22
0.0334 0 0 29.9207 2878 1 9001 14749 18
0.0336 0 0 29.9184 2880 1 8979 14535 18
0.0338 0 0 29.9151 2881 1 8982 15005 12
0.034 0 0 29.9134 2882 1 9002 14767 16
0.0342 0 0 29.9108 2884 1 8992 14805 20
0.0344 0 0 29.9085 2885 1 8985 14707 15
0.0346 0 0 29.9059 2886 1 8974 14893 16
0.0348 0 0 29.9032 2888 1 8993 14687 18
0.035 0 0 29.9006 2889 1 8987 15011 13
0.0352 0 0 29.8979 2891 1 8975 14813 22
0.0354 0 0 29.8946 2892 1 8990 14815 12
0.0356 0 0 29.8921 2893 1 8979 14850 13
0.0358 0 0 29.8893 2895 1 8993 14873 19
0.036 0 0 29.8874 2896 1 9010 14982 21
0.0362 0 0 29.8851 2897 1 8974 14969 18
0.0364 0 0 29.8824 2899 1 8973 14703 7
0.0366 0 0 29.8802 2900 1 8983 14972 18
0.0368 0 0 29.8776 2901 1 8982 14777 12
0.037 0 0 29.8749 2903 1 8965 14749 11
0.0372 0 0 29.8723 2904 1 8968 14630 12
0.0374 0 0 29.8697 2906 1 8978 14787 10
0.0376 0 0 29.8672 2907 1 8972 14858 16
0.0378 0 0 29.8646 2908 1 8998 14783 18
0.038 0 0 29.862 2910 1 8975 14582 9
0.0382 0 0 29.8594 2911 1 8963 14945 19
0.0384 0 0 29.8572 2912 1 8998 14944 19
0.0386 0 0 29.8545 2914 1 8989 14940 10
0.0388 0 0 29.8523 2915 1 8972 14544 6
0.039 0 0 29.8497 2916 1 8986 14642 12
0.0392 0 0 29.8474 2918 1 8963 14955 9
0.0394 0 0 29.8448 2919 1 8965 14852 17
0.0396 0 0 29.8422 2920 1 8996 14611 7
0.0398 0 0 29.8397 2922 1 8960 15028 12
0.04 0 0 29.8371 2923 1 9000 14838 18
0.0402 0 0 29.8345 2925 1 9000 14684 16
0.0404 0 0 29.8319 2926 1 8994 14741 18
0.0406 0 0 29.8297 2927 1 8987 14936 15
0.0408 0 0 29.8271 2929 1 8979 14732 11
0.041 0 0 29.8249 2930 1 8992 14911 10
0.0412 0 0 29.8223 2931 1 8961 14616 5
0.0414 0 0 29.8201 2933 1 8997 14865 8
0.0416 0 0 29.8175 2934 1 8971 14548 4
0.0418 0 0 29.815 2935 1 8981 14750 14
0.042 0 0 29.8125 2937 1 8983 15037 11
0.0422 0 0 29.8099 2938 1 8949 14865 10
0.0424 0 0 29.8074 2940 1 8962 14670 9
0.0426 0 0 29.8042 2941 1 8977 14689 12
0.0428 0 0 29.8024 2942 1 8999 14809 18
0.043 0 0 29.7998 2944 1 8969 14969 16
0.0432 0 0 29.7976 2945 1 8948 15040 9
0.0434 0 0 29.7951 2946 1 8980 14663 14
0.0436 0 0 29.7929 2948 1 8957 14717 9
0.0438 0 0 29.7904 2949 1 8988 14830 19
0.044 0 0 29.7879 2950 1 8989 14766 11
0.0442 0 0 29.7853 2952 1 8977 14960 9
0.0444 0 0 29.7828 2953 1 8970 14822 11
0.0446 0 0 29.7803 2955 1 8969 14658 5
0.0448 0 0 29.7778 2956 1 9038 14868 13
0.045 0 0 29.7752 2957 1 8971 15017 12
0.0452 0 0 29.7727 2959 1 8952 14716 11
0.0454 0 0 29.7705 2960 1 9003 15016 14
0.0456 0 0 29.7679 2961 1 8985 14602 14
0.0458 0 0 29.7657 2963 1 8971 14812 9
0.046 0 0 29.7632 2964 1 8949 14780 9
0.0462 0 0 29.761 2965 1 8959 14942 7
0.0464 0 0 29.7585 2967 1 8948 14741 13
0.0466 0 0 29.7559 2968 1 8968 14808 5
0.0468 0 0 29.7534 2970 1 9018 14899 11
0.047 0 0 29.7509 2971 1 8987 14847 6
0.0472 0 0 29.7485 2972 1 8953 14999 5
0.0474 0 0 29.746 2974 1 8982 15002 17
0.0476 0 0 29.7438 2975 1 8982 14842 8
0.0478 0 0 29.7413 2976 1 8982 14807 10
0.048 0 0 29.7391 2978 1 8989 14854 4
0.0482 0 0 29.7366 2979 1 8978 14738 12
0.0484 0 0 29.7345 2980 1 8949 14770 5
0.0486 0 0 29.732 2982 1 8972 14866 13
0.0488 0 0 29.7298 2983 1 8981 14936 5
0.049 0 0 29.7274 2984 1 8956 14902 6
0.0492 0 0 29.7249 2986 1 8934 14870 13
0.0494 0 0 29.7225 2987 1 8967 14711 11
0.0496 0 0 29.72 2988 1 8957 14801 9
0.0498 0 0 29.7176 2990 1 8948 14629 7
0.05 0 0 29.7151 2991 1 8983 14688 8
0.0502 0 0 29.713 2992 1 8956 14778 7
0.0504 0 0 29.7105 2994 1 8959 14874 12
0.0506 0 0 29.7084 2995 1 8996 14750 9
0.0508 0 0 29.7059 2996 1 8958 14704 10
0.051 0 0 29.7038 2998 1 8968 14711 7
0.0512 0 0 29.7013 2999 1 8960 14705 9
0.0514 0 0 29.6992 3000 1 8967 14789 5
0.0516 0 0 29.6968 3002 1 8993 14915 17
0.0518 0 0 29.6943 3003 1 8953 14730 9
0.052 0 0 29.6919 3005 1 9006 14599 10
0.0522 0 0 29.6894 3006 1 8940 14692 8
0.0524 0 0 29.687 3007 1 8970 14693 12
0.0526 0 0 29.6846 3009 1 8982 14776 10
0.0528 0 0 29.6824 3010 1 8957 14847 9
0.053 0 0 29.68 3011 1 8981 14810 10
0.0532 0 0 29.6778 3013 1 8978 14818 7
0.0534 0 0 29.6754 3014 1 8962 14819 6
0.0536 0 0 29.6733 3015 1 8983 14913 7
0.0538 0 0 29.6708 3016 1 8974 14811 8
0.054 0 0 29.6687 3018 1 8978 14858 6
0.0542 0 0 29.6663 3019 1 8983 14882 11
0.0544 0 0 29.6641 3020 1 8980 14962 6
0.0546 0 0 29.6617 3022 1 8987 15007 10
0.0548 0 0 29.6593 3023 1 8958 14714 11
0.055 0 0 29.6569 3025 1 8974 14820 4
0.0552 0 0 29.6545 3026 1 8985 14789 7
0.0554 0 0 29.652 3027 1 8985 14897 5
0.0556 0 0 29.6496 3029 1 8950 14577 11
0.0558 0 0 29.6475 3030 1 8935 14834 8
0.056 0 0 29.6451 3031 1 8960 14489 9
0.0562 0 0 29.643 3033 1 8980 14739 2
0.0564 0 0 29.6405 3034 1 8953 14669 5
0.0566 0 0 29.6384 3035 1 8947 14746 5
0.0568 0 0 29.636 3037 1 8944 14709 8
0.057 0 0 29.6339 3038 1 8930 14792 10
0.0572 0 0 29.6315 3039 1 8974 14760 8
0.0574 0 0 29.6291 3041 1 8968 14708 10
0.0576 0 0 29.6267 3042 1 8976 14897 7
0.0578 0 0 29.6243 3044 1 8982 14801 5
0.058 0 0 29.6219 3045 1 8959 14652 9
0.0582 0 0 29.6195 3046 1 8942 14763 6
0.0584 0 0 29.6174 3048 1 8967 14703 4
0.0586 0 0 29.615 3049 1 8944 14734 11
0.0588 0 0 29.6129 3050 1 8986 15005 9
0.059 0 0 29.6105 3051 1 8998 14799 9
0.0592 0 0 29.6085 3053 1 8989 14898 4
0.0594 0 0 29.6061 3054 1 8989 14804 5
0.0596 0 0 29.604 3055 1 8961 14873 6
0.0598 0 0 29.6016 3057 1 8979 14729 7
0.06 0 0 29.5992 3058 1 8937 14671 4
0.0602 0 0 29.5969 3060 1 8958 14988 13
0.0604 0 0 29.5945 3061 1 8970 14935 10
0.0606 0 0 29.5921 3062 1 8977 14954 3
0.0608 0 0 29.5897 3064 1 8969 14785 8
0.061 0 0 29.5874 3065 1 8972 14806 12
0.0612 0 0 29.585 3067 1 8951 14926 6
0.0614 0 0 29.5829 3068 1 8966 14630 5
0.0616 0 0 29.5805 3069 1 8952 14878 3
0.0618 0 0 29.5784 3071 1 8965 14799 8
0.062 0 0 29.5761 3072 1 8962 14752 8
0.0622 0 0 29.5737 3073 1 8957 14658 9
0.0624 0 0 29.5713 3075 1 8964 14883 7
0.0626 0 0 29.5689 3076 1 8969 14832 4
0.0628 0 0 29.5666 3078 1 8967 14772 5
0.063 0 0 29.5642 3079 1 8960 14837 4
0.0632 0 0 29.5621 3080 1 8959 14839 7
0.0634 0 0 29.5598 3081 1 8952 14781 9
0.0636 0 0 29.5578 3083 1 8955 14822 8
0.0638 0 0 29.5554 3084 1 8969 14743 8
0.064 0 0 29.5534 3085 1 8939 14760 6
0.0642 0 0 29.551 3087 1 8964 14769 5
0.0644 0 0 29.549 3088 1 8962 14624 6
0.0646 0 0 29.5467 3089 1 8979 14886 2
0.0648 0 0 29.5447 3091 1 8963 14779 8
0.065 0 0 29.5424 3092 1 8968 15003 8
0.0652 0 0 29.54 3094 1 8987 14869 5
0.0654 0 0 29.5378 3095 1 8953 14783 6
0.0656 0 0 29.5355 3096 1 8949 14748 9
0.0658 0 0 29.5332 3098 1 8963 14875 6
0.066 0 0 29.5309 3099 1 8948 14701 6
0.0662 0 0 29.5289 3100 1 8959 14743 6
0.0664 0 0 29.5266 3102 1 8961 14869 7
0.0666 0 0 29.5247 3103 1 8992 14842 5
0.0668 0 0 29.5224 3104 1 8966 14861 6
0.067 0 0 29.5204 3105 1 8974 14785 6
0.0672 0 0 29.5181 3107 1 8978 14895 5
0.0674 0 0 29.5161 3108 1 8955 14767 6
0.0676 0 0 29.5138 3110 1 8974 14677 9
0.0678 0 0 29.5116 3111 1 8977 14756 9
0.068 0 0 29.5093 3112 1 8966 14690 6
0.0682 0 0 29.507 3114 1 8961 14601 3
0.0684 0 0 29.5047 3115 1 8945 14888 6
0.0686 0 0 29.5024 3116 1 8954 14639 6
0.0688 0 0 29.5004 3118 1 8960 14694 6
0.069 0 0 29.4981 3119 1 8950 14810 6
0.0692 0 0 29.4961 3120 1 8960 14776 13
0.0694 0 0 29.4939 3122 1 8984 14725 5
0.0696 0 0 29.4919 3123 1 8949 14764 8
0.0698 0 0 29.4896 3124 1 8938 14929 4
0.07 0 0 29.4876 3126 1 8964 14882 3
0.0702 0 0 29.4854 3127 1 8973 14754 6
0.0704 0 0 29.4834 3128 1 8958 14684 3
0.0706 0 0 29.4811 3130 1 8949 14813 7
0.0708 0 0 29.4789 3131 1 8945 14812 4
0.071 0 0 29.4769 3132 1 8959 14646 12
0.0712 0 0 29.4746 3134 1 8959 14885 8
0.0714 0 0 29.4724 3135 1 8929 14798 1
0.0716 0 0 29.4701 3136 1 8973 14792 8
0.0718 0 0 29.4678 3138 1 8962 14793 4
0.072 0 0 29.4655 3139 1 8941 14669 2
0.0722 0 0 29.4636 3141 1 8931 14915 4
0.0724 0 0 29.4613 3142 1 8951 14770 4
0.0726 0 0 29.4593 3143 1 8966 14821 5
0.0728 0 0 29.4571 3145 1 8974 14747 8
0.073 0 0 29.4549 3146 1 8962 14905 8
0.0732 0 0 29.4526 3147 1 8943 14630 7
0.0734 0 0 29.4504 3149 1 8933 14707 5
0.0736 0 0 29.4481 3150 1 8926 14714 4
0.0738 0 0 29.4459 3152 1 8925 14776 6
0.074 0 0 29.4437 3153 1 8918 14716 4
0.0742 0 0 29.4414 3154 1 8982 14772 6
0.0744 0 0 29.4395 3156 1 8963 14777 4
0.0746 0 0 29.4372 3157 1 8960 14907 4
0.0748 0 0 29.4353 3158 1 8922 14650 8
0.075 0 0 29.4334 3159 1 8961 15005 5
0.0752 0 0 29.4314 3161 1 8965 14913 4
0.0754 0 0 29.4292 3162 1 8944 14941 8
0.0756 0 0 29.4273 3163 1 8961 14991 5
0.0758 0 0 29.425 3165 1 8959 14542 6
0.076 0 0 29.4231 3166 1 8954 14845 4
0.0762 0 0 29.4209 3167 1 8950 14904 4
0.0764 0 0 29.4187 3169 1 8949 14877 8
0.0766 0 0 29.4164 3170 1 8987 14907 7
0.0768 0 0 29.4142 3172 1 8942 14542 9
0.077 0 0 29.412 3173 1 8962 14788 4
0.0772 0 0 29.4098 3174 1 8944 14744 7
0.0774 0 0 29.4079 3176 1 8973 14694 4
0.0776 0 0 29.4057 3177 1 8952 15073 4
0.0778 0 0 29.4037 3178 1 8957 14765 4
0.078 0 0 29.4016 3179 1 8954 14836 3
0.0782 0 0 29.3996 3181 1 8962 14894 8
0.0784 0 0 29.3974 3182 1 8972 14907 4
0.0786 0 0 29.3952 3184 1 8959 14803 1
0.0788 0 0 29.393 3185 1 8958 14770 9
0.079 0 0 29.3908 3186 1 8959 14714 4
0.0792 0 0 29.3886 3188 1 8941 14737 6
0.0794 0 0 29.3864 3189 1 8925 14968 5
0.0796 0 0 29.3842 3191 1 8928 14806 5
0.0798 0 0 29.3821 3192 1 8941 14684 8
0.08 0 0 29.3802 3193 1 8963 14988 5
0.0802 0 0 29.378 3195 1 8942 14791 1
0.0804 0 0 29.376 3196 1 8938 14799 3
0.0806 0 0 29.3739 3197 1 8962 15108 2
0.0808 0 0 29.3717 3199 1 8968 14802 2
0.081 0 0 29.3696 3200 1 8927 14939 6
0.0812 0 0 29.3674 3201 1 8937 14735 4
0.0814 0 0 29.3653 3203 1 8947 14762 3
0.0816 0 0 29.3631 3204 1 8930 14757 4
0.0818 0 0 29.361 3206 1 8955 15050 6
0.082 0 0 29.3588 3207 1 8932 15024 4
0.0822 0 0 29.3569 3208 1 8938 14807 8
0.0824 0 0 29.3548 3210 1 8985 14844 2
0.0826 0 0 29.3529 3211 1 8983 14544 5
0.0828 0 0 29.3508 3212 1 8941 14730 2
0.083 0 0 29.3487 3214 1 8922 14833 2
0.0832 0 0 29.3465 3215 1 8935 14804 4
0.0834 0 0 29.3444 3217 1 8939 14740 3
0.0836 0 0 29.3423 3218 1 8927 14658 7
0.0838 0 0 29.3401 3219 1 8969 14910 5
0.084 0 0 29.338 3221 1 8947 14728 9
0.0842 0 0 29.3359 3222 1 8952 14861 6
0.0844 0 0 29.334 3223 1 8982 14925 8
0.0846 0 0 29.3319 3225 1 8957 14976 2
0.0848 0 0 29.33 3226 1 8954 14821 7
0.085 0 0 29.3279 3227 1 8961 14867 4
0.0852 0 0 29.3258 3229 1 8937 14786 2
0.0854 0 0 29.3236 3230 1 8947 14976 4
0.0856 0 0 29.3215 3232 1 8967 15076 6
0.0858 0 0 29.3194 3233 1 8986 15060 4
0.086 0 0 29.3173 3234 1 8953 14852 6
0.0862 0 0 29.3155 3236 1 8950 14831 5
0.0864 0 0 29.3133 3237 1 8926 14844 2
0.0866 0 0 29.3115 3238 1 8946 14870 2
0.0868 0 0 29.3094 3240 1 8943 14845 4
0.087 0 0 29.3076 3241 1 8929 14728 7
0.0872 0 0 29.3054 3242 1 8954 14915 2
0.0874 0 0 29.3036 3244 1 8945 14943 9
0.0876 0 0 29.3015 3245 1 8973 14748 1
0.0878 0 0 29.2996 3246 1 8948 14826 3
0.088 0 0 29.2975 3248 1 8949 14746 4
0.0882 0 0 29.2954 3249 1 8948 14827 2
0.0884 0 0 29.2933 3250 1 8964 14848 8
0.0886 0 0 29.2912 3252 1 8954 14836 5
0.0888 0 0 29.2891 3253 1 8963 14749 3
0.089 0 0 29.287 3254 1 8961 14945 1
0.0892 0 0 29.2852 3256 1 8945 14810 8
0.0894 0 0 29.2831 3257 1 8960 14996 7
0.0896 0 0 29.2813 3258 1 8954 14820 2
0.0898 0 0 29.2792 3260 1 8934 14570 5
0.09 0 0 29.2773 3261 1 8955 14710 9
0.0902 0 0 29.2755 3262 1 8938 14993 5
0.0904 0 0 29.2737 3263 1 8947 14712 5
0.0906 0 0 29.2716 3265 1 8962 14973 3
0.0908 0 0 29.2698 3266 1 8948 14719 2
0.091 0 0 29.2676 3268 1 8948 14845 4
0.0912 0 0 29.2656 3269 1 8925 14854 4
0.0914 0 0 29.2635 3270 1 8947 14798 6
0.0916 0 0 29.2614 3272 1 8941 15074 9
0.0918 0 0 29.2593 3273 1 8950 14742 3
0.092 0 0 29.2572 3274 1 8918 14990 2
0.0922 0 0 29.2552 3276 1 8969 14752 2
0.0924 0 0 29.2531 3277 1 8949 14761 7
0.0926 0 0 29.2513 3278 1 8968 14958 6
0.0928 0 0 29.2492 3280 1 8934 14769 1
0.093 0 0 29.2474 3281 1 8975 15040 4
0.0932 0 0 29.2454 3283 1 8958 15046 4
0.0934 0 0 29.2433 3284 1 8950 14721 4
0.0936 0 0 29.2413 3285 1 8941 14949 3
0.0938 0 0 29.2393 3287 1 8928 14943 3
0.094 0 0 29.2372 3288 1 8940 14921 0
0.0942 0 0 29.2352 3289 1 8912 14740 5
0.0944 0 0 29.2331 3291 1 8933 14872 0
0.0946 0 0 29.2311 3292 1 8934 14977 6
0.0948 0 0 29.2293 3294 1 8943 14705 6
0.095 0 0 29.2273 3295 1 8929 14892 7
0.0952 0 0 29.2255 3296 1 8950 14864 7
0.0954 0 0 29.2234 3298 1 8934 14773 5
0.0956 0 0 29.2214 3299 1 8956 15039 7
0.0958 0 0 29.2194 3300 1 8915 15101 3
0.096 0 0 29.2173 3302 1 8912 14916 6
0.0962 0 0 29.2152 3303 1 8965 14816 4
0.0964 0 0 29.2135 3305 1 8956 15035 5
0.0966 0 0 29.2115 3306 1 8947 14984 4
0.0968 0 0 29.2094 3307 1 8932 14875 4
0.097 0 0 29.2076 3308 1 8958 14673 2
0.0972 0 0 29.2056 3310 1 8957 14925 2
0.0974 0 0 29.2038 3311 1 8924 14588 3
0.0976 0 0 29.2018 3312 1 8913 14687 4
0.0978 0 0 29.2 3314 1 8962 14845 3
0.098 0 0 29.198 3315 1 8941 14938 3
0.0982 0 0 29.196 3316 1 8928 14762 4
0.0984 0 0 29.194 3318 1 8919 14781 2
0.0986 0 0 29.1919 3319 1 8932 14866 6
0.0988 0 0 29.1899 3321 1 8917 14852 4
0.099 0 0 29.1879 3322 1 8939 14879 8
0.0992 0 0 29.1859 3323 1 8915 15007 3
0.0994 0 0 29.1839 3325 1 8941 15018 8
0.0996 0 0 29.1822 3326 1 8923 14958 5
0.0998 0 0 29.1802 3327 1 8927 14794 5
0.1 0 0 29.1784 3329 1 8936 14955 7
0.1002 0 0 29.1764 3330 1 8928 14938 1
0.1004 0 0 29.1745 3332 1 8931 14801 8
0.1006 0 0 29.1725 3333 1 8959 15031 5
0.1008 0 0 29.1705 3334 1 8952 14908 6
0.101 0 0 29.1685 3336 1 8935 14638 4
0.1012 0 0 29.1665 3337 1 8914 14704 6
0.1014 0 0 29.1645 3339 1 8930 14831 3
0.1016 0 0 29.1626 3340 1 8919 14801 2
0.1018 0 0 29.1608 3341 1 8929 15007 8
0.102 0 0 29.1591 3342 1 8930 14887 8
0.1022 0 0 29.1573 3344 1 8928 14652 5
0.1024 0 0 29.1553 3345 1 8944 14838 3
0.1026 0 0 29.1536 3346 1 8951 14997 7
0.1028 0 0 29.1516 3348 1 8927 15034 8
0.103 0 0 29.1498 3349 1 8938 14899 5
0.1032 0 0 29.1478 3350 1 8959 14969 5
0.1034 0 0 29.1458 3352 1 8975 15115 2
0.1036 0 0 29.1438 3353 1 8937 14884 5
0.1038 0 0 29.1418 3355 1 8969 14947 4
0.104 0 0 29.1398 3356 1 8942 15111 2
0.1042 0 0 29.1378 3357 1 8955 14783 3
0.1044 0 0 29.1361 3358 1 8940 14918 3
0.1046 0 0 29.1344 3360 1 8930 15175 2
0.1048 0 0 29.1324 3361 1 8941 14897 5
0.105 0 0 29.1305 3362 1 8912 15100 1
0.1052 0 0 29.1287 3364 1 8921 15087 3
0.1054 0 0 29.1268 3365 1 8935 14950 6
0.1056 0 0 29.125 3366 1 8903 14995 1
0.1058 0 0 29.1231 3368 1 8941 14980 2
0.106 0 0 29.1211 3369 1 8956 15125 5
0.1062 0 0 29.1192 3371 1 8947 14955 8
0.1064 0 0 29.1173 3372 1 8923 14767 7
0.1066 0 0 29.1153 3373 1 8964 14973 3
0.1068 0 0 29.1134 3375 1 8935 14967 7
0.107 0 0 29.1114 3376 1 8939 15009 5
0.1072 0 0 29.1095 3377 1 8975 15038 3
0.1074 0 0 29.1078 3379 1 8969 15128 5
0.1076 0 0 29.1061 3380 1 8937 15327 7
0.1078 0 0 29.1045 3381 1 8982 14902 6
0.108 0 0 29.1025 3383 1 8940 14711 7
0.1082 0 0 29.1008 3384 1 8946 15020 5
0.1084 0 0 29.0989 3385 1 8923 14899 8
0.1086 0 0 29.097 3387 1 8937 14949 7
0.1088 0 0 29.095 3388 1 8942 14758 6
0.109 0 0 29.0931 3389 1 8917 14525 8
0.1092 0 0 29.0912 3391 1 8929 14927 8
0.1094 0 0 29.0895 3392 1 8919 15043 6
0.1096 0 0 29.0876 3393 1 8952 14995 5
0.1098 0 0 29.0857 3395 1 8932 14926 6
0.11 0 0 29.084 3396 1 8936 14856 12
0.1102 0 0 29.0821 3397 1 8951 15101 7
0.1104 0 0 29.0804 3399 1 8917 14876 6
0.1106 0 0 29.0785 3400 1 8934 15008 10
0.1108 0 0 29.0768 3401 1 8931 14848 7
0.111 0 0 29.0749 3403 1 8898 14972 10
0.1112 0 0 29.0732 3404 1 8925 14940 7
0.1114 0 0 29.0716 3405 1 8961 14801 3
0.1116 0 0 29.0697 3407 1 8963 14747 7
0.1118 0 0 29.0678 3408 1 8956 14985 10
0.112 0 0 29.0659 3409 1 8938 15046 15
0.1122 0 0 29.064 3411 1 8920 14724 6
0.1124 0 0 29.0621 3412 1 8954 14929 14
0.1126 0 0 29.0602 3414 1 8934 14964 15
0.1128 0 0 29.0582 3415 1 8932 14874 12
0.113 0 0 29.0566 3416 1 8936 14836 12
0.1132 0 0 29.0547 3418 1 8940 14795 16
0.1134 0 0 29.053 3419 1 8927 14901 6
0.1136 0 0 29.0511 3420 1 8941 14839 18
0.1138 0 0 29.0494 3422 1 8924 14796 11
0.114 0 0 29.0475 3423 1 8908 14909 22
0.1142 0 0 29.0456 3424 1 8941 14844 25
0.1144 0 0 29.0438 3426 1 8930 14613 20
0.1146 0 0 29.0418 3427 1 8939 14959 15
0.1148 0 0 29.0399 3429 1 8924 15110 27
0.115 0 0 29.0381 3430 1 8913 14749 24
0.1152 0 0 29.0362 3431 1 8944 14711 25
0.1154 0 0 29.0343 3433 1 8956 14934 39
0.1156 0 0 29.0327 3434 1 8951 15100 35
0.1158 0 0 29.0308 3435 1 8935 14753 50
0.116 0 0 29.0292 3437 1 8938 14768 47
0.1162 0 0 29.0273 3438 1 8933 14790 53
0.1164 0 0 29.0255 3439 1 8929 14855 56
0.1166 0 0 29.0236 3441 1 8914 14970 53
0.1168 0 0 29.0217 3442 1 8903 14609 73
0.117 0 0 29.0199 3444 1 8937 14777 65
0.1172 0 0 29.018 3445 1 8943 14905 74
0.1174 0 0 29.0162 3446 1 8956 14693 103
0.1176 0 0 29.0143 3448 1 8906 14817 111
0.1178 0 0 29.0127 3449 1 8930 14741 143
0.118 0 0 29.0108 3450 1 8967 15199 194
0.1182 0 0 29.0092 3452 1 8939 14970 266
0.1184 0 0 29.0074 3453 1 8978 14946 332
0.1186 0 0 29.0055 3454 1 8927 14806 397
0.1188 0 0 29.0037 3456 1 8913 15069 570
0.119 0 0 29.0018 3457 1 8963 14969 923
0.1192 0 0 29 3459 1 8966 15094 1238
0.1194 0 0 28.9982 3460 1 8971 14950 1638
0.1196 0 0 28.9963 3461 1 8997 15018 2306
0.1198 0 0 28.9945 3463 1 9023 14921 3062
0.12 0 0 28.9929 3464 1 9063 14975 3950
0.1202 0 0 28.991 3465 1 9043 14897 4739
0.1204 0 0 28.9894 3467 1 9064 15151 5286
0.1206 0 0 28.9875 3468 1 9028 14943 4335
0.1208 0 0 28.9857 3470 1 8989 14782 2546
0.121 0 0 28.9838 3471 1 8979 14746 1457
0.1212 0 0 28.982 3472 1 8951 14939 905
0.1214 0 0 28.9801 3474 1 8943 14693 655
0.1216 0 0 28.9783 3475 1 8909 14850 530
0.1218 0 0 28.9766 3476 1 8944 14970 400
0.122 0 0 28.9748 3478 1 8943 14865 324
0.1222 0 0 28.9732 3479 1 8945 14766 261
0.1224 0 0 28.9713 3480 1 8923 14843 215
0.1226 0 0 28.9697 3482 1 8944 14958 183
0.1228 0 0 28.9679 3483 1 8902 14777 161
0.123 0 0 28.9663 3484 1 8939 14998 127
0.1232 0 0 28.9644 3486 1 8938 15015 102
0.1234 0 0 28.9626 3487 1 8926 14976 78
0.1236 0 0 28.9607 3488 1 8956 14971 61
0.1238 0 0 28.9589 3490 1 8934 14963 52
0.124 0 0 28.957 3491 1 8938 14955 31
0.1242 0 0 28.9552 3493 1 8919 14896 34
0.1244 0 0 28.9534 3494 1 8907 15021 33
0.1246 0 0 28.9516 3495 1 8932 14803 24
0.1248 0 0 28.95 3497 1 8951 14822 20
0.125 0 0 28.9482 3498 1 8934 14903 17
0.1252 0 0 28.9466 3499 1 8900 14948 19
0.1254 0 0 28.9448 3501 1 8924 14960 24
0.1256 0 0 28.9429 3502 1 8953 15052 14
0.1258 0 0 28.9412 3503 1 8901 14907 8
0.126 0 0 28.9394 3505 1 8923 14876 21
0.1262 0 0 28.9376 3506 1 8936 15036 21
0.1264 0 0 28.9358 3508 1 8914 14638 11
0.1266 0 0 28.934 3509 1 8944 15001 16
0.1268 0 0 28.9322 3510 1 8929 15045 11
0.127 0 0 28.9306 3512 1 9062 15279 97
0.1272 0 0 28.9289 3513 1 8902 14908 7
0.1274 0 0 28.9273 3514 1 8932 15035 8
0.1276 0 0 28.9256 3516 1 8939 14986 14
0.1278 0 0 28.9238 3517 1 8932 14884 11
0.128 0 0 28.922 3519 1 8940 14771 14
0.1282 0 0 28.9203 3520 1 8918 15080 7
0.1284 0 0 28.9185 3521 1 8918 14727 11
0.1286 0 0 28.9167 3523 1 8926 14850 11
0.1288 0 0 28.9149 3524 1 8940 14966 12
0.129 0 0 28.9132 3525 1 8942 15067 8
0.1292 0 0 28.9116 3527 1 8908 14633 10
0.1294 0 0 28.9099 3528 1 8910 14911 7
0.1296 0 0 28.9083 3529 1 8906 15006 6
0.1298 0 0 28.9066 3531 1 8915 14788 13
0.13 0 0 28.9048 3532 1 8919 15257 5
0.1302 0 0 28.9031 3534 1 8932 14827 9
0.1304 0 0 28.9013 3535 1 8944 15054 5
0.1306 0 0 28.8995 3536 1 8922 15023 4
0.1308 0 0 28.8978 3538 1 8948 15000 12
0.131 0 0 28.896 3539 1 8948 15043 3
0.1312 0 0 28.8943 3540 1 8907 14806 5
0.1314 0 0 28.8927 3542 1 8908 14874 2
0.1316 0 0 28.891 3543 1 8923 15027 7
0.1318 0 0 28.8895 3544 1 8950 15209 4
0.132 0 0 28.8877 3546 1 8926 15092 3
0.1322 0 0 28.886 3547 1 8906 14853 6
0.1324 0 0 28.8843 3549 1 8938 14844 2
0.1326 0 0 28.8825 3550 1 8940 15017 2
0.1328 0 0 28.8807 3551 1 8923 14854 3
0.133 0 0 28.879 3553 1 8932 14992 4
0.1332 0 0 28.8775 3554 1 8923 14873 5
0.1334 0 0 28.8757 3555 1 8904 15022 6
0.1336 0 0 28.8742 3557 1 8932 15046 3
0.1338 0 0 28.8725 3558 1 8912 14844 5
0.134 0 0 28.871 3559 1 8910 15166 2
0.1342 0 0 28.8692 3561 1 8900 14922 7
0.1344 0 0 28.8677 3562 1 8928 14925 4
0.1346 0 0 28.866 3563 1 8912 14984 1
0.1348 0 0 28.8645 3565 1 8920 14899 8
0.135 0 0 28.8628 3566 1 8899 14966 3
0.1352 0 0 28.861 3567 1 8946 15038 4
0.1354 0 0 28.8593 3569 1 8921 14862 1
0.1356 0 0 28.8576 3570 1 8945 15031 1
0.1358 0 0 28.8559 3572 1 8912 15069 10
0.136 0 0 28.8541 3573 1 8919 15010 2
0.1362 0 0 28.8526 3574 1 8913 15026 5
0.1364 0 0 28.8511 3575 1 8907 14944 5
0.1366 0 0 28.8494 3577 1 8918 14979 0
0.1368 0 0 28.8477 3578 1 8912 15106 2
0.137 0 0 28.8462 3579 1 8927 14893 6
0.1372 0 0 28.8445 3581 1 8922 14966 2
0.1374 0 0 28.8429 3582 1 8921 14944 1
0.1376 0 0 28.8412 3583 1 8921 14950 4
0.1378 0 0 28.8395 3585 1 8928 14835 3
0.138 0 0 28.8378 3586 1 8913 15025 3
0.1382 0 0 28.8361 3588 1 8939 14989 0
0.1384 0 0 28.8344 3589 1 8921 15036 6
0.1386 0 0 28.8327 3590 1 8926 15132 3
0.1388 0 0 28.8312 3592 1 8906 15008 4
0.139 0 0 28.8295 3593 1 8934 15128 5
0.1392 0 0 28.828 3594 1 8941 14949 6
0.1394 0 0 28.8263 3596 1 8946 14866 3
0.1396 0 0 28.8247 3597 1 8929 14925 2
0.1398 0 0 28.823 3598 1 8926 14901 6
0.14 0 0 28.8215 3600 1 8921 14989 0
0.1402 0 0 28.8198 3601 1 8933 14981 4
0.1404 0 0 28.8181 3602 1 8949 14907 1
0.1406 0 0 28.8163 3604 1 8917 15075 4
0.1408 0 0 28.8147 3605 1 8921 14828 4
0.141 0 0 28.8129 3607 1 8913 15088 2
0.1412 0 0 28.8112 3608 1 8903 15004 4
0.1414 0 0 28.8095 3609 1 8910 15059 3
0.1416 0 0 28.8078 3611 1 8902 14974 2
0.1418 0 0 28.8063 3612 1 8922 14936 5
0.142 0 0 28.8048 3613 1 8923 14958 2
0.1422 0 0 28.8034 3615 1 8899 15061 2
0.1424 0 0 28.8017 3616 1 8906 14839 3
0.1426 0 0 28.8002 3617 1 8908 14870 3
0.1428 0 0 28.7987 3618 1 8919 14840 5
0.143 0 0 28.7973 3620 1 8913 15062 3
0.1432 0 0 28.7955 3621 1 8915 14843 4
0.1434 0 0 28.7941 3622 1 8945 15100 3
0.1436 0 0 28.7924 3624 1 8947 15021 2
0.1438 0 0 28.7906 3625 1 8919 14961 1
0.144 0 0 28.789 3626 1 8907 15082 3
0.1442 0 0 28.7873 3628 1 8890 14712 3
0.1444 0 0 28.7856 3629 1 8919 14996 3
0.1446 0 0 28.7839 3631 1 8886 14873 2
0.1448 0 0 28.7823 3632 1 8905 14892 4
0.145 0 0 28.7806 3633 1 8909 14902 4
0.1452 0 0 28.7791 3635 1 8926 14934 1
0.1454 0 0 28.7774 3636 1 8897 14900 1
0.1456 0 0 28.776 3637 1 8924 14979 4
0.1458 0 0 28.7743 3639 1 8897 14709 2
0.146 0 0 28.7726 3640 1 8938 14934 2
0.1462 0 0 28.771 3641 1 8931 14982 2
0.1464 0 0 28.7693 3643 1 8926 15188 1
0.1466 0 0 28.7676 3644 1 8911 15017 3
0.1468 0 0 28.766 3646 1 8902 14934 2
0.147 0 0 28.7645 3647 1 8891 15022 1
0.1472 0 0 28.7628 3648 1 8915 15109 2
0.1474 0 0 28.7614 3650 1 8937 14862 3
0.1476 0 0 28.7597 3651 1 8942 15089 1
0.1478 0 0 28.7583 3652 1 8914 14766 4
0.148 0 0 28.7566 3653 1 8921 14853 2
0.1482 0 0 28.7551 3655 1 8927 14947 5
0.1484 0 0 28.7535 3656 1 8932 14956 1
0.1486 0 0 28.7518 3658 1 8883 14923 3
0.1488 0 0 28.7502 3659 1 8942 14988 2
0.149 0 0 28.7485 3660 1 8929 15049 1
0.1492 0 0 28.7469 3662 1 8932 14836 2
0.1494 0 0 28.7452 3663 1 8903 15027 2
0.1496 0 0 28.7436 3665 1 8907 15030 1
0.1498 0 0 28.7419 3666 1 8908 14881 4
0.15 0 0 28.7405 3667 1 8916 14907 2
0.1502 0 0 28.7388 3668 1 8940 15028 1
0.1504 0 0 28.7374 3670 1 8920 15142 10
0.1506 0 0 28.7358 3671 1 8905 14888 5
0.1508 0 0 28.7342 3673 1 8913 14996 0
0.151 0 0 28.7325 3674 1 8911 14983 5
0.1512 0 0 28.7309 3675 1 8904 15206 0
0.1514 0 0 28.7293 3677 1 8937 15065 2
0.1516 0 0 28.7276 3678 1 8920 15002 5
0.1518 0 0 28.726 3680 1 8915 15112 2
0.152 0 0 28.7243 3681 1 8917 14953 4
0.1522 0 0 28.7229 3682 1 8899 14893 0
0.1524 0 0 28.7213 3684 1 8946 14955 3
0.1526 0 0 28.7199 3685 1 8894 14840 5
0.1528 0 0 28.7182 3686 1 8896 14845 1
0.153 0 0 28.7166 3688 1 8878 15077 6
0.1532 0 0 28.715 3689 1 8927 14973 4
0.1534 0 0 28.7134 3690 1 8924 14910 2
0.1536 0 0 28.7118 3692 1 8922 15113 0
0.1538 0 0 28.7102 3693 1 8925 14841 4
0.154 0 0 28.7086 3695 1 8922 15310 4
0.1542 0 0 28.7069 3696 1 8927 15041 4
0.1544 0 0 28.7055 3697 1 8908 14861 1
0.1546 0 0 28.7039 3699 1 8954 15021 2
0.1548 0 0 28.7025 3700 1 8939 14926 2
0.155 0 0 28.7009 3701 1 8938 15032 4
0.1552 0 0 28.6993 3703 1 8889 14725 3
0.1554 0 0 28.6977 3704 1 8905 15135 3
0.1556 0 0 28.6961 3705 1 8881 14859 3
0.1558 0 0 28.6947 3707 1 8925 14953 4
0.156 0 0 28.693 3708 1 8912 15125 3
0.1562 0 0 28.6914 3710 1 8888 15064 2
0.1564 0 0 28.6898 3711 1 8905 14842 5
0.1566 0 0 28.6885 3712 1 8915 14837 1
0.1568 0 0 28.6869 3713 1 8924 14865 2
0.157 0 0 28.6855 3715 1 8888 14929 1
0.1572 0 0 28.6839 3716 1 8919 14829 4
0.1574 0 0 28.6825 3717 1 8930 15295 4
0.1576 0 0 28.681 3719 1 8916 14882 1
0.1578 0 0 28.6796 3720 1 8936 14838 2
0.158 0 0 28.678 3721 1 8920 14813 2
0.1582 0 0 28.6764 3723 1 8904 14945 5
0.1584 0 0 28.6748 3724 1 8906 15091 4
0.1586 0 0 28.6732 3726 1 8909 15032 3
0.1588 0 0 28.6717 3727 1 8889 15059 2
0.159 0 0 28.6701 3728 1 8912 15021 0
0.1592 0 0 28.6687 3730 1 8902 14925 0
0.1594 0 0 28.6673 3731 1 8920 15202 2
0.1596 0 0 28.6658 3732 1 8927 15132 4
0.1598 0 0 28.6642 3734 1 8951 14937 5
0.16 0 0 28.6628 3735 1 8923 15288 2
0.1602 0 0 28.6613 3736 1 8926 15043 4
0.1604 0 0 28.66 3738 1 8892 14833 4
0.1606 0 0 28.6584 3739 1 8927 14953 1
0.1608 0 0 28.6568 3740 1 8902 14976 0
0.161 0 0 28.6553 3742 1 8920 14949 2
0.1612 0 0 28.6537 3743 1 8904 14934 1
0.1614 0 0 28.6521 3745 1 8895 15070 4
0.1616 0 0 28.6506 3746 1 8910 15086 2
0.1618 0 0 28.6492 3747 1 8924 15128 2
0.162 0 0 28.6477 3748 1 8907 14986 0
0.1622 0 0 28.6463 3750 1 8898 15300 1
0.1624 0 0 28.6447 3751 1 8911 14946 3
0.1626 0 0 28.6434 3752 1 8901 14784 4
0.1628 0 0 28.6418 3754 1 8923 15073 5
0.163 0 0 28.6405 3755 1 8929 15084 2
0.1632 0 0 28.6389 3756 1 8899 15012 1
0.1634 0 0 28.6373 3758 1 8882 15047 2
0.1636 0 0 28.6358 3759 1 8901 14847 9
0.1638 0 0 28.6342 3761 1 8894 14804 2
0.164 0 0 28.6326 3762 1 8896 15140 1
0.1642 0 0 28.6311 3763 1 8896 14891 0
0.1644 0 0 28.6295 3765 1 8898 14968 3
0.1646 0 0 28.628 3766 1 8898 15054 3
0.1648 0 0 28.6267 3767 1 8880 15251 3
0.165 0 0 28.6251 3769 1 8903 15067 3
0.1652 0 0 28.6238 3770 1 8893 14758 1
0.1654 0 0 28.6222 3772 1 8936 15016 4
0.1656 0 0 28.6207 3773 1 8925 15269 7
0.1658 0 0 28.6192 3774 1 8927 14961 2
0.166 0 0 28.6177 3776 1 8896 15127 3
0.1662 0 0 28.6161 3777 1 8910 14720 2
0.1664 0 0 28.6146 3778 1 8907 15030 4
0.1666 0 0 28.6131 3780 1 8900 15024 1
0.1668 0 0 28.6115 3781 1 8916 14951 4
0.167 0 0 28.6102 3783 1 8901 15022 2
0.1672 0 0 28.6087 3784 1 8892 14790 2
0.1674 0 0 28.6074 3785 1 8899 15086 2
0.1676 0 0 28.6059 3787 1 8912 15059 4
0.1678 0 0 28.6043 3788 1 8902 14997 4
0.168 0 0 28.6028 3789 1 8870 14996 1
0.1682 0 0 28.6013 3791 1 8904 14881 2
0.1684 0 0 28.5997 3792 1 8912 14947 3
0.1686 0 0 28.5983 3794 1 8906 14836 3
0.1688 0 0 28.5967 3795 1 8890 15096 2
0.169 0 0 28.5952 3796 1 8901 15157 3
0.1692 0 0 28.5939 3798 1 8904 14857 6
0.1694 0 0 28.5924 3799 1 8889 14998 3
0.1696 0 0 28.5911 3800 1 8928 14958 3
0.1698 0 0 28.5896 3802 1 8930 15173 2
0.17 0 0 28.588 3803 1 8925 14851 5
0.1702 0 0 28.5865 3804 1 8908 15138 3
0.1704 0 0 28.585 3806 1 8931 14999 2
0.1706 0 0 28.5835 3807 1 8875 15119 0
0.1708 0 0 28.582 3809 1 8928 14872 3
0.171 0 0 28.5805 3810 1 8882 15179 1
0.1712 0 0 28.579 3811 1 8889 15038 0
0.1714 0 0 28.5777 3813 1 8906 15209 2
0.1716 0 0 28.5762 3814 1 8888 14912 2
0.1718 0 0 28.5749 3815 1 8922 15129 1
0.172 0 0 28.5734 3817 1 8877 14817 8
0.1722 0 0 28.5721 3818 1 8902 15050 2
0.1724 0 0 28.5706 3819 1 8920 14951 4
0.1726 0 0 28.5691 3821 1 8900 14907 1
0.1728 0 0 28.5676 3822 1 8902 15100 1
0.173 0 0 28.5661 3823 1 8916 14942 4
0.1732 0 0 28.5646 3825 1 8921 14757 0
0.1734 0 0 28.5632 3826 1 8899 15004 2
0.1736 0 0 28.5618 3828 1 8920 15125 2
0.1738 0 0 28.5604 3829 1 8886 15085 2
0.174 0 0 28.5591 3830 1 8904 14872 5
0.1742 0 0 28.5576 3831 1 8913 15069 2
0.1744 0 0 28.5562 3833 1 8917 14813 1
0.1746 0 0 28.5548 3834 1 8905 15079 4
0.1748 0 0 28.5533 3836 1 8928 14802 4
0.175 0 0 28.5518 3837 1 8893 14941 2
0.1752 0 0 28.5503 3838 1 8903 15097 0
0.1754 0 0 28.5489 3840 1 8937 15190 0
0.1756 0 0 28.5474 3841 1 8917 14980 4
0.1758 0 0 28.5459 3843 1 8885 14982 1
0.176 0 0 28.5446 3844 1 8909 15112 1
0.1762 0 0 28.5431 3845 1 8891 14960 2
0.1764 0 0 28.5416 3846 1 8902 14977 1
0.1766 0 0 28.5403 3848 1 8897 14969 2
0.1768 0 0 28.5389 3849 1 8907 14947 2
0.177 0 0 28.5374 3851 1 8905 15044 2
0.1772 0 0 28.5359 3852 1 8930 15033 5
0.1774 0 0 28.5344 3853 1 8876 14928 2
0.1776 0 0 28.533 3855 1 8900 15031 2
0.1778 0 0 28.5315 3856 1 8896 14939 0
0.178 0 0 28.5301 3858 1 8895 15071 4
0.1782 0 0 28.5286 3859 1 8904 14950 3
0.1784 0 0 28.5273 3860 1 8919 15133 1
0.1786 0 0 28.5259 3862 1 8920 14978 1
0.1788 0 0 28.5246 3863 1 8906 14983 0
0.179 0 0 28.5231 3864 1 8952 15084 0
0.1792 0 0 28.5217 3866 1 8895 14860 4
0.1794 0 0 28.5202 3867 1 8900 14999 1
0.1796 0 0 28.5188 3868 1 8897 15130 1
0.1798 0 0 28.5176 3870 1 8885 15018 3
0.18 0 0 28.5161 3871 1 8893 14840 2
0.1802 0 0 28.5147 3873 1 8890 15013 2
0.1804 0 0 28.5132 3874 1 8880 15025 1
0.1806 0 0 28.512 3875 1 8904 15135 1
0.1808 0 0 28.5105 3876 1 8937 15131 2
0.181 0 0 28.5093 3878 1 8911 15239 0
0.1812 0 0 28.5078 3879 1 8894 14982 0
0.1814 0 0 28.5065 3880 1 8912 14905 5
0.1816 0 0 28.5051 3882 1 8882 15031 2
0.1818 0 0 28.5038 3883 1 8922 14778 3
0.182 0 0 28.5024 3884 1 8925 15036 1
0.1822 0 0 28.501 3886 1 8898 15012 3
0.1824 0 0 28.4995 3887 1 8937 15043 3
0.1826 0 0 28.4981 3889 1 8898 15004 4
0.1828 0 0 28.4967 3890 1 8903 14795 1
0.183 0 0 28.4953 3891 1 8889 15055 1
0.1832 0 0 28.494 3893 1 8884 15040 3
0.1834 0 0 28.4926 3894 1 8904 14987 1
0.1836 0 0 28.4914 3895 1 8905 14891 1
0.1838 0 0 28.49 3897 1 8907 14997 2
0.184 0 0 28.4887 3898 1 8891 14920 3
0.1842 0 0 28.4873 3899 1 8899 15120 2
0.1844 0 0 28.4861 3901 1 8888 15132 3
0.1846 0 0 28.4847 3902 1 8903 15002 0
0.1848 0 0 28.4832 3903 1 8906 14945 1
0.185 0 0 28.4818 3905 1 8902 14854 2
0.1852 0 0 28.4804 3906 1 8906 14869 4
0.1854 0 0 28.479 3908 1 8911 14996 2
0.1856 0 0 28.4776 3909 1 8913 15052 1
0.1858 0 0 28.4763 3910 1 8896 15042 1
0.186 0 0 28.4749 3911 1 8906 14839 1
0.1862 0 0 28.4737 3913 1 8884 14708 2
0.1864 0 0 28.4723 3914 1 8881 15047 1
0.1866 0 0 28.471 3915 1 8858 14930 4
0.1868 0 0 28.4696 3917 1 8900 15058 0
0.187 0 0 28.4684 3918 1 8877 14626 1
0.1872 0 0 28.4671 3919 1 8887 14793 1
0.1874 0 0 28.466 3921 1 8905 15042 4
0.1876 0 0 28.4645 3922 1 8891 14874 2
0.1878 0 0 28.4631 3923 1 8895 14889 0
0.188 0 0 28.4617 3925 1 8890 14886 1
0.1882 0 0 28.4603 3926 1 8874 15066 3
0.1884 0 0 28.4589 3927 1 8890 15058 1
0.1886 0 0 28.4574 3929 1 8913 15203 0
0.1888 0 0 28.4561 3930 1 8907 15003 3
0.189 0 0 28.4547 3932 1 8881 14946 4
0.1892 0 0 28.4534 3933 1 8890 14995 3
0.1894 0 0 28.452 3934 1 8895 14990 2
0.1896 0 0 28.4508 3936 1 8891 14738 1
0.1898 0 0 28.4493 3937 1 8873 15024 3
0.19 0 0 28.4481 3938 1 8900 15003 2
0.1902 0 0 28.4467 3940 1 8917 14990 2
0.1904 0 0 28.4453 3941 1 8904 15007 2
0.1906 0 0 28.4439 3942 1 8882 15043 5
0.1908 0 0 28.4427 3944 1 8900 14893 0
0.191 0 0 28.4412 3945 1 8899 14840 1
0.1912 0 0 28.4398 3946 1 8908 14818 4
0.1914 0 0 28.4385 3948 1 8893 14973 2
0.1916 0 0 28.4371 3949 1 8899 15290 3
0.1918 0 0 28.4359 3950 1 8891 15026 1
0.192 0 0 28.4347 3952 1 8908 15023 1
0.1922 0 0 28.4335 3953 1 8896 14926 1
0.1924 0 0 28.4321 3954 1 8905 14992 1
0.1926 0 0 28.4309 3956 1 8890 15142 0
0.1928 0 0 28.4296 3957 1 8893 14863 2
0.193 0 0 28.4284 3958 1 8908 15128 2
0.1932 0 0 28.427 3959 1 8900 14788 2
0.1934 0 0 28.4258 3961 1 8889 15033 3
0.1936 0 0 28.4244 3962 1 8930 14986 3
0.1938 0 0 28.4231 3964 1 8890 15190 0
0.194 0 0 28.4217 3965 1 8868 14769 2
0.1942 0 0 28.4204 3966 1 8915 14952 4
0.1944 0 0 28.419 3968 1 8881 14899 3
0.1946 0 0 28.4176 3969 1 8892 14985 2
0.1948 0 0 28.4165 3970 1 8881 15105 1
0.195 0 0 28.4151 3972 1 8912 15107 2
0.1952 0 0 28.4139 3973 1 8918 14907 0
0.1954 0 0 28.4126 3974 1 8876 14980 1
0.1956 0 0 28.4114 3976 1 8891 14914 1
0.1958 0 0 28.4101 3977 1 8886 15064 2
0.196 0 0 28.4089 3978 1 8886 14961 3
0.1962 0 0 28.4075 3980 1 8891 14941 4
0.1964 0 0 28.4062 3981 1 8915 14832 2
0.1966 0 0 28.4048 3982 1 8889 15044 3
0.1968 0 0 28.4035 3984 1 8891 15043 1
0.197 0 0 28.4021 3985 1 8897 14853 4
0.1972 0 0 28.4008 3987 1 8867 15042 1
0.1974 0 0 28.3994 3988 1 8874 14867 4
0.1976 0 0 28.3981 3989 1 8910 14874 0
0.1978 0 0 28.3969 3991 1 8893 14930 1
0.198 0 0 28.3956 3992 1 8902 14867 2
0.1982 0 0 28.3944 3993 1 8904 15073 5
0.1984 0 0 28.3931 3995 1 8877 14950 1
0.1986 0 0 28.3917 3996 1 8874 14780 2
0.1988 0 0 28.3904 3998 1 8904 14856 0
0.199 0 0 28.389 3999 1 8870 14759 2
0.1992 0 0 28.3877 4000 1 8891 15152 2
0.1994 0 0 28.3864 4002 1 8893 15046 1
0.1996 0 0 28.385 4003 1 8912 15265 0
0.1998 0 0 28.3837 4004 1 8878 14948 1
0.2 0 0 28.3825 4006 1 8890 14978 0
0.2002 0 0 28.3812 4007 1 8902 15065 2
0.2004 0 0 28.38 4008 1 8896 14882 1
0.2006 0 0 28.3787 4010 1 8891 15201 1
0.2008 0 0 28.3774 4011 1 8892 14718 1
0.201 0 0 28.376 4013 1 8901 15125 3
0.2012 0 0 28.3747 4014 1 8872 14973 1
0.2014 0 0 28.3734 4015 1 8872 14978 4
0.2016 0 0 28.3721 4017 1 8884 15092 3
0.2018 0 0 28.3707 4018 1 8877 14909 1
0.202 0 0 28.3694 4019 1 8897 14827 1
0.2022 0 0 28.3683 4021 1 8899 14939 2
0.2024 0 0 28.3669 4022 1 8898 14937 4
0.2026 0 0 28.3658 4023 1 8872 14723 1
0.2028 0 0 28.3644 4025 1 8884 15160 1
0.203 0 0 28.3631 4026 1 8876 15046 3
0.2032 0 0 28.3618 4028 1 8861 14831 2
0.2034 0 0 28.3605 4029 1 8889 15057 0
0.2036 0 0 28.3592 4030 1 8881 15000 3
0.2038 0 0 28.3578 4032 1 8893 14806 2
0.204 0 0 28.3567 4033 1 8900 15278 1
0.2042 0 0 28.3554 4034 1 8872 14650 1
0.2044 0 0 28.3542 4036 1 8889 14968 4
0.2046 0 0 28.3529 4037 1 8928 14864 0
0.2048 0 0 28.3518 4038 1 8878 14886 1
0.205 0 0 28.3504 4040 1 8877 14825 2
0.2052 0 0 28.3493 4041 1 8906 14991 1
0.2054 0 0 28.348 4042 1 8879 14969 1
0.2056 0 0 28.3467 4044 1 8895 14986 3
0.2058 0 0 28.3454 4045 1 8906 15199 1
0.206 0 0 28.3441 4047 1 8874 14960 4
0.2062 0 0 28.3428 4048 1 8887 14867 2
0.2064 0 0 28.3415 4049 1 8866 15061 2
0.2066 0 0 28.3402 4051 1 8887 14877 1
0.2068 0 0 28.3389 4052 1 8895 14728 4
0.207 0 0 28.3378 4053 1 8860 14987 2
0.2072 0 0 28.3365 4055 1 8858 14967 2
0.2074 0 0 28.3353 4056 1 8863 15012 2
0.2076 0 0 28.3341 4057 1 8870 14924 3
0.2078 0 0 28.3327 4059 1 8889 14753 1
0.208 0 0 28.3314 4060 1 8888 15161 4
0.2082 0 0 28.3302 4062 1 8868 14906 1
0.2084 0 0 28.3289 4063 1 8900 15002 3
0.2086 0 0 28.3276 4064 1 8879 15102 1
0.2088 0 0 28.3263 4066 1 8892 14883 1
0.209 0 0 28.325 4067 1 8873 14974 1
0.2092 0 0 28.3239 4068 1 8892 15174 0
0.2094 0 0 28.3226 4070 1 8904 15136 0
0.2096 0 0 28.3215 4071 1 8866 14870 1
0.2098 0 0 28.3202 4072 1 8886 15014 0
0.21 0 0 28.3189 4074 1 8851 14824 2
0.2102 0 0 28.3176 4075 1 8889 15209 6
0.2104 0 0 28.3164 4077 1 8883 14999 1
0.2106 0 0 28.3151 4078 1 8874 14847 2
0.2108 0 0 28.3138 4079 1 8897 14931 2
0.211 0 0 28.3125 4081 1 8888 15081 1
0.2112 0 0 28.3114 4082 1 8879 15091 4
0.2114 0 0 28.3102 4083 1 8882 15060 1
0.2116 0 0 28.309 4085 1 8902 14949 5
0.2118 0 0 28.3077 4086 1 8870 14834 4
0.212 0 0 28.3064 4088 1 8867 14744 1
0.2122 0 0 28.3051 4089 1 8907 15198 3
0.2124 0 0 28.3039 4090 1 8870 14878 0
0.2126 0 0 28.3026 4092 1 8902 15119 1
0.2128 0 0 28.3012 4093 1 8890 15051 1
0.213 0 0 28.3 4094 1 8870 14877 1
0.2132 0 0 28.2987 4096 1 8849 14863 1
0.2134 0 0 28.2974 4097 1 8866 14772 0
0.2136 0 0 28.2963 4099 1 8878 14947 1
0.2138 0 0 28.295 4100 1 8873 14895 5
0.214 0 0 28.2939 4101 1 8872 14934 3
0.2142 0 0 28.2927 4103 1 8869 15094 3
0.2144 0 0 28.2914 4104 1 8900 14954 0
0.2146 0 0 28.2901 4105 1 8901 15020 1
0.2148 0 0 28.2888 4107 1 8887 14894 1
0.215 0 0 28.2876 4108 1 8856 14973 2
0.2152 0 0 28.2863 4110 1 8909 14994 4
0.2154 0 0 28.2852 4111 1 8863 14664 3
0.2156 0 0 28.284 4112 1 8915 14860 0
0.2158 0 0 28.2829 4113 1 8889 14878 2
0.216 0 0 28.2816 4115 1 8885 14930 2
0.2162 0 0 28.2806 4116 1 8891 14973 0
0.2164 0 0 28.2793 4117 1 8878 15076 0
0.2166 0 0 28.2782 4119 1 8888 14861 1
0.2168 0 0 28.277 4120 1 8907 14875 3
0.217 0 0 28.2757 4121 1 8906 14903 4
0.2172 0 0 28.2745 4123 1 8879 14898 1
0.2174 0 0 28.2732 4124 1 8884 14731 1
0.2176 0 0 28.272 4126 1 8890 14870 2
0.2178 0 0 28.2707 4127 1 8888 15001 1
0.218 0 0 28.2695 4129 1 8893 15111 1
0.2182 0 0 28.2682 4130 1 8856 14922 1
0.2184 0 0 28.2672 4131 1 8889 14834 1
0.2186 0 0 28.2659 4132 1 8878 14913 2
0.2188 0 0 28.2648 4134 1 8878 14976 3
0.219 0 0 28.2636 4135 1 8881 15041 4
0.2192 0 0 28.2624 4137 1 8883 14818 1
0.2194 0 0 28.2611 4138 1 8886 14971 1
0.2196 0 0 28.2599 4139 1 8884 14894 1
0.2198 0 0 28.2586 4141 1 8867 14816 1
0.22 0 0 28.2574 4142 1 8868 14984 0
