0.105 0 0 32.3987 78771 20000 13671 1.2307664 5
0.1051 0 0 32.4081 78773 20000 13625 1.2283304 5
0.1052 0 0 32.4147 78775 20000 13743 1.2397632 5
0.1053 0 0 32.4199 78776 20000 13869 1.250022 6
0.1054 0 0 32.4234 78778 20000 13687 1.2298392 4
0.1055 0 0 32.4271 78779 20000 13929 1.2534552 6
0.1056 0 0 32.4319 78781 20000 13914 1.2519168 8
0.1057 0 0 32.4371 78782 20000 13762 1.2387492 8
0.1058 0 0 32.4425 78784 20000 13818 1.2433404 4
0.1059 0 0 32.4487 78785 20000 13715 1.2347408 5
0.106 0 0 32.4544 78787 20000 13763 1.238252 3
0.1061 0 0 32.4594 78788 20000 13624 1.2261984 7
0.1062 0 0 32.4656 78790 20000 13778 1.2371368 2
0.1063 0 0 32.4704 78792 20000 13644 1.228056 13
0.1064 0 0 32.4757 78793 20000 13650 1.2284304 3
0.1065 0 0 32.4795 78795 20000 13908 1.253864 4
0.1066 0 0 32.4823 78796 20000 13722 1.2393464 2
0.1067 0 0 32.4844 78798 20000 13905 1.254764 7
0.1068 0 0 32.4878 78799 20000 13538 1.2186976 8
0.1069 0 0 32.4913 78801 20000 13600 1.2251964 13
0.107 0 0 32.4987 78802 20000 13835 1.243154 5
0.1071 0 0 32.5059 78804 20000 13831 1.2445404 7
0.1072 0 0 32.5175 78806 20000 13762 1.2392128 6
0.1073 0 0 32.529 78807 20000 13691 1.2307316 7
0.1074 0 0 32.5409 78809 20000 13833 1.2435736 7
0.1075 0 0 32.5511 78810 20000 13735 1.2390496 13
0.1076 0 0 32.5584 78812 20000 13659 1.23166 11
0.1077 0 0 32.5647 78813 20000 13741 1.240064 4
0.1078 0 0 32.5684 78815 20000 13622 1.2289856 4
0.1079 0 0 32.5711 78817 20000 13768 1.2395584 5
0.108 0 0 32.5723 78818 20000 13644 1.22716 9
0.1081 0 0 32.5718 78820 20000 13749 1.2362628 8
0.1082 0 0 32.5719 78821 20000 13792 1.2397168 6
0.1083 0 0 32.5718 78823 20000 13758 1.2393428 6
0.1084 0 0 32.5731 78824 20000 13924 1.254648 3
0.1085 0 0 32.5751 78826 20000 13693 1.23421 3
0.1086 0 0 32.5791 78828 20000 13689 1.234692 13
0.1087 0 0 32.583 78829 20000 13693 1.2333688 5
0.1088 0 0 32.5868 78831 20000 13749 1.2374372 2
0.1089 0 0 32.5897 78832 20000 13728 1.238352 7
0.109 0 0 32.5922 78834 20000 13774 1.2398844 4
0.1091 0 0 32.5939 78835 20000 13707 1.2366084 6
0.1092 0 0 32.5944 78837 20000 13896 1.2549544 6
0.1093 0 0 32.5937 78839 20000 13972 1.2630056 8
0.1094 0 0 32.5933 78840 20000 13906 1.2551864 6
0.1095 0 0 32.593 78842 20000 13729 1.2383728 7
0.1096 0 0 32.5933 78843 20000 13691 1.2352984 7
0.1097 0 0 32.5939 78845 20000 13753 1.2382224 8
0.1098 0 0 32.5966 78847 20000 13726 1.2403684 6
0.1099 0 0 32.6004 78848 20000 13644 1.2305296 14
0.11 0 0 32.6056 78850 20000 13731 1.2351732 9
0.1101 0 0 32.6105 78851 20000 13934 1.252234 9
0.1102 0 0 32.6143 78853 20000 13766 1.2432864 8
0.1103 0 0 32.6172 78854 20000 13885 1.254284 8
0.1104 0 0 32.6192 78856 20000 13837 1.2480152 8
0.1105 0 0 32.62 78858 20000 13856 1.2482084 7
0.1106 0 0 32.6209 78859 20000 13767 1.2396228 5
0.1107 0 0 32.623 78861 20000 13683 1.2338096 8
0.1108 0 0 32.6252 78862 20000 13785 1.2426516 7
0.1109 0 0 32.6278 78864 20000 13747 1.2384864 9
0.111 0 0 32.6301 78865 20000 13760 1.2399432 10
0.1111 0 0 32.6319 78867 20000 13927 1.2558476 8
0.1112 0 0 32.6325 78869 20000 13779 1.2365784 2
0.1113 0 0 32.632 78870 20000 13686 1.2347588 10
0.1114 0 0 32.6311 78872 20000 13699 1.23459 15
0.1115 0 0 32.6309 78873 20000 13831 1.2430432 9
0.1116 0 0 32.6311 78875 20000 13693 1.2351916 10
0.1117 0 0 32.6341 78876 20000 13668 1.2351696 12
0.1118 0 0 32.639 78878 20000 13794 1.2413524 9
0.1119 0 0 32.6451 78879 20000 13683 1.2327928 7
0.112 0 0 32.6522 78881 20000 13757 1.2417628 11
0.1121 0 0 32.6585 78883 20000 13941 1.258696 10
0.1122 0 0 32.6648 78884 20000 13725 1.2363876 9
0.1123 0 0 32.668 78886 20000 13764 1.240866 13
0.1124 0 0 32.6704 78887 20000 13734 1.2379104 8
0.1125 0 0 32.6717 78889 20000 13793 1.2408076 9
0.1126 0 0 32.6716 78890 20000 13707 1.2378216 14
0.1127 0 0 32.6711 78892 20000 13786 1.2417448 10
0.1128 0 0 32.6699 78893 20000 13727 1.2356612 12
0.1129 0 0 32.6696 78895 20000 13664 1.231388 14
0.113 0 0 32.6691 78896 20000 13720 1.2373292 16
0.1131 0 0 32.6677 78898 20000 13636 1.2290804 13
0.1132 0 0 32.6655 78900 20000 13680 1.23475 19
0.1133 0 0 32.662 78901 20000 13713 1.2362804 6
0.1134 0 0 32.6581 78903 20000 13781 1.2417192 21
0.1135 0 0 32.6564 78905 20000 13852 1.2536908 9
0.1136 0 0 32.6562 78906 20000 13691 1.2386932 14
0.1137 0 0 32.659 78908 20000 13756 1.2439304 20
0.1138 0 0 32.6629 78909 20000 13785 1.2454272 16
0.1139 0 0 32.6708 78911 20000 13914 1.2574896 12
0.114 0 0 32.677 78912 20000 13572 1.2262992 14
0.1141 0 0 32.682 78914 20000 13851 1.2467888 20
0.1142 0 0 32.6868 78915 20000 13796 1.24809 22
0.1143 0 0 32.6893 78917 20000 13828 1.2444332 27
0.1144 0 0 32.6907 78918 20000 13857 1.246404 21
0.1145 0 0 32.6907 78920 20000 13774 1.2411736 15
0.1146 0 0 32.6894 78922 20000 13891 1.2520328 21
0.1147 0 0 32.6879 78923 20000 13712 1.2368276 19
0.1148 0 0 32.687 78925 20000 13745 1.2391672 40
0.1149 0 0 32.6858 78926 20000 13825 1.2455896 40
0.115 0 0 32.6845 78928 20000 13898 1.2541652 36
0.1151 0 0 32.6825 78929 20000 13846 1.2463296 33
0.1152 0 0 32.6796 78931 20000 13730 1.2410444 39
0.1153 0 0 32.6766 78932 20000 13795 1.2451708 35
0.1154 0 0 32.6745 78934 20000 13801 1.2439672 43
0.1155 0 0 32.6735 78936 20000 13684 1.2353644 48
0.1156 0 0 32.676 78937 20000 13792 1.2429156 55
0.1157 0 0 32.6798 78939 20000 13828 1.2482872 41
0.1158 0 0 32.6854 78940 20000 13692 1.2334944 61
0.1159 0 0 32.6903 78942 20000 13822 1.2522028 76
0.116 0 0 32.6937 78943 20000 13872 1.2507748 67
0.1161 0 0 32.696 78945 20000 13749 1.2400984 65
0.1162 0 0 32.6968 78947 20000 13880 1.2509696 50
0.1163 0 0 32.6965 78948 20000 13701 1.2374564 51
0.1164 0 0 32.6969 78950 20000 13703 1.2371396 58
0.1165 0 0 32.6968 78951 20000 13804 1.245168 47
0.1166 0 0 32.6967 78953 20000 13723 1.2368436 59
0.1167 0 0 32.6959 78955 20000 13805 1.2456304 41
0.1168 0 0 32.6951 78956 20000 13802 1.2475212 47
0.1169 0 0 32.6936 78958 20000 13670 1.2352288 42
0.117 0 0 32.6923 78959 20000 13689 1.2340476 53
0.1171 0 0 32.6908 78961 20000 13815 1.2495076 46
0.1172 0 0 32.6923 78963 20000 13828 1.2459404 48
0.1173 0 0 32.6955 78964 20000 13576 1.2273396 49
0.1174 0 0 32.6995 78966 20000 13868 1.2523016 40
0.1175 0 0 32.7033 78967 20000 13623 1.2298972 63
0.1176 0 0 32.7083 78969 20000 13660 1.2368668 55
0.1177 0 0 32.7124 78971 20000 13800 1.2442316 57
0.1178 0 0 32.7149 78972 20000 13812 1.24941 61
0.1179 0 0 32.7159 78974 20000 13885 1.2539276 59
0.118 0 0 32.7157 78975 20000 13741 1.243106 78
0.1181 0 0 32.7142 78977 20000 13820 1.2483192 75
0.1182 0 0 32.7127 78978 20000 13915 1.2560368 89
0.1183 0 0 32.7105 78980 20000 13718 1.2413912 91
0.1184 0 0 32.7084 78982 20000 13775 1.2411056 122
0.1185 0 0 32.7059 78983 20000 13778 1.2466196 144
0.1186 0 0 32.7035 78985 20000 13824 1.24804 162
0.1187 0 0 32.7008 78986 20000 13728 1.2364372 175
0.1188 0 0 32.6993 78988 20000 13841 1.2493884 213
0.1189 0 0 32.698 78990 20000 13658 1.237028 273
0.119 0 0 32.6987 78991 20000 13788 1.2441424 306
0.1191 0 0 32.6998 78993 20000 13738 1.2423996 374
0.1192 0 0 32.702 78994 20000 13666 1.2322176 467
0.1193 0 0 32.7038 78996 20000 13856 1.2556132 480
0.1194 0 0 32.7045 78997 20000 13746 1.2382832 629
0.1195 0 0 32.7042 78999 20000 13642 1.2299 765
0.1196 0 0 32.7036 79001 20000 13932 1.253896 959
0.1197 0 0 32.7025 79002 20000 13812 1.2450472 1194
0.1198 0 0 32.703 79004 20000 13734 1.2395368 1379
0.1199 0 0 32.7039 79005 20000 13856 1.2455612 1710
0.12 0 0 32.704 79007 20000 13634 1.2287172 2046
0.1201 0 0 32.7031 79009 20000 13862 1.2517896 2371
0.1202 0 0 32.7027 79010 20000 13761 1.2385752 2834
0.1203 0 0 32.7025 79012 20000 13848 1.2454056 3230
0.1204 0 0 32.7013 79013 20000 13881 1.2429456 3699
0.1205 0 0 32.6991 79015 20000 13911 1.2429068 4008
0.1206 0 0 32.6968 79016 20000 14004 1.2505188 4476
0.1207 0 0 32.6942 79018 20000 13863 1.2431632 4767
0.1208 0 0 32.6939 79020 20000 13840 1.2390168 4819
0.1209 0 0 32.6951 79021 20000 13969 1.2504144 4921
0.121 0 0 32.699 79023 20000 13847 1.2358128 4594
0.1211 0 0 32.7039 79024 20000 14012 1.2516884 4148
0.1212 0 0 32.7087 79026 20000 13715 1.2304084 3363
0.1213 0 0 32.7125 79027 20000 13976 1.2597596 2694
0.1214 0 0 32.7152 79029 20000 13939 1.2525688 2110
0.1215 0 0 32.7165 79030 20000 13798 1.2437696 1628
0.1216 0 0 32.7171 79032 20000 13840 1.2465796 1310
0.1217 0 0 32.7172 79034 20000 13735 1.2363572 987
0.1218 0 0 32.7167 79035 20000 13939 1.2570148 776
0.1219 0 0 32.7158 79037 20000 13766 1.2396952 589
0.122 0 0 32.7145 79039 20000 13966 1.2618452 513
0.1221 0 0 32.713 79040 20000 13902 1.2554444 421
0.1222 0 0 32.7112 79042 20000 13767 1.2409348 338
0.1223 0 0 32.7093 79043 20000 13684 1.2378276 328
0.1224 0 0 32.7066 79045 20000 13799 1.2442008 281
0.1225 0 0 32.703 79046 20000 13762 1.2436016 221
0.1226 0 0 32.7002 79048 20000 13784 1.2442244 204
0.1227 0 0 32.6989 79049 20000 13900 1.2524752 201
0.1228 0 0 32.6995 79051 20000 13821 1.2480712 169
0.1229 0 0 32.7044 79053 20000 13948 1.2610672 151
0.123 0 0 32.7084 79054 20000 13746 1.2461584 125
0.1231 0 0 32.7135 79056 20000 13744 1.2380672 140
0.1232 0 0 32.7171 79057 20000 13822 1.247818 112
0.1233 0 0 32.72 79059 20000 13773 1.2444676 91
0.1234 0 0 32.7214 79060 20000 13799 1.2474212 79
0.1235 0 0 32.7216 79062 20000 13674 1.2345896 77
0.1236 0 0 32.7209 79063 20000 13631 1.2338492 53
0.1237 0 0 32.7219 79065 20000 13774 1.2450728 58
0.1238 0 0 32.7231 79066 20000 13672 1.2353916 57
0.1239 0 0 32.7278 79068 20000 13885 1.2536596 48
0.124 0 0 32.7318 79070 20000 13873 1.2537844 39
0.1241 0 0 32.7371 79071 20000 13648 1.236052 44
0.1242 0 0 32.7421 79073 20000 13720 1.2419448 33
0.1243 0 0 32.7444 79074 20000 13807 1.2488212 31
0.1244 0 0 32.746 79076 20000 13780 1.2463576 35
0.1245 0 0 32.7463 79078 20000 13869 1.2570624 25
0.1246 0 0 32.7452 79079 20000 13638 1.2345028 18
0.1247 0 0 32.7437 79081 20000 13879 1.256562 20
0.1248 0 0 32.742 79082 20000 13689 1.2365196 24
0.1249 0 0 32.7408 79084 20000 13803 1.2500472 22
0.125 0 0 32.7398 79085 20000 13765 1.2416484 17
0.1251 0 0 32.7388 79087 20000 13777 1.2453988 25
0.1252 0 0 32.7374 79089 20000 13664 1.2389072 25
0.1253 0 0 32.736 79090 20000 13771 1.2463572 26
0.1254 0 0 32.7341 79092 20000 13735 1.2392852 19
0.1255 0 0 32.7314 79093 20000 13630 1.2325048 18
0.1256 0 0 32.727 79095 20000 13903 1.2594632 19
0.1257 0 0 32.7235 79097 20000 13964 1.2613324 16
0.1258 0 0 32.7206 79098 20000 13850 1.2494196 15
0.1259 0 0 32.7189 79100 20000 13983 1.2636396 16
0.126 0 0 32.7178 79101 20000 13902 1.2587944 10
0.1261 0 0 32.718 79103 20000 13878 1.2539812 6
0.1262 0 0 32.7183 79104 20000 13914 1.2589832 12
0.1263 0 0 32.7186 79106 20000 13570 1.2305332 18
0.1264 0 0 32.7186 79107 20000 13586 1.2325552 9
0.1265 0 0 32.7183 79109 20000 13687 1.2390096 9
0.1266 0 0 32.7177 79111 20000 13815 1.247642 6
0.1267 0 0 32.7174 79112 20000 13792 1.2502144 16
0.1268 0 0 32.7175 79114 20000 13860 1.2533504 8
0.1269 0 0 32.7174 79116 20000 13769 1.2464576 13
0.127 0 0 32.7169 79117 20000 13697 1.2375128 12
0.1271 0 0 32.7162 79119 20000 13741 1.2462872 6
0.1272 0 0 32.7152 79120 20000 13764 1.2472888 11
0.1273 0 0 32.7146 79122 20000 13818 1.2514632 5
0.1274 0 0 32.7143 79123 20000 13766 1.247428 11
0.1275 0 0 32.7135 79125 20000 13692 1.239806 9
0.1276 0 0 32.7116 79126 20000 13742 1.24451 9
0.1277 0 0 32.7092 79128 20000 14070 1.2702092 8
0.1278 0 0 32.7068 79129 20000 13594 1.2308344 7
0.1279 0 0 32.7049 79131 20000 13974 1.2644588 4
0.128 0 0 32.7048 79133 20000 13617 1.2343844 13
0.1281 0 0 32.7054 79134 20000 13725 1.2449856 8
0.1282 0 0 32.7089 79136 20000 13902 1.259702 9
0.1283 0 0 32.7133 79137 20000 13636 1.2328808 4
0.1284 0 0 32.7192 79139 20000 13742 1.2435044 9
0.1285 0 0 32.7242 79140 20000 13881 1.254022 8
0.1286 0 0 32.7276 79142 20000 13948 1.2633148 8
0.1287 0 0 32.7299 79143 20000 13961 1.2655176 5
0.1288 0 0 32.7307 79145 20000 13675 1.23613 6
0.1289 0 0 32.7303 79147 20000 13713 1.2424324 10
0.129 0 0 32.7296 79148 20000 13740 1.2433664 6
0.1291 0 0 32.7284 79150 20000 13788 1.249554 5
0.1292 0 0 32.7292 79151 20000 13816 1.2497156 5
0.1293 0 0 32.7301 79153 20000 13820 1.2489316 5
0.1294 0 0 32.732 79155 20000 13882 1.2544976 6
0.1295 0 0 32.7333 79156 20000 13845 1.2527452 10
0.1296 0 0 32.7336 79158 20000 13864 1.2547672 5
0.1297 0 0 32.7328 79159 20000 13793 1.2480464 9
0.1298 0 0 32.7308 79161 20000 13811 1.2517588 8
0.1299 0 0 32.7282 79162 20000 13682 1.2382288 5
0.13 0 0 32.7233 79164 20000 13763 1.2425284 9
0.1301 0 0 32.7194 79166 20000 13825 1.2508028 5
0.1302 0 0 32.7179 79167 20000 13745 1.2469556 7
0.1303 0 0 32.7174 79169 20000 13762 1.2444488 6
0.1304 0 0 32.7191 79170 20000 13994 1.2691964 8
0.1305 0 0 32.7212 79172 20000 13891 1.2573568 3
0.1306 0 0 32.7243 79173 20000 13823 1.251112 3
0.1307 0 0 32.7269 79175 20000 13856 1.256834 9
0.1308 0 0 32.7287 79176 20000 13754 1.2463176 5
0.1309 0 0 32.7292 79178 20000 13776 1.2473032 5
0.131 0 0 32.7286 79179 20000 13721 1.2409072 5
0.1311 0 0 32.7268 79181 20000 13682 1.2380868 8
0.1312 0 0 32.7246 79183 20000 13884 1.2573736 9
0.1313 0 0 32.7221 79184 20000 13607 1.2326816 4
0.1314 0 0 32.7198 79186 20000 13790 1.249808 6
0.1315 0 0 32.7182 79187 20000 13713 1.245936 8
0.1316 0 0 32.7161 79189 20000 13848 1.2528792 4
0.1317 0 0 32.7135 79190 20000 13825 1.2519056 5
0.1318 0 0 32.7095 79192 20000 13866 1.2560008 7
0.1319 0 0 32.7046 79193 20000 13940 1.2614856 4
0.132 0 0 32.7014 79195 20000 13752 1.2421308 9
0.1321 0 0 32.6994 79197 20000 13612 1.232596 6
0.1322 0 0 32.6984 79198 20000 13817 1.2486572 4
0.1323 0 0 32.6993 79200 20000 13706 1.2386884 6
0.1324 0 0 32.7029 79201 20000 13807 1.2498396 4
0.1325 0 0 32.7088 79203 20000 13753 1.2456956 7
0.1326 0 0 32.7141 79205 20000 13724 1.2460536 6
0.1327 0 0 32.7172 79206 20000 13752 1.2457716 6
0.1328 0 0 32.7199 79208 20000 13781 1.2460256 4
0.1329 0 0 32.7212 79209 20000 13697 1.2399844 6
0.133 0 0 32.7217 79211 20000 13891 1.2577448 5
0.1331 0 0 32.7227 79213 20000 13807 1.2498072 9
0.1332 0 0 32.7229 79214 20000 13761 1.2484148 5
0.1333 0 0 32.7217 79216 20000 13896 1.2584452 5
0.1334 0 0 32.7196 79217 20000 13826 1.252462 6
0.1335 0 0 32.7156 79219 20000 13749 1.2478696 6
0.1336 0 0 32.7133 79221 20000 13825 1.2503716 11
0.1337 0 0 32.7122 79222 20000 13739 1.2464828 7
0.1338 0 0 32.7119 79224 20000 13797 1.248414 5
0.1339 0 0 32.7145 79225 20000 13683 1.2409468 1
0.134 0 0 32.7194 79227 20000 13797 1.2487224 8
0.1341 0 0 32.7252 79228 20000 13740 1.2449676 6
0.1342 0 0 32.7318 79230 20000 13725 1.2460868 7
0.1343 0 0 32.7373 79232 20000 13815 1.2523148 3
0.1344 0 0 32.741 79233 20000 13900 1.258898 6
0.1345 0 0 32.7435 79235 20000 13745 1.2462932 4
0.1346 0 0 32.7446 79236 20000 13635 1.2372824 7
0.1347 0 0 32.7444 79238 20000 13781 1.2515128 6
0.1348 0 0 32.743 79239 20000 13721 1.2417488 4
0.1349 0 0 32.7415 79241 20000 13651 1.2398936 4
0.135 0 0 32.7392 79243 20000 13989 1.2631616 5
