0.11 0 0 121.302 34091 15000 10355 1.099824 7
0.1101 0 0 121.304 34093 15000 10355 1.0953316 3
0.1102 0 0 121.302 34094 15000 10440 1.1091128 9
0.1103 0 0 121.305 34096 15000 10403 1.1070544 8
0.1104 0 0 121.302 34097 15000 10238 1.0937844 3
0.1105 0 0 121.307 34098 15000 10324 1.098412 14
0.1106 0 0 121.303 34100 15000 10273 1.0923208 7
0.1107 0 0 121.308 34101 15000 10491 1.1165808 9
0.1108 0 0 121.307 34103 15000 10385 1.1022284 8
0.1109 0 0 121.309 34104 15000 10383 1.1072164 11
0.111 0 0 121.313 34105 15000 10310 1.0985584 3
0.1111 0 0 121.313 34107 15000 10412 1.1056792 6
0.1112 0 0 121.316 34108 15000 10261 1.0947516 5
0.1113 0 0 121.313 34110 15000 10255 1.090596 6
0.1114 0 0 121.319 34111 15000 10462 1.11042 6
0.1115 0 0 121.316 34113 15000 10290 1.0972724 9
0.1116 0 0 121.32 34114 15000 10322 1.0989128 10
0.1117 0 0 121.318 34115 15000 10355 1.099942 6
0.1118 0 0 121.32 34117 15000 10488 1.1146204 5
0.1119 0 0 121.319 34118 15000 10375 1.103092 4
0.112 0 0 121.319 34120 15000 10183 1.0858884 13
0.1121 0 0 121.324 34121 15000 10241 1.0881392 8
0.1122 0 0 121.322 34123 15000 10419 1.106798 8
0.1123 0 0 121.327 34124 15000 10208 1.0884224 10
0.1124 0 0 121.323 34125 15000 10451 1.11097 12
0.1125 0 0 121.326 34127 15000 10254 1.092826 18
0.1126 0 0 121.323 34128 15000 10226 1.0888704 14
0.1127 0 0 121.323 34129 15000 10427 1.1129488 7
0.1128 0 0 121.322 34131 15000 10344 1.1021388 3
0.1129 0 0 121.318 34132 15000 10338 1.1013176 6
0.113 0 0 121.321 34134 15000 10274 1.0977824 10
0.1131 0 0 121.318 34135 15000 10364 1.1050496 3
0.1132 0 0 121.324 34137 15000 10242 1.0922216 4
0.1133 0 0 121.322 34138 15000 10417 1.1117756 9
0.1134 0 0 121.325 34139 15000 10323 1.0982788 9
0.1135 0 0 121.322 34141 15000 10396 1.1088064 9
0.1136 0 0 121.32 34142 15000 10266 1.0920716 5
0.1137 0 0 121.318 34144 15000 10227 1.088568 12
0.1138 0 0 121.311 34145 15000 10230 1.092902 5
0.1139 0 0 121.313 34147 15000 10272 1.0958604 11
0.114 0 0 121.307 34148 15000 10363 1.0995916 8
0.1141 0 0 121.311 34149 15000 10355 1.1024368 12
0.1142 0 0 121.307 34151 15000 10352 1.1024376 9
0.1143 0 0 121.309 34152 15000 10259 1.0932756 8
0.1144 0 0 121.305 34154 15000 10312 1.0953984 11
0.1145 0 0 121.303 34155 15000 10341 1.1008128 6
0.1146 0 0 121.304 34157 15000 10481 1.117106 14
0.1147 0 0 121.3 34158 15000 10367 1.1034584 10
0.1148 0 0 121.305 34159 15000 10289 1.0975084 8
0.1149 0 0 121.302 34161 15000 10248 1.0893992 7
0.115 0 0 121.31 34162 15000 10320 1.0987192 9
0.1151 0 0 121.31 34164 15000 10359 1.1035652 9
0.1152 0 0 121.315 34165 15000 10218 1.0887816 6
0.1153 0 0 121.315 34166 15000 10329 1.1017136 12
0.1154 0 0 121.314 34168 15000 10132 1.0781016 14
0.1155 0 0 121.313 34169 15000 10312 1.0987044 9
0.1156 0 0 121.306 34171 15000 10344 1.1007232 10
0.1157 0 0 121.307 34172 15000 10164 1.0827712 9
0.1158 0 0 121.299 34174 15000 10335 1.0996436 12
0.1159 0 0 121.304 34175 15000 10225 1.0884428 12
0.116 0 0 121.303 34176 15000 10251 1.0918124 11
0.1161 0 0 121.311 34178 15000 10213 1.0873968 9
0.1162 0 0 121.317 34179 15000 10350 1.0983436 8
0.1163 0 0 121.322 34181 15000 10328 1.1033692 11
0.1164 0 0 121.329 34182 15000 10370 1.10447 13
0.1165 0 0 121.33 34184 15000 10324 1.0972844 10
0.1166 0 0 121.335 34185 15000 10438 1.1117296 13
0.1167 0 0 121.33 34186 15000 10369 1.1061644 4
0.1168 0 0 121.332 34188 15000 10367 1.1036528 13
0.1169 0 0 121.324 34189 15000 10233 1.0877892 16
0.117 0 0 121.324 34191 15000 10270 1.0929664 13
0.1171 0 0 121.317 34192 15000 10269 1.0931004 7
0.1172 0 0 121.316 34194 15000 10251 1.0931916 14
0.1173 0 0 121.314 34195 15000 10381 1.1062048 18
0.1174 0 0 121.317 34197 15000 10447 1.1152328 13
0.1175 0 0 121.32 34198 15000 10429 1.1066628 10
0.1176 0 0 121.322 34200 15000 10462 1.1130864 15
0.1177 0 0 121.327 34201 15000 10290 1.0980212 13
0.1178 0 0 121.324 34203 15000 10148 1.0825048 11
0.1179 0 0 121.33 34204 15000 10248 1.090992 13
0.118 0 0 121.324 34206 15000 10423 1.1080688 13
0.1181 0 0 121.327 34207 15000 10486 1.1182516 11
0.1182 0 0 121.322 34208 15000 10239 1.0909024 18
0.1183 0 0 121.324 34210 15000 10378 1.1063152 18
0.1184 0 0 121.322 34211 15000 10316 1.0949592 11
0.1185 0 0 121.321 34213 15000 10119 1.078924 16
0.1186 0 0 121.321 34214 15000 10277 1.0969264 22
0.1187 0 0 121.315 34216 15000 10400 1.1088056 24
0.1188 0 0 121.314 34217 15000 10311 1.0996152 18
0.1189 0 0 121.305 34218 15000 10539 1.1216904 30
0.119 0 0 121.307 34220 15000 10223 1.0890784 36
0.1191 0 0 121.302 34221 15000 10338 1.1039676 40
0.1192 0 0 121.305 34223 15000 10266 1.0937388 83
0.1193 0 0 121.308 34224 15000 10261 1.0921464 87
0.1194 0 0 121.311 34225 15000 10148 1.0790752 95
0.1195 0 0 121.317 34227 15000 10382 1.1083812 123
0.1196 0 0 121.317 34228 15000 10457 1.1130068 130
0.1197 0 0 121.322 34230 15000 10334 1.0991364 164
0.1198 0 0 121.317 34231 15000 10193 1.085484 182
0.1199 0 0 121.317 34233 15000 10448 1.1112136 204
0.12 0 0 121.307 34234 15000 10396 1.1073752 264
0.1201 0 0 121.305 34236 15000 10281 1.0964404 303
0.1202 0 0 121.3 34237 15000 10208 1.0863132 341
0.1203 0 0 121.3 34238 15000 10227 1.089516 450
0.1204 0 0 121.301 34240 15000 10348 1.0953464 575
0.1205 0 0 121.302 34241 15000 10325 1.0961532 856
0.1206 0 0 121.307 34243 15000 10246 1.0891316 1198
0.1207 0 0 121.305 34244 15000 10335 1.0971216 1516
0.1208 0 0 121.313 34246 15000 10308 1.0901788 1647
0.1209 0 0 121.31 34247 15000 10315 1.0915624 1863
0.121 0 0 121.316 34249 15000 10418 1.1009472 2054
0.1211 0 0 121.313 34250 15000 10315 1.097576 2374
0.1212 0 0 121.315 34251 15000 10435 1.1047472 2841
0.1213 0 0 121.314 34253 15000 10383 1.0977232 3217
0.1214 0 0 121.314 34254 15000 10460 1.1051864 3963
0.1215 0 0 121.315 34256 15000 10298 1.0851228 4370
0.1216 0 0 121.314 34257 15000 10436 1.1003152 3803
0.1217 0 0 121.318 34259 15000 10372 1.1014204 2579
0.1218 0 0 121.316 34260 15000 10395 1.10579 1419
0.1219 0 0 121.319 34262 15000 10195 1.0830912 801
0.122 0 0 121.313 34263 15000 10298 1.099364 518
0.1221 0 0 121.315 34265 15000 10463 1.1141512 367
0.1222 0 0 121.308 34266 15000 10364 1.1031696 324
0.1223 0 0 121.31 34267 15000 10223 1.0927372 227
0.1224 0 0 121.308 34269 15000 10212 1.0876908 227
0.1225 0 0 121.309 34271 15000 10297 1.099924 186
0.1226 0 0 121.309 34272 15000 10372 1.105606 174
0.1227 0 0 121.307 34274 15000 10427 1.1135812 165
0.1228 0 0 121.309 34275 15000 10455 1.1158844 147
0.1229 0 0 121.305 34276 15000 10381 1.107448 122
0.123 0 0 121.308 34278 15000 10305 1.0965416 123
0.1231 0 0 121.303 34279 15000 10312 1.10094 120
0.1232 0 0 121.307 34280 15000 10317 1.1013608 114
0.1233 0 0 121.305 34282 15000 10330 1.1033496 77
0.1234 0 0 121.308 34283 15000 10182 1.0848468 74
0.1235 0 0 121.309 34285 15000 10261 1.0948964 69
0.1236 0 0 121.31 34286 15000 10251 1.090254 82
0.1237 0 0 121.313 34288 15000 10190 1.0895844 60
0.1238 0 0 121.309 34289 15000 10173 1.0842048 59
0.1239 0 0 121.313 34290 15000 10428 1.1125672 43
0.124 0 0 121.305 34292 15000 10362 1.107926 55
0.1241 0 0 121.311 34294 15000 10385 1.1076348 58
0.1242 0 0 121.309 34295 15000 10509 1.1185972 61
0.1243 0 0 121.317 34296 15000 10189 1.0868048 54
0.1244 0 0 121.318 34298 15000 10398 1.1080068 37
0.1245 0 0 121.322 34299 15000 10227 1.0913204 40
0.1246 0 0 121.323 34301 15000 10305 1.0985008 37
0.1247 0 0 121.32 34302 15000 10365 1.1057 36
0.1248 0 0 121.319 34304 15000 10399 1.111968 41
0.1249 0 0 121.311 34305 15000 10297 1.1005224 41
0.125 0 0 121.313 34306 15000 10206 1.0894284 29
0.1251 0 0 121.304 34308 15000 10413 1.1164944 35
0.1252 0 0 121.308 34309 15000 10223 1.0890524 38
0.1253 0 0 121.307 34311 15000 10375 1.105456 28
0.1254 0 0 121.314 34312 15000 10182 1.0868428 33
0.1255 0 0 121.318 34314 15000 10257 1.0926844 32
0.1256 0 0 121.321 34315 15000 10340 1.1032092 34
0.1257 0 0 121.327 34316 15000 10185 1.0879644 34
0.1258 0 0 121.325 34318 15000 10360 1.10503 29
0.1259 0 0 121.327 34319 15000 10285 1.0984608 30
0.126 0 0 121.32 34321 15000 10461 1.1138296 25
0.1261 0 0 121.319 34322 15000 10322 1.098882 24
0.1262 0 0 121.31 34324 15000 10388 1.1103408 29
0.1263 0 0 121.309 34325 15000 10196 1.0889812 27
0.1264 0 0 121.308 34326 15000 10395 1.109368 29
0.1265 0 0 121.306 34328 15000 10226 1.0901924 26
0.1266 0 0 121.309 34329 15000 10293 1.101588 25
0.1267 0 0 121.306 34331 15000 10350 1.1032204 21
0.1268 0 0 121.313 34332 15000 10305 1.0982868 25
0.1269 0 0 121.309 34333 15000 10415 1.1156028 33
0.127 0 0 121.314 34335 15000 10329 1.101862 19
0.1271 0 0 121.31 34336 15000 10266 1.0944696 32
0.1272 0 0 121.313 34338 15000 10271 1.0999692 25
0.1273 0 0 121.315 34339 15000 10075 1.07786 25
0.1274 0 0 121.314 34341 15000 10288 1.0997628 25
0.1275 0 0 121.317 34342 15000 10286 1.0999164 23
0.1276 0 0 121.311 34343 15000 10314 1.099994 25
0.1277 0 0 121.316 34345 15000 10441 1.11448 28
0.1278 0 0 121.31 34346 15000 10381 1.1062844 20
0.1279 0 0 121.315 34348 15000 10357 1.1027036 18
0.128 0 0 121.314 34349 15000 10181 1.0891552 28
0.1281 0 0 121.317 34350 15000 10265 1.0934676 20
0.1282 0 0 121.319 34352 15000 10449 1.1161228 30
0.1283 0 0 121.319 34353 15000 10408 1.1081852 26
0.1284 0 0 121.324 34355 15000 10358 1.1036776 21
0.1285 0 0 121.322 34356 15000 10363 1.104506 23
0.1286 0 0 121.325 34358 15000 10249 1.0953316 25
0.1287 0 0 121.321 34359 15000 10276 1.0936264 17
0.1288 0 0 121.325 34360 15000 10272 1.0941516 14
0.1289 0 0 121.322 34362 15000 10153 1.0835 22
0.129 0 0 121.325 34363 15000 10465 1.1182284 22
0.1291 0 0 121.329 34365 15000 10188 1.0870768 16
0.1292 0 0 121.331 34366 15000 10316 1.1035176 15
0.1293 0 0 121.337 34368 15000 10309 1.0994428 18
0.1294 0 0 121.336 34369 15000 10325 1.1049132 19
0.1295 0 0 121.341 34370 15000 10265 1.09471 20
0.1296 0 0 121.338 34372 15000 10410 1.1145696 27
0.1297 0 0 121.342 34373 15000 10325 1.1033816 14
0.1298 0 0 121.339 34375 15000 10298 1.0994764 30
0.1299 0 0 121.341 34376 15000 10358 1.1000928 15
0.13 0 0 121.341 34377 15000 10152 1.0860336 18