0.105 0 0 42.6595 73679 20000 13562 1.1450512 2
0.1051 0 0 42.6544 73680 20000 13560 1.1480644 8
0.1052 0 0 42.6537 73681 20000 13665 1.154512 5
0.1053 0 0 42.6548 73683 20000 13287 1.121236 7
0.1054 0 0 42.6587 73684 20000 13516 1.142396 3
0.1055 0 0 42.6666 73686 20000 13455 1.1387468 5
0.1056 0 0 42.6727 73687 20000 13433 1.1324684 6
0.1057 0 0 42.6814 73689 20000 13641 1.1534036 6
0.1058 0 0 42.6874 73690 20000 13554 1.1425984 7
0.1059 0 0 42.6923 73692 20000 13443 1.139078 9
0.106 0 0 42.694 73693 20000 13529 1.143616 7
0.1061 0 0 42.6926 73695 20000 13536 1.1455336 5
0.1062 0 0 42.6887 73696 20000 13466 1.1380576 7
0.1063 0 0 42.6843 73697 20000 13532 1.1456504 11
0.1064 0 0 42.6791 73699 20000 13549 1.147972 7
0.1065 0 0 42.674 73700 20000 13419 1.1361368 8
0.1066 0 0 42.6708 73702 20000 13668 1.1554828 6
0.1067 0 0 42.6688 73703 20000 13620 1.1519084 6
0.1068 0 0 42.672 73705 20000 13747 1.1606104 11
0.1069 0 0 42.6769 73706 20000 13556 1.1469752 6
0.107 0 0 42.6855 73708 20000 13422 1.1353672 10
0.1071 0 0 42.694 73709 20000 13689 1.1583484 6
0.1072 0 0 42.698 73711 20000 13624 1.1521052 6
0.1073 0 0 42.7013 73712 20000 13684 1.15571 8
0.1074 0 0 42.7018 73714 20000 13536 1.1455376 10
0.1075 0 0 42.699 73715 20000 13629 1.1547676 8
0.1076 0 0 42.6958 73717 20000 13500 1.1432136 5
0.1077 0 0 42.6916 73718 20000 13633 1.154028 5
0.1078 0 0 42.6882 73720 20000 13447 1.13676 3
0.1079 0 0 42.6841 73721 20000 13685 1.1587216 6
0.108 0 0 42.6819 73723 20000 13413 1.1344396 10
0.1081 0 0 42.6813 73724 20000 13661 1.1540996 7
0.1082 0 0 42.6823 73726 20000 13621 1.153636 8
0.1083 0 0 42.6859 73727 20000 13547 1.1459904 5
0.1084 0 0 42.691 73729 20000 13644 1.1537384 8
0.1085 0 0 42.6959 73731 20000 13375 1.1304712 6
0.1086 0 0 42.7003 73732 20000 13618 1.147602 7
0.1087 0 0 42.7044 73734 20000 13560 1.145906 8
0.1088 0 0 42.7057 73735 20000 13653 1.152798 8
0.1089 0 0 42.7041 73737 20000 13543 1.1431256 11
0.109 0 0 42.6997 73738 20000 13653 1.155932 10
0.1091 0 0 42.6941 73740 20000 13810 1.1685884 10
0.1092 0 0 42.6877 73741 20000 13585 1.1519864 5
0.1093 0 0 42.6819 73743 20000 13470 1.1372408 3
0.1094 0 0 42.6741 73744 20000 13663 1.156538 5
0.1095 0 0 42.6729 73746 20000 13616 1.1501988 11
0.1096 0 0 42.6732 73747 20000 13717 1.1581544 5
0.1097 0 0 42.6773 73748 20000 13506 1.1419908 8
0.1098 0 0 42.6816 73750 20000 13615 1.1503716 8
0.1099 0 0 42.6888 73752 20000 13613 1.1544052 3
0.11 0 0 42.6951 73753 20000 13762 1.1650536 11
0.1101 0 0 42.7 73755 20000 13745 1.1618668 4
0.1102 0 0 42.7025 73756 20000 13458 1.1391032 6
0.1103 0 0 42.702 73758 20000 13595 1.1523008 8
0.1104 0 0 42.6983 73759 20000 13568 1.1442648 11
0.1105 0 0 42.6923 73761 20000 13579 1.1488288 9
0.1106 0 0 42.6868 73762 20000 13597 1.1517088 5
0.1107 0 0 42.6803 73764 20000 13470 1.1376716 10
0.1108 0 0 42.6783 73765 20000 13800 1.165954 6
0.1109 0 0 42.6765 73767 20000 13708 1.1601216 8
0.111 0 0 42.6795 73768 20000 13600 1.1512836 10
0.1111 0 0 42.6839 73770 20000 13668 1.1566124 4
0.1112 0 0 42.6925 73771 20000 13733 1.1625228 4
0.1113 0 0 42.7003 73773 20000 13663 1.1534688 4
0.1114 0 0 42.7059 73774 20000 13659 1.1556972 13
0.1115 0 0 42.7094 73776 20000 13592 1.1504408 11
0.1116 0 0 42.71 73777 20000 13620 1.1531612 10
0.1117 0 0 42.7077 73779 20000 13661 1.1537092 6
0.1118 0 0 42.7035 73780 20000 13617 1.1553988 13
0.1119 0 0 42.6961 73782 20000 13449 1.1369032 10
0.112 0 0 42.6902 73783 20000 13661 1.152138 7
0.1121 0 0 42.6848 73785 20000 13763 1.16375 10
0.1122 0 0 42.6797 73786 20000 13709 1.15516 8
0.1123 0 0 42.6795 73788 20000 13671 1.1549972 7
0.1124 0 0 42.6799 73789 20000 13559 1.14582 21
0.1125 0 0 42.6859 73791 20000 13742 1.1629496 8
0.1126 0 0 42.6927 73792 20000 13635 1.1521152 7
0.1127 0 0 42.7001 73794 20000 13514 1.143608 11
0.1128 0 0 42.7041 73795 20000 13710 1.1609184 10
0.1129 0 0 42.7076 73796 20000 13606 1.1522204 12
0.113 0 0 42.709 73798 20000 13753 1.164658 8
0.1131 0 0 42.7079 73799 20000 13545 1.1454564 14
0.1132 0 0 42.7022 73801 20000 13615 1.1553304 19
0.1133 0 0 42.6977 73802 20000 13494 1.1413256 16
0.1134 0 0 42.6899 73804 20000 13690 1.1582828 7
0.1135 0 0 42.6851 73805 20000 13612 1.1505824 18
0.1136 0 0 42.6835 73807 20000 13598 1.1485412 16
0.1137 0 0 42.6828 73808 20000 13655 1.1560388 14
0.1138 0 0 42.6888 73810 20000 13564 1.1460368 19
0.1139 0 0 42.6932 73811 20000 13593 1.1492624 21
0.114 0 0 42.7009 73812 20000 13471 1.141838 25
0.1141 0 0 42.7072 73814 20000 13519 1.146632 24
0.1142 0 0 42.7136 73815 20000 13560 1.1451684 35
0.1143 0 0 42.7172 73817 20000 13800 1.1668008 30
0.1144 0 0 42.7192 73818 20000 13757 1.1634868 26
0.1145 0 0 42.718 73820 20000 13565 1.1502528 29
0.1146 0 0 42.7143 73821 20000 13576 1.1482472 23
0.1147 0 0 42.711 73823 20000 13607 1.1505812 37
0.1148 0 0 42.7059 73825 20000 13538 1.1440592 44
0.1149 0 0 42.7034 73826 20000 13549 1.1484376 43
0.115 0 0 42.7001 73828 20000 13699 1.1592324 48
0.1151 0 0 42.7 73829 20000 13622 1.1530904 47
0.1152 0 0 42.7002 73830 20000 13719 1.1599584 54
0.1153 0 0 42.7027 73832 20000 13582 1.1506248 52
0.1154 0 0 42.7071 73833 20000 13811 1.1684132 68
0.1155 0 0 42.7124 73835 20000 13612 1.1518528 72
0.1156 0 0 42.7187 73836 20000 13746 1.1604772 53
0.1157 0 0 42.723 73838 20000 13529 1.1453832 52
0.1158 0 0 42.7275 73839 20000 13798 1.1676356 64
0.1159 0 0 42.7293 73841 20000 13544 1.1487012 51
0.116 0 0 42.7277 73842 20000 13765 1.1657956 43
0.1161 0 0 42.7234 73844 20000 13611 1.1517372 51
0.1162 0 0 42.7179 73845 20000 13819 1.1697088 36
0.1163 0 0 42.7098 73847 20000 13733 1.1604004 37
0.1164 0 0 42.7019 73849 20000 13441 1.138168 31
0.1165 0 0 42.6948 73850 20000 13638 1.1524068 28
0.1166 0 0 42.69 73852 20000 13654 1.1545872 43
0.1167 0 0 42.6855 73853 20000 13683 1.1540708 49
0.1168 0 0 42.6861 73855 20000 13738 1.15775 32
0.1169 0 0 42.688 73856 20000 13561 1.145672 40
0.117 0 0 42.6958 73858 20000 13571 1.14735 41
0.1171 0 0 42.7019 73859 20000 13691 1.155954 36
0.1172 0 0 42.7095 73861 20000 13536 1.1420004 42
0.1173 0 0 42.7148 73862 20000 13781 1.1637532 55
0.1174 0 0 42.7177 73864 20000 13559 1.1463256 69
0.1175 0 0 42.7178 73865 20000 13591 1.1479864 42
0.1176 0 0 42.7158 73866 20000 13723 1.1609244 56
0.1177 0 0 42.7127 73868 20000 13636 1.1540956 54
0.1178 0 0 42.7073 73869 20000 13737 1.1601744 66
0.1179 0 0 42.7029 73871 20000 13583 1.1540188 71
0.118 0 0 42.6964 73872 20000 13688 1.15742 94
0.1181 0 0 42.6936 73874 20000 13650 1.1538824 105
0.1182 0 0 42.6912 73875 20000 13741 1.1601252 107
0.1183 0 0 42.6929 73877 20000 13615 1.1552872 161
0.1184 0 0 42.6964 73878 20000 13666 1.1524372 182
0.1185 0 0 42.7063 73880 20000 13659 1.1579448 211
0.1186 0 0 42.7127 73881 20000 13728 1.1650724 245
0.1187 0 0 42.7204 73883 20000 13466 1.1374236 271
0.1188 0 0 42.7256 73884 20000 13777 1.1669072 354
0.1189 0 0 42.7285 73886 20000 13707 1.1554376 428
0.119 0 0 42.7277 73888 20000 13664 1.152882 595
0.1191 0 0 42.7242 73889 20000 13655 1.1571392 726
0.1192 0 0 42.7175 73891 20000 13507 1.1408572 915
0.1193 0 0 42.7132 73892 20000 13703 1.15791 1019
0.1194 0 0 42.7122 73894 20000 13654 1.150906 1241
0.1195 0 0 42.7117 73895 20000 13762 1.1571336 1546
0.1196 0 0 42.7152 73896 20000 13705 1.1583768 1926
0.1197 0 0 42.7183 73898 20000 13787 1.1630692 2304
0.1198 0 0 42.7248 73899 20000 13661 1.146942 2552
0.1199 0 0 42.7286 73901 20000 13717 1.1501 3087
0.12 0 0 42.7313 73903 20000 13747 1.156808 3571
0.1201 0 0 42.7312 73904 20000 13803 1.1548352 3977
0.1202 0 0 42.7293 73905 20000 13844 1.1574812 4420
0.1203 0 0 42.7235 73907 20000 13883 1.1601888 4862
0.1204 0 0 42.7206 73908 20000 13952 1.1656992 5355
0.1205 0 0 42.716 73910 20000 13789 1.154336 5363
0.1206 0 0 42.7125 73911 20000 13837 1.1539164 5441
0.1207 0 0 42.7113 73913 20000 13958 1.1677736 5041
0.1208 0 0 42.7108 73915 20000 13934 1.1657692 4441
0.1209 0 0 42.7143 73916 20000 14003 1.1755028 3332
0.121 0 0 42.7177 73918 20000 13729 1.1519848 2556
0.1211 0 0 42.7231 73919 20000 13841 1.1624624 1962
0.1212 0 0 42.7265 73921 20000 13730 1.1601692 1465
0.1213 0 0 42.7304 73922 20000 13895 1.1722064 1118
0.1214 0 0 42.7317 73924 20000 13787 1.1630016 915
0.1215 0 0 42.7299 73925 20000 13878 1.172942 705
0.1216 0 0 42.7242 73927 20000 13688 1.1570272 569
0.1217 0 0 42.7185 73928 20000 13777 1.1629076 483
0.1218 0 0 42.71 73930 20000 13660 1.153268 385
0.1219 0 0 42.7038 73931 20000 13604 1.1512428 368
0.122 0 0 42.6977 73933 20000 13606 1.1514156 295
0.1221 0 0 42.6972 73934 20000 13852 1.1716448 272
0.1222 0 0 42.6986 73936 20000 13826 1.167932 242
0.1223 0 0 42.705 73937 20000 13616 1.149964 189
0.1224 0 0 42.7134 73939 20000 13688 1.1584556 176
0.1225 0 0 42.7195 73941 20000 13581 1.1486784 152
0.1226 0 0 42.7233 73942 20000 13655 1.1574732 149
0.1227 0 0 42.7253 73943 20000 13677 1.153922 131
0.1228 0 0 42.7247 73945 20000 13783 1.1589576 114
0.1229 0 0 42.721 73946 20000 13824 1.1693992 94
0.123 0 0 42.7158 73948 20000 13850 1.1714296 86
0.1231 0 0 42.7078 73949 20000 13640 1.1511216 73
0.1232 0 0 42.7013 73951 20000 13801 1.1650368 68
0.1233 0 0 42.696 73952 20000 13665 1.1545204 49
0.1234 0 0 42.6945 73954 20000 13590 1.1524884 62
0.1235 0 0 42.6942 73956 20000 13751 1.1646032 50
0.1236 0 0 42.7006 73957 20000 13623 1.1547836 43
0.1237 0 0 42.7044 73958 20000 13759 1.1616468 29
0.1238 0 0 42.7134 73960 20000 13819 1.1703764 42
0.1239 0 0 42.7217 73962 20000 13764 1.1654144 30
0.124 0 0 42.7279 73963 20000 13649 1.15436 28
0.1241 0 0 42.7323 73964 20000 13730 1.1603696 25
0.1242 0 0 42.7337 73966 20000 13845 1.1715436 22
0.1243 0 0 42.7321 73968 20000 13675 1.1577568 25
0.1244 0 0 42.728 73969 20000 13733 1.160808 14
0.1245 0 0 42.7228 73971 20000 13625 1.154416 21
0.1246 0 0 42.7172 73972 20000 13633 1.1575364 20
0.1247 0 0 42.7137 73974 20000 13650 1.1561624 18
0.1248 0 0 42.7097 73975 20000 13784 1.1665824 17
0.1249 0 0 42.7102 73977 20000 13880 1.1728912 24
0.125 0 0 42.7108 73978 20000 13738 1.1628084 14
0.1251 0 0 42.715 73980 20000 13733 1.1636608 24
0.1252 0 0 42.7182 73981 20000 13850 1.1720488 18
0.1253 0 0 42.7205 73983 20000 13620 1.1541032 19
0.1254 0 0 42.7206 73984 20000 13653 1.1544808 6
0.1255 0 0 42.7207 73986 20000 13577 1.1521484 17
0.1256 0 0 42.719 73987 20000 13699 1.1590896 13
0.1257 0 0 42.7167 73989 20000 13729 1.1590588 18
0.1258 0 0 42.7129 73990 20000 13852 1.171438 12
0.1259 0 0 42.7083 73992 20000 13657 1.1576848 9
0.126 0 0 42.7029 73993 20000 13688 1.1581668 8
0.1261 0 0 42.6992 73995 20000 13667 1.1553892 9
0.1262 0 0 42.696 73996 20000 13747 1.1624864 11
0.1263 0 0 42.6939 73998 20000 13703 1.158678 8
0.1264 0 0 42.6943 73999 20000 13569 1.1478308 7
0.1265 0 0 42.6948 74001 20000 13669 1.1558496 16
0.1266 0 0 42.7011 74002 20000 13510 1.1439272 5
0.1267 0 0 42.7069 74004 20000 13611 1.153638 11
0.1268 0 0 42.7129 74005 20000 13760 1.1660124 14
0.1269 0 0 42.7165 74007 20000 13820 1.1721708 5
0.127 0 0 42.7185 74008 20000 13840 1.172964 8
0.1271 0 0 42.717 74010 20000 13731 1.1658592 11
0.1272 0 0 42.7138 74011 20000 13716 1.163768 5
0.1273 0 0 42.7067 74013 20000 14043 1.1860524 15
0.1274 0 0 42.701 74014 20000 13862 1.1752564 3
0.1275 0 0 42.6929 74016 20000 13683 1.1588272 6
0.1276 0 0 42.69 74017 20000 13695 1.1609892 9
0.1277 0 0 42.6891 74019 20000 13800 1.170412 5
0.1278 0 0 42.6917 74020 20000 13605 1.1519088 10
0.1279 0 0 42.6997 74022 20000 13746 1.1652868 7
0.128 0 0 42.7076 74023 20000 13860 1.1727532 9
0.1281 0 0 42.7179 74025 20000 13762 1.1666864 9
0.1282 0 0 42.7259 74026 20000 13773 1.1654672 7
0.1283 0 0 42.7311 74028 20000 13801 1.168988 11
0.1284 0 0 42.7336 74029 20000 13779 1.167608 6
0.1285 0 0 42.7327 74031 20000 13658 1.1554468 6
0.1286 0 0 42.7285 74032 20000 13735 1.159576 3
0.1287 0 0 42.7242 74034 20000 13749 1.163452 7
0.1288 0 0 42.7174 74035 20000 13750 1.1640832 5
0.1289 0 0 42.7157 74037 20000 13805 1.1662312 2
0.129 0 0 42.7156 74038 20000 13794 1.1684524 3
0.1291 0 0 42.7195 74040 20000 13702 1.1612712 8
0.1292 0 0 42.7245 74041 20000 13541 1.146676 5
0.1293 0 0 42.7347 74043 20000 13878 1.1736932 12
0.1294 0 0 42.743 74044 20000 13678 1.1572888 6
0.1295 0 0 42.7511 74046 20000 13745 1.1638944 8
0.1296 0 0 42.7571 74047 20000 13706 1.1607452 10
0.1297 0 0 42.7599 74049 20000 13597 1.1515244 8
0.1298 0 0 42.7606 74050 20000 13867 1.1730616 8
0.1299 0 0 42.7585 74051 20000 13617 1.1551764 7
0.13 0 0 42.7533 74053 20000 13604 1.1533032 5
0.1301 0 0 42.7454 74054 20000 13545 1.1478192 5
0.1302 0 0 42.737 74056 20000 13722 1.161314 6
0.1303 0 0 42.7312 74057 20000 13875 1.1733616 3
0.1304 0 0 42.7263 74059 20000 13817 1.1690804 4
0.1305 0 0 42.725 74060 20000 13832 1.1710708 6
0.1306 0 0 42.7253 74062 20000 13566 1.1480296 8
0.1307 0 0 42.73 74063 20000 13570 1.1503884 5
0.1308 0 0 42.7359 74065 20000 13932 1.1725856 59
0.1309 0 0 42.7401 74066 20000 13879 1.1741252 6
0.131 0 0 42.7448 74067 20000 13560 1.1485412 5
0.1311 0 0 42.7471 74069 20000 13812 1.1678656 3
0.1312 0 0 42.7469 74071 20000 13725 1.1645408 4
0.1313 0 0 42.7435 74072 20000 13789 1.1653 7
0.1314 0 0 42.7352 74074 20000 13865 1.1747304 2
0.1315 0 0 42.7289 74075 20000 13790 1.1655508 7
0.1316 0 0 42.7166 74077 20000 13672 1.1594232 5
0.1317 0 0 42.7111 74078 20000 13794 1.1704392 4
0.1318 0 0 42.7031 74080 20000 13673 1.1581744 5
0.1319 0 0 42.7007 74081 20000 13674 1.1560632 5
0.132 0 0 42.7009 74082 20000 13836 1.1715868 8
0.1321 0 0 42.702 74084 20000 13774 1.166786 5
0.1322 0 0 42.7075 74086 20000 13898 1.1749284 9
0.1323 0 0 42.7134 74087 20000 13673 1.1604616 5
0.1324 0 0 42.7186 74089 20000 13836 1.1706776 6
0.1325 0 0 42.7227 74090 20000 13741 1.163152 3
0.1326 0 0 42.7252 74092 20000 13784 1.168474 3
0.1327 0 0 42.7254 74093 20000 13875 1.1767612 4
0.1328 0 0 42.7223 74095 20000 13874 1.1726872 4
0.1329 0 0 42.7158 74096 20000 13933 1.1798216 11
0.133 0 0 42.7117 74098 20000 13768 1.165036 8
0.1331 0 0 42.704 74099 20000 13801 1.168242 4
0.1332 0 0 42.7006 74101 20000 13731 1.1622068 5
0.1333 0 0 42.6972 74102 20000 13854 1.1745604 4
0.1334 0 0 42.6962 74104 20000 13817 1.1718904 3
0.1335 0 0 42.6978 74105 20000 13641 1.1574204 0
0.1336 0 0 42.7006 74107 20000 13897 1.179602 5
0.1337 0 0 42.7056 74108 20000 13768 1.1672044 4
0.1338 0 0 42.7102 74110 20000 13716 1.1606552 7
0.1339 0 0 42.7147 74111 20000 13811 1.172928 4
0.134 0 0 42.7174 74113 20000 13764 1.1658704 5
0.1341 0 0 42.718 74114 20000 13707 1.1574356 1
0.1342 0 0 42.7158 74116 20000 13739 1.1639056 3
0.1343 0 0 42.7103 74117 20000 13723 1.1619536 9
0.1344 0 0 42.7037 74119 20000 13868 1.1738396 2
0.1345 0 0 42.6994 74120 20000 13914 1.178912 4
0.1346 0 0 42.6951 74122 20000 13702 1.158996 4
0.1347 0 0 42.6962 74124 20000 13645 1.1517028 6
0.1348 0 0 42.6979 74125 20000 13780 1.1664476 3
0.1349 0 0 42.7026 74126 20000 13712 1.1598788 4
0.135 0 0 42.7071 74128 20000 13667 1.156326 2
