0.11 0 0 109.293 39487 15000 9832 1.120328 8
0.1101 0 0 109.295 39488 15000 10072 1.1452144 7
0.1102 0 0 109.293 39490 15000 10111 1.1537592 7
0.1103 0 0 109.294 39491 15000 9941 1.1358284 5
0.1104 0 0 109.291 39493 15000 9907 1.130592 5
0.1105 0 0 109.294 39494 15000 10006 1.1398688 2
0.1106 0 0 109.291 39496 15000 9813 1.117504 6
0.1107 0 0 109.298 39497 15000 10020 1.1432008 0
0.1108 0 0 109.297 39499 15000 9959 1.1344696 4
0.1109 0 0 109.306 39500 15000 9861 1.1250996 5
0.111 0 0 109.307 39502 15000 9944 1.1321712 7
0.1111 0 0 109.313 39503 15000 9906 1.129214 6
0.1112 0 0 109.315 39504 15000 9826 1.1176296 4
0.1113 0 0 109.317 39506 15000 9965 1.1356016 5
0.1114 0 0 109.321 39507 15000 9786 1.1188196 6
0.1115 0 0 109.319 39509 15000 9873 1.126218 6
0.1116 0 0 109.321 39510 15000 9931 1.1332628 8
0.1117 0 0 109.316 39512 15000 10068 1.1452392 7
0.1118 0 0 109.319 39513 15000 9761 1.1143796 0
0.1119 0 0 109.315 39514 15000 9899 1.1304072 7
0.112 0 0 109.317 39516 15000 10000 1.1429468 6
0.1121 0 0 109.316 39517 15000 9861 1.1242384 4
0.1122 0 0 109.316 39519 15000 9975 1.1394352 2
0.1123 0 0 109.315 39520 15000 10010 1.1423496 3
0.1124 0 0 109.316 39522 15000 9898 1.1329408 13
0.1125 0 0 109.319 39523 15000 9814 1.117868 1
0.1126 0 0 109.318 39525 15000 9987 1.1411568 8
0.1127 0 0 109.324 39526 15000 9896 1.1254508 5
0.1128 0 0 109.323 39528 15000 9937 1.1311296 8
0.1129 0 0 109.329 39529 15000 9836 1.1204944 10
0.113 0 0 109.329 39531 15000 9829 1.1250564 7
0.1131 0 0 109.334 39532 15000 9867 1.1255412 6
0.1132 0 0 109.332 39534 15000 9862 1.1266032 5
0.1133 0 0 109.334 39535 15000 9847 1.1264956 9
0.1134 0 0 109.331 39537 15000 10116 1.1552804 8
0.1135 0 0 109.331 39538 15000 9848 1.1271112 7
0.1136 0 0 109.326 39540 15000 9941 1.1346584 7
0.1137 0 0 109.322 39541 15000 9964 1.1396344 6
0.1138 0 0 109.321 39542 15000 9682 1.1048512 5
0.1139 0 0 109.316 39544 15000 9800 1.1176232 7
0.114 0 0 109.321 39545 15000 9896 1.1298936 11
0.1141 0 0 109.319 39547 15000 9792 1.117674 8
0.1142 0 0 109.326 39548 15000 9890 1.12866 14
0.1143 0 0 109.328 39550 15000 9798 1.1161828 6
0.1144 0 0 109.334 39551 15000 9743 1.1131324 18
0.1145 0 0 109.337 39553 15000 9773 1.1155308 5
0.1146 0 0 109.34 39554 15000 9831 1.1246412 6
0.1147 0 0 109.339 39555 15000 9880 1.1293528 6
0.1148 0 0 109.336 39557 15000 9885 1.1298788 6
0.1149 0 0 109.334 39558 15000 9971 1.1360316 10
0.115 0 0 109.328 39560 15000 9975 1.1386088 8
0.1151 0 0 109.328 39561 15000 9894 1.1277532 4
0.1152 0 0 109.321 39563 15000 9852 1.1253828 15
0.1153 0 0 109.323 39564 15000 9850 1.125058 12
0.1154 0 0 109.317 39566 15000 9876 1.1279152 10
0.1155 0 0 109.321 39567 15000 9898 1.1275776 9
0.1156 0 0 109.32 39569 15000 9824 1.123798 15
0.1157 0 0 109.325 39570 15000 9885 1.128572 12
0.1158 0 0 109.328 39572 15000 9876 1.1256404 12
0.1159 0 0 109.333 39573 15000 10027 1.1444264 10
0.116 0 0 109.336 39575 15000 9708 1.1114172 8
0.1161 0 0 109.338 39576 15000 9906 1.1312612 14
0.1162 0 0 109.341 39578 15000 9732 1.1129204 19
0.1163 0 0 109.339 39579 15000 9937 1.1380884 16
0.1164 0 0 109.342 39580 15000 9935 1.1368708 18
0.1165 0 0 109.338 39582 15000 9768 1.1158176 19
0.1166 0 0 109.341 39584 15000 9963 1.1380472 21
0.1167 0 0 109.336 39585 15000 9862 1.1271076 26
0.1168 0 0 109.341 39587 15000 10002 1.1448528 30
0.1169 0 0 109.338 39588 15000 10021 1.145726 43
0.117 0 0 109.343 39590 15000 9884 1.1318776 55
0.1171 0 0 109.341 39591 15000 9937 1.1325 61
0.1172 0 0 109.345 39593 15000 9874 1.1248312 65
0.1173 0 0 109.344 39594 15000 10004 1.141086 127
0.1174 0 0 109.344 39596 15000 9985 1.1361048 176
0.1175 0 0 109.345 39597 15000 10047 1.1460736 196
0.1176 0 0 109.341 39599 15000 9904 1.1301276 204
0.1177 0 0 109.341 39600 15000 9991 1.1437616 249
0.1178 0 0 109.335 39601 15000 9887 1.1255624 293
0.1179 0 0 109.336 39603 15000 9802 1.1188688 423
0.118 0 0 109.331 39604 15000 9836 1.1267248 575
0.1181 0 0 109.334 39606 15000 9980 1.1419372 849
0.1182 0 0 109.332 39607 15000 9948 1.135154 1151
0.1183 0 0 109.336 39609 15000 9876 1.1236748 1399
0.1184 0 0 109.336 39610 15000 9992 1.136698 1703
0.1185 0 0 109.339 39612 15000 10009 1.1357572 2011
0.1186 0 0 109.336 39613 15000 10001 1.1384232 2365
0.1187 0 0 109.336 39615 15000 9942 1.1278116 2672
0.1188 0 0 109.337 39616 15000 10163 1.1530936 2990
0.1189 0 0 109.338 39618 15000 10111 1.13998 3409
0.119 0 0 109.34 39619 15000 9984 1.1299408 3882
0.1191 0 0 109.34 39621 15000 9988 1.1276228 4491
0.1192 0 0 109.343 39622 15000 10198 1.1414192 5271
0.1193 0 0 109.341 39624 15000 9912 1.1175312 4995
0.1194 0 0 109.344 39625 15000 9928 1.1208988 4273
0.1195 0 0 109.339 39627 15000 9856 1.1198392 2922
0.1196 0 0 109.341 39628 15000 9802 1.1156752 1684
0.1197 0 0 109.336 39630 15000 9856 1.126638 1041
0.1198 0 0 109.338 39631 15000 10085 1.1501808 713
0.1199 0 0 109.337 39632 15000 9786 1.1155256 490
0.12 0 0 109.336 39634 15000 9847 1.1249844 391
0.1201 0 0 109.337 39635 15000 9877 1.1252364 323
0.1202 0 0 109.335 39637 15000 9789 1.1184264 295
0.1203 0 0 109.339 39638 15000 9870 1.1273076 283
0.1204 0 0 109.335 39640 15000 9863 1.1272336 228
0.1205 0 0 109.339 39641 15000 9850 1.1268056 198
0.1206 0 0 109.335 39643 15000 9791 1.1222588 177
0.1207 0 0 109.336 39644 15000 9824 1.1265052 147
0.1208 0 0 109.333 39645 15000 10075 1.151738 147
0.1209 0 0 109.334 39647 15000 9913 1.1363076 124
0.121 0 0 109.333 39648 15000 9930 1.1342144 124
0.1211 0 0 109.333 39650 15000 9989 1.1409216 114
0.1212 0 0 109.336 39651 15000 9998 1.1435896 99
0.1213 0 0 109.334 39653 15000 9937 1.138158 98
0.1214 0 0 109.339 39654 15000 9899 1.1318664 74
0.1215 0 0 109.336 39656 15000 9779 1.1188624 68
0.1216 0 0 109.341 39657 15000 9863 1.130208 70
0.1217 0 0 109.339 39658 15000 9895 1.1322468 69
0.1218 0 0 109.341 39660 15000 9875 1.129986 40
0.1219 0 0 109.339 39661 15000 9988 1.140094 52
0.122 0 0 109.34 39663 15000 10041 1.1454964 55
0.1221 0 0 109.341 39664 15000 10013 1.143698 52
0.1222 0 0 109.339 39666 15000 9805 1.121304 48
0.1223 0 0 109.342 39667 15000 9939 1.1376524 42
0.1224 0 0 109.339 39668 15000 9909 1.1334816 34
0.1225 0 0 109.344 39670 15000 9859 1.126224 28
0.1226 0 0 109.341 39671 15000 9683 1.1062092 29
0.1227 0 0 109.344 39673 15000 9834 1.1274244 34
0.1228 0 0 109.344 39674 15000 9929 1.1354664 23
0.1229 0 0 109.345 39676 15000 9894 1.1312248 25
0.123 0 0 109.347 39677 15000 9896 1.1325996 25
0.1231 0 0 109.349 39679 15000 9830 1.1219376 18
0.1232 0 0 109.352 39680 15000 9832 1.1260024 26
0.1233 0 0 109.351 39682 15000 9864 1.1314224 19
0.1234 0 0 109.355 39683 15000 9914 1.1338524 25
0.1235 0 0 109.351 39685 15000 9692 1.110448 23
0.1236 0 0 109.353 39686 15000 9849 1.1259952 18
0.1237 0 0 109.348 39688 15000 9936 1.1408708 20
0.1238 0 0 109.349 39689 15000 10001 1.14444 29
0.1239 0 0 109.342 39691 15000 9794 1.1259264 22
0.124 0 0 109.344 39692 15000 9809 1.12485 16
0.1241 0 0 109.339 39694 15000 9999 1.1398072 18
0.1242 0 0 109.341 39695 15000 9927 1.1328744 17
0.1243 0 0 109.337 39697 15000 9701 1.11014 13
0.1244 0 0 109.342 39698 15000 9935 1.1352604 26
0.1245 0 0 109.341 39700 15000 9669 1.1056736 16
0.1246 0 0 109.346 39702 15000 9810 1.121266 22
0.1247 0 0 109.346 39703 15000 9856 1.1269004 13
0.1248 0 0 109.347 39704 15000 9929 1.13401 19
0.1249 0 0 109.348 39706 15000 10023 1.1422004 14
0.125 0 0 109.345 39707 15000 9792 1.1206392 15
0.1251 0 0 109.346 39709 15000 9778 1.1228992 21
0.1252 0 0 109.341 39710 15000 9969 1.1386476 22
0.1253 0 0 109.343 39712 15000 9925 1.135468 18
0.1254 0 0 109.337 39713 15000 9889 1.1323724 18
0.1255 0 0 109.341 39715 15000 9876 1.132898 17
0.1256 0 0 109.337 39716 15000 9806 1.1254632 21
0.1257 0 0 109.341 39718 15000 10045 1.1483716 9
0.1258 0 0 109.339 39719 15000 9801 1.120974 15
0.1259 0 0 109.341 39721 15000 9955 1.1373548 16
0.126 0 0 109.338 39722 15000 9934 1.1330544 13
0.1261 0 0 109.337 39724 15000 10017 1.1488696 13
0.1262 0 0 109.334 39725 15000 9722 1.1103904 13
0.1263 0 0 109.329 39727 15000 9825 1.1249404 14
0.1264 0 0 109.329 39728 15000 9943 1.13411 13
0.1265 0 0 109.329 39730 15000 9894 1.1334144 14
0.1266 0 0 109.335 39731 15000 9844 1.127706 16
0.1267 0 0 109.335 39733 15000 9712 1.1124164 16
0.1268 0 0 109.343 39734 15000 9880 1.1296716 13
0.1269 0 0 109.344 39736 15000 9744 1.1134224 15
0.127 0 0 109.35 39737 15000 9766 1.1181752 13
0.1271 0 0 109.349 39739 15000 9903 1.129536 8
0.1272 0 0 109.352 39740 15000 9935 1.1382304 15
0.1273 0 0 109.349 39742 15000 9990 1.1456516 13
0.1274 0 0 109.35 39743 15000 9863 1.1283724 11
0.1275 0 0 109.349 39745 15000 9776 1.1200344 18
0.1276 0 0 109.349 39746 15000 10049 1.1500344 10
0.1277 0 0 109.346 39748 15000 9996 1.142452 16
0.1278 0 0 109.343 39749 15000 9809 1.1215704 9
0.1279 0 0 109.343 39750 15000 9947 1.1401872 18
0.128 0 0 109.339 39752 15000 9965 1.13887 18
0.1281 0 0 109.344 39753 15000 9855 1.1254716 7
0.1282 0 0 109.342 39755 15000 10079 1.1550476 15
0.1283 0 0 109.349 39756 15000 9829 1.1254796 14
0.1284 0 0 109.347 39758 15000 9742 1.1127064 9
0.1285 0 0 109.353 39759 15000 9946 1.1385472 14
0.1286 0 0 109.352 39761 15000 10037 1.1489504 10
0.1287 0 0 109.356 39762 15000 9894 1.1325968 13
0.1288 0 0 109.354 39764 15000 9861 1.1303768 11
0.1289 0 0 109.353 39765 15000 9894 1.1331944 14
0.129 0 0 109.353 39767 15000 9959 1.1386816 10
0.1291 0 0 109.349 39768 15000 9922 1.1376896 8
0.1292 0 0 109.349 39770 15000 9905 1.1332412 8
0.1293 0 0 109.342 39771 15000 9847 1.127938 10
0.1294 0 0 109.344 39772 15000 9912 1.1360816 10
0.1295 0 0 109.341 39774 15000 10038 1.1490008 11
0.1296 0 0 109.346 39775 15000 10095 1.1552992 9
0.1297 0 0 109.346 39777 15000 9738 1.1107684 15
0.1298 0 0 109.352 39778 15000 9742 1.1179884 9
0.1299 0 0 109.356 39780 15000 9887 1.133668 12
0.13 0 0 109.358 39781 15000 9901 1.136116 14
