0.105 0 0 62.5526 58307 20000 11985 1.7118132 7
0.10505 0 0 62.5583 58310 20000 12012 1.7176672 6
0.1051 0 0 62.5609 58312 20000 12178 1.7434572 4
0.10515 0 0 62.5586 58314 20000 12088 1.7273196 7
0.1052 0 0 62.5554 58316 20000 12137 1.7383464 9
0.10525 0 0 62.5545 58318 20000 12142 1.7387504 4
0.1053 0 0 62.5539 58320 20000 12108 1.7364468 5
0.10535 0 0 62.5605 58322 20000 12073 1.734268 4
0.1054 0 0 62.5686 58324 20000 12012 1.7243616 5
0.10545 0 0 62.574 58326 20000 11983 1.7181532 7
0.1055 0 0 62.579 58328 20000 12071 1.7285692 8
0.10555 0 0 62.583 58330 20000 11951 1.7078968 11
0.1056 0 0 62.5852 58332 20000 11985 1.712876 3
0.10565 0 0 62.5893 58334 20000 12071 1.7304388 8
0.1057 0 0 62.592 58336 20000 11983 1.7171012 5
0.10575 0 0 62.593 58339 20000 12226 1.750624 1
0.1058 0 0 62.5952 58341 20000 12116 1.7351088 13
0.10585 0 0 62.5949 58343 20000 12042 1.727242 6
0.1059 0 0 62.5942 58345 20000 12037 1.7228432 7
0.10595 0 0 62.5959 58347 20000 11859 1.7009884 6
0.106 0 0 62.5956 58349 20000 11981 1.7167116 6
0.10605 0 0 62.5979 58351 20000 12092 1.7336688 5
0.1061 0 0 62.601 58353 20000 12174 1.7454164 3
0.10615 0 0 62.6022 58355 20000 12091 1.7311148 11
0.1062 0 0 62.6054 58357 20000 12177 1.7437704 5
0.10625 0 0 62.607 58359 20000 11994 1.7192048 3
0.1063 0 0 62.6062 58361 20000 12094 1.7310972 10
0.10635 0 0 62.6078 58363 20000 11867 1.6983968 10
0.1064 0 0 62.6083 58365 20000 12150 1.7371664 5
0.10645 0 0 62.6098 58367 20000 12028 1.7224736 4
0.1065 0 0 62.6108 58369 20000 12050 1.7260252 12
0.10655 0 0 62.6088 58372 20000 11930 1.7084608 4
0.1066 0 0 62.6052 58374 20000 11931 1.7094464 7
0.10665 0 0 62.6056 58376 20000 12073 1.7313216 10
0.1067 0 0 62.6048 58377 20000 12075 1.7347836 8
0.10675 0 0 62.6069 58380 20000 12071 1.7257304 4
0.1068 0 0 62.609 58382 20000 11859 1.7014172 6
0.10685 0 0 62.6086 58384 20000 12091 1.732948 7
0.1069 0 0 62.61 58386 20000 11959 1.7162064 7
0.10695 0 0 62.6107 58388 20000 11958 1.7130888 15
0.107 0 0 62.6105 58390 20000 11965 1.7170332 8
0.10705 0 0 62.6127 58392 20000 12089 1.7286612 8
0.1071 0 0 62.6129 58394 20000 12100 1.7401932 10
0.10715 0 0 62.6133 58396 20000 12017 1.7251512 5
0.1072 0 0 62.6156 58398 20000 12161 1.7448048 8
0.10725 0 0 62.6159 58400 20000 12075 1.7297344 7
0.1073 0 0 62.6188 58402 20000 12005 1.720974 8
0.10735 0 0 62.6235 58404 20000 11996 1.7214972 2
0.1074 0 0 62.626 58406 20000 11935 1.7106528 10
0.10745 0 0 62.6297 58408 20000 12071 1.7301936 7
0.1075 0 0 62.6308 58410 20000 12162 1.74344 8
0.10755 0 0 62.6294 58412 20000 12041 1.7306956 6
0.1076 0 0 62.6277 58414 20000 12126 1.7389156 9
0.10765 0 0 62.6241 58416 20000 11929 1.7106732 5
0.1077 0 0 62.6217 58418 20000 12132 1.74087 2
0.10775 0 0 62.6234 58420 20000 11867 1.7000928 6
0.1078 0 0 62.6234 58422 20000 11964 1.713626 5
0.10785 0 0 62.625 58424 20000 12142 1.738946 6
0.1079 0 0 62.6273 58426 20000 12086 1.7297368 6
0.10795 0 0 62.6273 58428 20000 12064 1.7304676 11
0.108 0 0 62.6279 58430 20000 12095 1.7341296 9
0.10805 0 0 62.6275 58432 20000 12045 1.7271204 4
0.1081 0 0 62.626 58435 20000 12106 1.7340604 11
0.10815 0 0 62.6286 58437 20000 12006 1.72305 8
0.1082 0 0 62.629 58438 20000 12053 1.7290424 6
0.10825 0 0 62.6285 58440 20000 12071 1.7354192 9
0.1083 0 0 62.6283 58443 20000 12015 1.7250036 10
0.10835 0 0 62.6253 58445 20000 11858 1.7020116 5
0.1084 0 0 62.6238 58447 20000 11971 1.719862 8
0.10845 0 0 62.6222 58449 20000 12027 1.7255648 7
0.1085 0 0 62.6186 58451 20000 12081 1.7354388 13
0.10855 0 0 62.6187 58453 20000 12032 1.7296876 6
0.1086 0 0 62.6187 58455 20000 12068 1.7332672 2
0.10865 0 0 62.6179 58457 20000 12097 1.7358484 5
0.1087 0 0 62.6199 58459 20000 12142 1.742758 10
0.10875 0 0 62.6187 58461 20000 11973 1.71753 8
0.1088 0 0 62.6161 58463 20000 12067 1.7317816 5
0.10885 0 0 62.6148 58465 20000 11982 1.7202592 7
0.1089 0 0 62.612 58467 20000 12022 1.7250556 5
0.10895 0 0 62.6159 58469 20000 12083 1.7338124 9
0.109 0 0 62.6192 58471 20000 11977 1.7171396 4
0.10905 0 0 62.62 58473 20000 11947 1.7127416 3
0.1091 0 0 62.6206 58475 20000 12057 1.7284448 4
0.10915 0 0 62.6191 58477 20000 12072 1.7363048 8
0.1092 0 0 62.6184 58479 20000 12019 1.7219216 6
0.10925 0 0 62.6202 58481 20000 11907 1.7125228 8
0.1093 0 0 62.6202 58483 20000 12034 1.7250584 12
0.10935 0 0 62.6225 58485 20000 12037 1.7297836 11
0.1094 0 0 62.6247 58487 20000 12040 1.7272168 10
0.10945 0 0 62.6239 58489 20000 11999 1.7202076 8
0.1095 0 0 62.6232 58491 20000 12060 1.7317976 5
0.10955 0 0 62.6234 58493 20000 12069 1.7311008 5
0.1096 0 0 62.6226 58495 20000 12000 1.7232048 7
0.10965 0 0 62.6247 58498 20000 11944 1.7150252 11
0.1097 0 0 62.6255 58500 20000 11914 1.7142584 12
0.10975 0 0 62.6253 58502 20000 11946 1.7176476 5
0.1098 0 0 62.6265 58504 20000 11923 1.7083156 8
0.10985 0 0 62.6254 58506 20000 12047 1.7288324 11
0.1099 0 0 62.6264 58508 20000 12021 1.7228444 11
0.10995 0 0 62.63 58510 20000 12067 1.7338652 9
0.11 0 0 62.631 58512 20000 12074 1.731268 9
0.11005 0 0 62.6291 58514 20000 11921 1.7113824 11
0.1101 0 0 62.6286 58516 20000 12065 1.7330808 12
0.11015 0 0 62.6268 58518 20000 12154 1.7444796 8
0.1102 0 0 62.629 58520 20000 12029 1.726084 8
0.11025 0 0 62.631 58522 20000 12060 1.7320492 5
0.1103 0 0 62.6311 58524 20000 11928 1.7138904 9
0.11035 0 0 62.631 58526 20000 11947 1.7142244 12
0.1104 0 0 62.6298 58528 20000 12014 1.7233468 15
0.11045 0 0 62.6285 58530 20000 12033 1.7314616 11
0.1105 0 0 62.6286 58533 20000 12058 1.7334068 6
0.11055 0 0 62.6264 58535 20000 11911 1.7124948 11
0.1106 0 0 62.6244 58537 20000 11960 1.7167036 10
0.11065 0 0 62.6267 58539 20000 12134 1.74563 7
0.1107 0 0 62.6275 58541 20000 11958 1.7166572 14
0.11075 0 0 62.6288 58543 20000 12081 1.734092 9
0.1108 0 0 62.6283 58545 20000 12063 1.7362728 22
0.11085 0 0 62.6238 58547 20000 11975 1.7195284 9
0.1109 0 0 62.6222 58549 20000 12099 1.7350704 10
0.11095 0 0 62.6207 58551 20000 12140 1.7463008 15
0.111 0 0 62.6208 58553 20000 11962 1.71926 8
0.11105 0 0 62.6226 58555 20000 12144 1.7467772 13
0.1111 0 0 62.6208 58557 20000 12106 1.7395608 7
0.11115 0 0 62.6166 58559 20000 12066 1.7297828 12
0.1112 0 0 62.6174 58561 20000 12043 1.7300368 12
0.11125 0 0 62.6168 58563 20000 11980 1.7215528 13
0.1113 0 0 62.6185 58565 20000 12120 1.7454524 15
0.11135 0 0 62.6208 58567 20000 11941 1.7172424 6
0.1114 0 0 62.6224 58569 20000 11988 1.7235144 13
0.11145 0 0 62.6264 58571 20000 12312 1.771772 15
0.1115 0 0 62.6281 58573 20000 12142 1.7466152 11
0.11155 0 0 62.6275 58575 20000 11973 1.7231136 10
0.1116 0 0 62.6292 58577 20000 12028 1.7270892 15
0.11165 0 0 62.6297 58579 20000 11917 1.7095964 10
0.1117 0 0 62.6308 58581 20000 11993 1.7246664 9
0.11175 0 0 62.6343 58584 20000 11882 1.7082776 10
0.1118 0 0 62.6346 58586 20000 12075 1.7319524 5
0.11185 0 0 62.633 58588 20000 11999 1.7230068 20
0.1119 0 0 62.6323 58590 20000 12036 1.731094 13
0.11195 0 0 62.6304 58592 20000 11886 1.7074472 14
0.112 0 0 62.6325 58594 20000 12119 1.742202 15
0.11205 0 0 62.6357 58596 20000 12101 1.743858 13
0.1121 0 0 62.6365 58598 20000 11955 1.7175636 8
0.11215 0 0 62.638 58600 20000 11971 1.7227412 16
0.1122 0 0 62.6385 58602 20000 11998 1.727286 17
0.11225 0 0 62.637 58604 20000 11990 1.7227692 17
0.1123 0 0 62.6365 58606 20000 12077 1.7384856 7
0.11235 0 0 62.6359 58608 20000 11975 1.7224832 14
0.1124 0 0 62.6366 58611 20000 12163 1.7481192 22
0.11245 0 0 62.6403 58613 20000 12091 1.741914 19
0.1125 0 0 62.6408 58615 20000 12081 1.7308696 11
0.11255 0 0 62.6383 58617 20000 12007 1.7236176 19
0.1126 0 0 62.6395 58619 20000 11844 1.6989116 14
0.11265 0 0 62.6387 58621 20000 12119 1.7396592 14
0.1127 0 0 62.6412 58623 20000 11937 1.7181952 22
0.11275 0 0 62.6439 58625 20000 11952 1.717294 17
0.1128 0 0 62.6445 58627 20000 11925 1.7186864 23
0.11285 0 0 62.6449 58629 20000 11974 1.7245816 26
0.1129 0 0 62.6435 58631 20000 12032 1.7290616 17
0.11295 0 0 62.6424 58633 20000 12017 1.7296736 27
0.113 0 0 62.6495 58635 20000 12042 1.7336928 19
0.11305 0 0 62.6569 58637 20000 11978 1.7269992 23
0.1131 0 0 62.6646 58639 20000 11950 1.7185296 24
0.11315 0 0 62.6698 58641 20000 11930 1.7148108 27
0.1132 0 0 62.6691 58643 20000 11905 1.7142372 23
0.11325 0 0 62.6652 58645 20000 11948 1.714016 27
0.1133 0 0 62.6589 58647 20000 12013 1.7288336 34
0.11335 0 0 62.6501 58649 20000 12054 1.7338416 42
0.1134 0 0 62.6471 58651 20000 11940 1.7183056 25
0.11345 0 0 62.6476 58653 20000 12015 1.7291392 24
0.1135 0 0 62.6515 58655 20000 12088 1.7376336 22
0.11355 0 0 62.6595 58657 20000 12012 1.7233788 42
0.1136 0 0 62.6638 58659 20000 12043 1.7350232 41
0.11365 0 0 62.6627 58661 20000 11823 1.70216 38
0.1137 0 0 62.6587 58663 20000 11963 1.7174388 52
0.11375 0 0 62.6498 58666 20000 12083 1.7372732 57
0.1138 0 0 62.6395 58668 20000 12160 1.7455128 61
0.11385 0 0 62.6358 58670 20000 11916 1.712668 58
0.1139 0 0 62.6357 58672 20000 12072 1.7393256 63
0.11395 0 0 62.645 58674 20000 12163 1.7488624 57
0.114 0 0 62.6576 58676 20000 12012 1.7320984 54
0.11405 0 0 62.6677 58678 20000 12108 1.7393344 71
0.1141 0 0 62.6731 58680 20000 12008 1.7293572 70
0.11415 0 0 62.6662 58682 20000 11979 1.7259872 71
0.1142 0 0 62.6482 58684 20000 11948 1.715912 93
0.11425 0 0 62.6293 58686 20000 12048 1.7363736 84
0.1143 0 0 62.62 58688 20000 12149 1.7484556 93
0.11435 0 0 62.6168 58690 20000 11950 1.7203336 109
0.1144 0 0 62.628 58693 20000 12196 1.7534616 104
0.11445 0 0 62.6471 58695 20000 12094 1.742592 130
0.1145 0 0 62.6625 58697 20000 12064 1.7393936 98
0.11455 0 0 62.6716 58699 20000 12137 1.7490036 137
0.1146 0 0 62.669 58701 20000 12072 1.7395692 159
0.11465 0 0 62.6537 58703 20000 12023 1.7303028 131
0.1147 0 0 62.6337 58705 20000 11970 1.7185144 141
0.11475 0 0 62.6136 58707 20000 12093 1.7403772 192
0.1148 0 0 62.6046 58709 20000 11999 1.728898 170
0.11485 0 0 62.6056 58711 20000 12030 1.7298088 238
0.1149 0 0 62.6175 58713 20000 12029 1.7263248 215
0.11495 0 0 62.6392 58715 20000 12100 1.7403388 271
0.115 0 0 62.6553 58717 20000 12211 1.7551392 322
0.11505 0 0 62.6627 58719 20000 11962 1.71507 383
0.1151 0 0 62.6634 58721 20000 11991 1.7255108 342
0.11515 0 0 62.6536 58723 20000 12039 1.7321772 365
0.1152 0 0 62.6326 58725 20000 12130 1.7429208 427
0.11525 0 0 62.6107 58727 20000 11993 1.7241388 447
0.1153 0 0 62.5943 58729 20000 11908 1.715884 551
0.11535 0 0 62.5936 58731 20000 11895 1.7157744 605
0.1154 0 0 62.6055 58733 20000 11958 1.7194768 653
0.11545 0 0 62.6246 58735 20000 11836 1.7010404 751
0.1155 0 0 62.64 58738 20000 12003 1.7235016 941
0.11555 0 0 62.6509 58740 20000 12186 1.7468196 972
0.1156 0 0 62.652 58742 20000 11931 1.7144664 1202
0.11565 0 0 62.6428 58744 20000 11990 1.7228004 1228
0.1157 0 0 62.6263 58746 20000 12055 1.726416 1246
0.11575 0 0 62.6007 58748 20000 11928 1.7139528 1348
0.1158 0 0 62.5888 58750 20000 12158 1.7530852 1451
0.11585 0 0 62.5804 58752 20000 12170 1.7468856 1589
0.1159 0 0 62.5881 58754 20000 12193 1.750722 1591
0.11595 0 0 62.606 58756 20000 11994 1.7210488 1624
0.116 0 0 62.6201 58758 20000 11996 1.7265552 1798
0.11605 0 0 62.637 58760 20000 12048 1.7250588 1825
0.1161 0 0 62.6442 58762 20000 12000 1.7236972 1960
0.11615 0 0 62.6413 58764 20000 12177 1.748716 2184
0.1162 0 0 62.6308 58766 20000 11982 1.7194836 2324
0.11625 0 0 62.6166 58768 20000 12188 1.7512888 2550
0.1163 0 0 62.6066 58770 20000 11967 1.7197304 2623
0.11635 0 0 62.6025 58772 20000 12119 1.737484 3009
0.1164 0 0 62.6 58774 20000 12104 1.732494 3167
0.11645 0 0 62.603 58776 20000 12137 1.7350912 3226
0.1165 0 0 62.607 58778 20000 12208 1.7487332 3248
0.11655 0 0 62.6089 58780 20000 11878 1.6992972 2884
0.1166 0 0 62.6146 58782 20000 12097 1.732578 2682
0.11665 0 0 62.6171 58784 20000 12062 1.729612 2348
0.1167 0 0 62.6164 58786 20000 12076 1.731802 1994
0.11675 0 0 62.6146 58788 20000 12184 1.7492444 1673
0.1168 0 0 62.6099 58791 20000 12053 1.7309392 1389
0.11685 0 0 62.6052 58793 20000 12061 1.7342792 1222
0.1169 0 0 62.607 58795 20000 12098 1.7383696 1030
0.11695 0 0 62.6093 58797 20000 11992 1.72227 979
0.117 0 0 62.6172 58799 20000 11855 1.7034248 839
0.11705 0 0 62.624 58801 20000 11981 1.7239288 798
0.1171 0 0 62.6254 58803 20000 12035 1.727028 747
0.11715 0 0 62.6245 58805 20000 11996 1.7267272 691
0.1172 0 0 62.6218 58807 20000 11943 1.721708 706
0.11725 0 0 62.6179 58809 20000 11991 1.7330812 640
0.1173 0 0 62.6225 58811 20000 12114 1.7432116 654
0.11735 0 0 62.6279 58813 20000 12117 1.7456044 648
0.1174 0 0 62.6332 58815 20000 12066 1.7322552 624
0.11745 0 0 62.6379 58817 20000 12059 1.7356704 631
0.1175 0 0 62.6375 58819 20000 12104 1.741742 624
0.11755 0 0 62.6333 58821 20000 12010 1.7285536 586
0.1176 0 0 62.6314 58824 20000 11837 1.7046312 624
0.11765 0 0 62.6291 58826 20000 12119 1.743222 627
0.1177 0 0 62.6304 58828 20000 12141 1.7459208 642
0.11775 0 0 62.6334 58830 20000 12044 1.7322688 638
0.1178 0 0 62.6338 58832 20000 12097 1.742838 635
0.11785 0 0 62.6345 58834 20000 12070 1.7365684 669
0.1179 0 0 62.6347 58836 20000 11885 1.7157176 670
0.11795 0 0 62.6333 58838 20000 11955 1.724752 736
0.118 0 0 62.6357 58840 20000 12084 1.742166 760
0.11805 0 0 62.6364 58842 20000 12057 1.7365192 766
0.1181 0 0 62.635 58844 20000 12083 1.7404912 741
0.11815 0 0 62.6372 58846 20000 12076 1.7390812 900
0.1182 0 0 62.6376 58848 20000 11945 1.7162816 899
0.11825 0 0 62.636 58850 20000 12067 1.7308664 939
0.1183 0 0 62.6369 58852 20000 11971 1.7216676 970
0.11835 0 0 62.6363 58855 20000 11982 1.723272 1042
0.1184 0 0 62.6372 58857 20000 12007 1.7300884 1161
0.11845 0 0 62.64 58859 20000 12078 1.7359016 1262
0.1185 0 0 62.6405 58861 20000 12069 1.73368 1381
0.11855 0 0 62.6416 58863 20000 12007 1.7298004 1472
0.1186 0 0 62.6415 58865 20000 12005 1.7244756 1532
0.11865 0 0 62.638 58867 20000 11941 1.716978 1735
0.1187 0 0 62.6377 58869 20000 11971 1.720664 1704
0.11875 0 0 62.6385 58871 20000 12047 1.7325976 1857
0.1188 0 0 62.6384 58873 20000 12012 1.7268212 2035
0.11885 0 0 62.639 58875 20000 12063 1.7328568 2172
0.1189 0 0 62.6386 58877 20000 12053 1.7323168 2291
0.11895 0 0 62.637 58879 20000 12019 1.7293004 2400
0.119 0 0 62.6378 58881 20000 11882 1.710688 2416
0.11905 0 0 62.636 58883 20000 12024 1.7257112 2613
0.1191 0 0 62.6336 58885 20000 12178 1.744466 2828
0.11915 0 0 62.6325 58887 20000 12032 1.727908 2810
0.1192 0 0 62.6301 58889 20000 12043 1.730286 3043
0.11925 0 0 62.6339 58891 20000 12135 1.7397912 3009
0.1193 0 0 62.6396 58893 20000 12130 1.7453032 3170
0.11935 0 0 62.6454 58895 20000 12047 1.7290804 3237
0.1194 0 0 62.6503 58897 20000 12102 1.731434 3317
0.11945 0 0 62.6496 58900 20000 12092 1.7368608 3530
0.1195 0 0 62.6433 58902 20000 11976 1.7159532 3762
0.11955 0 0 62.6402 58904 20000 12051 1.7302236 3761
0.1196 0 0 62.6352 58906 20000 12055 1.7272092 3663
0.11965 0 0 62.6296 58908 20000 12013 1.7205136 3748
0.1197 0 0 62.6291 58910 20000 12118 1.735022 3649
0.11975 0 0 62.628 58912 20000 12120 1.7368552 3613
0.1198 0 0 62.6299 58914 20000 12105 1.7363332 3379
0.11985 0 0 62.6294 58916 20000 12074 1.7347716 3243
0.1199 0 0 62.6241 58918 20000 12133 1.7415112 2941
0.11995 0 0 62.6176 58920 20000 12032 1.72791 2674
0.12 0 0 62.6147 58922 20000 11911 1.7082044 2432
0.12005 0 0 62.6127 58924 20000 11985 1.7208164 2160
0.1201 0 0 62.6158 58926 20000 11966 1.720574 1916
0.12015 0 0 62.6172 58928 20000 12055 1.7402504 1602
0.1202 0 0 62.6166 58930 20000 12204 1.7527084 1529
0.12025 0 0 62.616 58932 20000 12036 1.7320848 1335
0.1203 0 0 62.612 58935 20000 12005 1.7307048 1121
0.12035 0 0 62.6083 58937 20000 11992 1.7297812 960
0.1204 0 0 62.6093 58939 20000 12067 1.7381308 865
0.12045 0 0 62.6105 58941 20000 11920 1.7192532 746
0.1205 0 0 62.6152 58943 20000 12058 1.7333732 615
0.12055 0 0 62.6178 58945 20000 12062 1.742188 532
0.1206 0 0 62.6151 58947 20000 12068 1.7426272 552
0.12065 0 0 62.6098 58949 20000 12048 1.7387948 432
0.1207 0 0 62.6046 58951 20000 12041 1.7329392 422
0.12075 0 0 62.5993 58953 20000 12168 1.7538364 350
0.1208 0 0 62.5997 58955 20000 11969 1.7277732 334
0.12085 0 0 62.601 58957 20000 12040 1.7332608 324
0.1209 0 0 62.6025 58959 20000 11893 1.7150816 287
0.12095 0 0 62.6066 58961 20000 12048 1.7374244 264
0.121 0 0 62.6082 58964 20000 12063 1.7440492 239
0.12105 0 0 62.6076 58966 20000 11816 1.7042148 223
0.1211 0 0 62.6093 58968 20000 12124 1.7486484 219
0.12115 0 0 62.6095 58970 20000 12024 1.7307468 183
0.1212 0 0 62.6123 58972 20000 11855 1.7167016 203
0.12125 0 0 62.6159 58974 20000 12154 1.7558236 178
0.1213 0 0 62.616 58976 20000 12187 1.7589628 156
0.12135 0 0 62.6153 58978 20000 12001 1.7343528 168
0.1214 0 0 62.6178 58980 20000 11979 1.7307312 132
0.12145 0 0 62.6188 58982 20000 12127 1.749594 152
0.1215 0 0 62.6191 58984 20000 12020 1.729882 149
0.12155 0 0 62.6169 58986 20000 11979 1.7285564 119
0.1216 0 0 62.6112 58988 20000 12040 1.7381944 109
0.12165 0 0 62.6109 58990 20000 11883 1.7179872 96
0.1217 0 0 62.6132 58992 20000 11859 1.7106116 114
0.12175 0 0 62.6209 58994 20000 12116 1.7493956 102
0.1218 0 0 62.6313 58997 20000 12007 1.7321796 95
0.12185 0 0 62.6373 58999 20000 12041 1.738566 76
0.1219 0 0 62.6386 59001 20000 12037 1.7399884 69
0.12195 0 0 62.6385 59003 20000 12009 1.7299384 84
0.122 0 0 62.6345 59005 20000 11982 1.7313732 58
0.12205 0 0 62.6331 59007 20000 11915 1.7244764 78
0.1221 0 0 62.6336 59009 20000 11822 1.7097332 74
0.12215 0 0 62.6333 59011 20000 12063 1.7440952 70
0.1222 0 0 62.6367 59013 20000 11957 1.728228 49
0.12225 0 0 62.6402 59015 20000 12087 1.7463664 63
0.1223 0 0 62.643 59017 20000 11896 1.7139668 44
0.12235 0 0 62.6439 59019 20000 12112 1.7484876 49
0.1224 0 0 62.6409 59021 20000 11864 1.7143476 37
0.12245 0 0 62.6359 59023 20000 11911 1.717178 47
0.1225 0 0 62.635 59025 20000 12061 1.7427192 39
0.12255 0 0 62.6332 59027 20000 11914 1.721734 33
0.1226 0 0 62.6345 59029 20000 11966 1.7290212 46
0.12265 0 0 62.6341 59031 20000 11983 1.7352032 39
0.1227 0 0 62.6291 59034 20000 11941 1.720402 33
0.12275 0 0 62.6228 59035 20000 11836 1.7090228 32
0.1228 0 0 62.6191 59037 20000 12064 1.7415832 31
0.12285 0 0 62.6153 59040 20000 11915 1.7265812 34
0.1229 0 0 62.6178 59042 20000 12066 1.7494568 36
0.12295 0 0 62.6185 59044 20000 11867 1.711602 20
0.123 0 0 62.616 59046 20000 12014 1.7377896 34
0.12305 0 0 62.6148 59048 20000 11972 1.7341296 20
0.1231 0 0 62.6131 59050 20000 11974 1.7354764 12
0.12315 0 0 62.6147 59052 20000 11947 1.7243832 23
0.1232 0 0 62.6217 59054 20000 11984 1.7270056 22
0.12325 0 0 62.6267 59056 20000 12118 1.7502968 30
0.1233 0 0 62.63 59058 20000 11874 1.7187848 11
0.12335 0 0 62.631 59060 20000 11887 1.718474 18
0.1234 0 0 62.6266 59062 20000 11993 1.7321696 17
0.12345 0 0 62.6232 59064 20000 11757 1.7045004 17
0.1235 0 0 62.6208 59066 20000 12069 1.7491652 14
0.12355 0 0 62.6206 59068 20000 12076 1.7501672 21
0.1236 0 0 62.6261 59070 20000 11926 1.719326 16
0.12365 0 0 62.6324 59072 20000 12005 1.7379276 17
0.1237 0 0 62.6413 59074 20000 12048 1.7418128 16
0.12375 0 0 62.6479 59077 20000 11963 1.7274844 19
0.1238 0 0 62.6481 59079 20000 12153 1.758582 19
0.12385 0 0 62.6424 59081 20000 12014 1.7366684 17
0.1239 0 0 62.6375 59083 20000 11928 1.7242648 15
0.12395 0 0 62.6303 59085 20000 11865 1.7146572 16
0.124 0 0 62.629 59087 20000 11961 1.7305768 11
0.12405 0 0 62.6331 59089 20000 11986 1.731196 11
0.1241 0 0 62.637 59091 20000 11937 1.7263408 13
0.12415 0 0 62.6437 59093 20000 12045 1.7420988 19
0.1242 0 0 62.6483 59095 20000 11995 1.7348872 11
0.12425 0 0 62.6495 59097 20000 11953 1.7299284 12
0.1243 0 0 62.6497 59099 20000 12070 1.7472728 9
0.12435 0 0 62.6479 59101 20000 11984 1.729106 13
0.1244 0 0 62.6446 59103 20000 11977 1.7319064 4
0.12445 0 0 62.6443 59105 20000 11911 1.7216036 15
0.1245 0 0 62.6431 59107 20000 11961 1.7292056 22
0.12455 0 0 62.6442 59110 20000 11983 1.7328016 10
0.1246 0 0 62.6478 59112 20000 12114 1.7514484 7
0.12465 0 0 62.6478 59114 20000 12028 1.737502 13
0.1247 0 0 62.6465 59116 20000 11986 1.7370308 11
0.12475 0 0 62.645 59118 20000 11914 1.7252668 8
0.1248 0 0 62.6413 59120 20000 12158 1.7599684 13
0.12485 0 0 62.6399 59122 20000 11944 1.7284712 11
0.1249 0 0 62.6402 59124 20000 11957 1.7267752 7
0.12495 0 0 62.6406 59126 20000 11908 1.7219292 8
0.125 0 0 62.6435 59128 20000 11775 1.7013764 9
