0.11 0 0 102.324 42660 15000 9619 1.1415712 9
0.1101 0 0 102.317 42662 15000 9683 1.1503948 5
0.1102 0 0 102.309 42663 15000 9801 1.1657032 3
0.1103 0 0 102.304 42665 15000 9605 1.1421476 7
0.1104 0 0 102.301 42666 15000 9692 1.1531948 3
0.1105 0 0 102.299 42668 15000 9651 1.1500256 3
0.1106 0 0 102.304 42669 15000 9680 1.1485636 5
0.1107 0 0 102.306 42671 15000 9574 1.1400052 4
0.1108 0 0 102.315 42672 15000 9677 1.1498456 4
0.1109 0 0 102.319 42673 15000 9698 1.1535484 6
0.111 0 0 102.329 42675 15000 9762 1.1617064 7
0.1111 0 0 102.333 42676 15000 9455 1.1264928 6
0.1112 0 0 102.339 42678 15000 9788 1.1678416 6
0.1113 0 0 102.338 42679 15000 9573 1.1391248 8
0.1114 0 0 102.339 42681 15000 9693 1.1552788 7
0.1115 0 0 102.335 42682 15000 9621 1.1475252 6
0.1116 0 0 102.332 42684 15000 9790 1.1657176 6
0.1117 0 0 102.327 42685 15000 9747 1.1560792 5
0.1118 0 0 102.323 42687 15000 9782 1.1620592 5
0.1119 0 0 102.322 42689 15000 9758 1.1624504 9
0.112 0 0 102.322 42690 15000 9685 1.1532512 14
0.1121 0 0 102.327 42691 15000 9616 1.1437268 7
0.1122 0 0 102.328 42693 15000 9651 1.146068 5
0.1123 0 0 102.337 42694 15000 9687 1.155704 10
0.1124 0 0 102.34 42696 15000 9524 1.1343256 6
0.1125 0 0 102.35 42697 15000 9628 1.1500572 7
0.1126 0 0 102.353 42699 15000 9540 1.1389324 7
0.1127 0 0 102.359 42700 15000 9592 1.1385528 6
0.1128 0 0 102.358 42702 15000 9546 1.1398172 3
0.1129 0 0 102.36 42703 15000 9735 1.1550564 8
0.113 0 0 102.358 42705 15000 9615 1.1450824 9
0.1131 0 0 102.356 42706 15000 9713 1.1511312 8
0.1132 0 0 102.356 42708 15000 9658 1.1484036 7
0.1133 0 0 102.352 42709 15000 9630 1.1506748 9
0.1134 0 0 102.354 42711 15000 9658 1.1539816 5
0.1135 0 0 102.351 42712 15000 9750 1.1620684 10
0.1136 0 0 102.356 42714 15000 9808 1.167888 9
0.1137 0 0 102.354 42715 15000 9560 1.139766 7
0.1138 0 0 102.361 42717 15000 9575 1.140548 6
0.1139 0 0 102.361 42718 15000 9681 1.156608 9
0.114 0 0 102.367 42720 15000 9636 1.1493328 6
0.1141 0 0 102.368 42721 15000 9578 1.1417412 8
0.1142 0 0 102.373 42723 15000 9683 1.152274 7
0.1143 0 0 102.372 42724 15000 9695 1.1521232 5
0.1144 0 0 102.373 42726 15000 9748 1.1568068 18
0.1145 0 0 102.368 42727 15000 9617 1.1484804 2
0.1146 0 0 102.365 42729 15000 9675 1.1515192 8
0.1147 0 0 102.36 42730 15000 9696 1.1535488 13
0.1148 0 0 102.354 42732 15000 9687 1.1518312 7
0.1149 0 0 102.351 42733 15000 9618 1.1467056 12
0.115 0 0 102.345 42735 15000 9595 1.14013 13
0.1151 0 0 102.346 42736 15000 9616 1.1418716 13
0.1152 0 0 102.342 42737 15000 9680 1.15189 13
0.1153 0 0 102.347 42739 15000 9549 1.1361592 14
0.1154 0 0 102.345 42741 15000 9606 1.1449564 16
0.1155 0 0 102.354 42742 15000 9533 1.1306288 9
0.1156 0 0 102.356 42743 15000 9574 1.1436012 21
0.1157 0 0 102.364 42745 15000 9619 1.1458304 14
0.1158 0 0 102.369 42746 15000 9726 1.163046 20
0.1159 0 0 102.377 42748 15000 9797 1.16686 24
0.116 0 0 102.381 42750 15000 9589 1.1445432 40
0.1161 0 0 102.385 42751 15000 9721 1.1573512 44
0.1162 0 0 102.383 42753 15000 9649 1.1505712 60
0.1163 0 0 102.38 42754 15000 9669 1.1511152 68
0.1164 0 0 102.374 42756 15000 9682 1.1535048 92
0.1165 0 0 102.368 42757 15000 9530 1.1355956 99
0.1166 0 0 102.366 42759 15000 9734 1.159414 103
0.1167 0 0 102.363 42760 15000 9644 1.1459528 139
0.1168 0 0 102.367 42762 15000 9624 1.1449756 188
0.1169 0 0 102.367 42763 15000 9780 1.163312 270
0.117 0 0 102.377 42765 15000 9689 1.1489488 393
0.1171 0 0 102.382 42766 15000 9737 1.156902 508
0.1172 0 0 102.391 42768 15000 9706 1.1535352 735
0.1173 0 0 102.393 42769 15000 9665 1.1475292 1028
0.1174 0 0 102.398 42771 15000 9609 1.1436156 1357
0.1175 0 0 102.397 42772 15000 9721 1.1587764 1765
0.1176 0 0 102.397 42774 15000 9566 1.1300788 2166
0.1177 0 0 102.39 42775 15000 9894 1.1724848 2758
0.1178 0 0 102.386 42777 15000 9922 1.1690584 3149
0.1179 0 0 102.377 42779 15000 9755 1.14766 3398
0.118 0 0 102.372 42780 15000 9687 1.1448008 3660
0.1181 0 0 102.365 42781 15000 9825 1.1581044 4116
0.1182 0 0 102.359 42783 15000 9796 1.15624 4491
0.1183 0 0 102.355 42784 15000 9817 1.1537528 5297
0.1184 0 0 102.351 42786 15000 9876 1.158854 5783
0.1185 0 0 102.352 42787 15000 9869 1.1626608 4765
0.1186 0 0 102.351 42789 15000 9675 1.1446428 2934
0.1187 0 0 102.357 42790 15000 9587 1.1385964 1548
0.1188 0 0 102.357 42792 15000 9639 1.1463264 907
0.1189 0 0 102.367 42793 15000 9655 1.1472368 617
0.119 0 0 102.371 42795 15000 9660 1.148816 425
0.1191 0 0 102.382 42796 15000 9675 1.1485336 375
0.1192 0 0 102.386 42798 15000 9485 1.1281732 326
0.1193 0 0 102.392 42799 15000 9646 1.1513984 333
0.1194 0 0 102.392 42801 15000 9721 1.1586268 268
0.1195 0 0 102.392 42802 15000 9589 1.1387736 236
0.1196 0 0 102.389 42804 15000 9713 1.1586472 206
0.1197 0 0 102.385 42805 15000 9584 1.1440668 226
0.1198 0 0 102.382 42807 15000 9670 1.151858 159
0.1199 0 0 102.38 42808 15000 9643 1.1499696 130
0.12 0 0 102.383 42810 15000 9622 1.1434524 120
0.1201 0 0 102.383 42811 15000 9598 1.1410504 131
0.1202 0 0 102.391 42813 15000 9677 1.1498284 98
0.1203 0 0 102.391 42814 15000 9763 1.1634872 81
0.1204 0 0 102.398 42816 15000 9640 1.1470836 80
0.1205 0 0 102.4 42817 15000 9703 1.1567208 77
0.1206 0 0 102.405 42819 15000 9659 1.1480696 57
0.1207 0 0 102.403 42820 15000 9633 1.1486108 64
0.1208 0 0 102.406 42822 15000 9693 1.155112 51
0.1209 0 0 102.404 42823 15000 9647 1.1518356 53
0.121 0 0 102.404 42825 15000 9707 1.1576772 41
0.1211 0 0 102.401 42826 15000 9648 1.149332 37
0.1212 0 0 102.398 42828 15000 9594 1.1418512 41
0.1213 0 0 102.396 42829 15000 9616 1.1485568 40
0.1214 0 0 102.392 42831 15000 9577 1.1409884 34
0.1215 0 0 102.391 42832 15000 9698 1.1530344 26
0.1216 0 0 102.386 42834 15000 9565 1.1392684 41
0.1217 0 0 102.387 42835 15000 9721 1.1579452 30
0.1218 0 0 102.384 42837 15000 9720 1.1587432 28
0.1219 0 0 102.388 42838 15000 9632 1.1481728 27
0.122 0 0 102.386 42840 15000 9553 1.1382956 18
0.1221 0 0 102.394 42841 15000 9735 1.1574016 19
0.1222 0 0 102.394 42843 15000 9630 1.1483748 20
0.1223 0 0 102.402 42844 15000 9666 1.1508884 18
0.1224 0 0 102.403 42846 15000 9636 1.1473244 20
0.1225 0 0 102.408 42847 15000 9543 1.1359028 18
0.1226 0 0 102.412 42849 15000 9719 1.1554708 19
0.1227 0 0 102.413 42850 15000 9603 1.146458 15
0.1228 0 0 102.415 42851 15000 9612 1.146034 23
0.1229 0 0 102.411 42853 15000 9649 1.1510856 16
0.123 0 0 102.41 42854 15000 9794 1.1647204 18
0.1231 0 0 102.402 42856 15000 9750 1.1634264 12
0.1232 0 0 102.402 42857 15000 9670 1.1527092 12
0.1233 0 0 102.395 42859 15000 9688 1.1570656 23
0.1234 0 0 102.397 42860 15000 9625 1.1487328 22
0.1235 0 0 102.397 42862 15000 9690 1.15242 20
0.1236 0 0 102.403 42863 15000 9641 1.1515164 11
0.1237 0 0 102.406 42865 15000 9657 1.1525832 16
0.1238 0 0 102.411 42866 15000 9675 1.15248 15
0.1239 0 0 102.414 42868 15000 9639 1.1441048 21
0.124 0 0 102.415 42869 15000 9734 1.1619996 10
0.1241 0 0 102.417 42871 15000 9660 1.1521564 10
0.1242 0 0 102.415 42872 15000 9607 1.14643 19
0.1243 0 0 102.415 42874 15000 9563 1.1397684 16
0.1244 0 0 102.409 42875 15000 9653 1.151344 14
0.1245 0 0 102.406 42877 15000 9673 1.1529036 16
0.1246 0 0 102.397 42878 15000 9538 1.1391332 7
0.1247 0 0 102.395 42880 15000 9631 1.1486548 11
0.1248 0 0 102.385 42881 15000 9681 1.1556128 14
0.1249 0 0 102.386 42883 15000 9737 1.1626116 15
0.125 0 0 102.382 42884 15000 9730 1.159636 14
0.1251 0 0 102.387 42886 15000 9755 1.1590088 8
0.1252 0 0 102.387 42887 15000 9545 1.1377352 19
0.1253 0 0 102.394 42889 15000 9648 1.1471468 11
0.1254 0 0 102.398 42890 15000 9547 1.1423716 7
0.1255 0 0 102.404 42892 15000 9628 1.1471828 13
0.1256 0 0 102.406 42893 15000 9661 1.1492392 24
0.1257 0 0 102.405 42895 15000 9701 1.1578752 8
0.1258 0 0 102.405 42896 15000 9566 1.1403264 13
0.1259 0 0 102.399 42898 15000 9775 1.1643372 11
0.126 0 0 102.398 42899 15000 9611 1.1464476 17
0.1261 0 0 102.39 42901 15000 9656 1.1525204 11
0.1262 0 0 102.39 42902 15000 9813 1.1712428 10
0.1263 0 0 102.383 42904 15000 9709 1.1579424 17
0.1264 0 0 102.386 42905 15000 9690 1.1519912 11
0.1265 0 0 102.385 42907 15000 9651 1.1512416 14
0.1266 0 0 102.39 42908 15000 9767 1.1625364 12
0.1267 0 0 102.392 42910 15000 9662 1.154932 13
0.1268 0 0 102.397 42911 15000 9654 1.1498036 7
0.1269 0 0 102.404 42913 15000 9601 1.1427048 15
0.127 0 0 102.409 42914 15000 9676 1.1521336 7
0.1271 0 0 102.414 42916 15000 9654 1.151142 19
0.1272 0 0 102.417 42917 15000 9553 1.1408692 10
0.1273 0 0 102.419 42919 15000 9504 1.1314884 7
0.1274 0 0 102.417 42920 15000 9581 1.1427736 8
0.1275 0 0 102.416 42922 15000 9626 1.1441152 14
0.1276 0 0 102.411 42924 15000 9753 1.1640408 6
0.1277 0 0 102.406 42925 15000 9830 1.1751904 8
0.1278 0 0 102.397 42926 15000 9701 1.1558832 9
0.1279 0 0 102.393 42928 15000 9712 1.1605872 18
0.128 0 0 102.386 42930 15000 9585 1.1470484 12
0.1281 0 0 102.39 42931 15000 9523 1.1387548 16
0.1282 0 0 102.389 42933 15000 9597 1.1432728 9
0.1283 0 0 102.398 42934 15000 9647 1.1505416 12
0.1284 0 0 102.404 42936 15000 9645 1.1502768 8
0.1285 0 0 102.412 42937 15000 9700 1.1597956 10
0.1286 0 0 102.417 42939 15000 9662 1.1490336 10
0.1287 0 0 102.421 42940 15000 9582 1.143236 7
0.1288 0 0 102.421 42941 15000 9584 1.1460448 12
0.1289 0 0 102.416 42943 15000 9624 1.1457272 3
0.129 0 0 102.41 42945 15000 9705 1.1583328 10
0.1291 0 0 102.401 42946 15000 9675 1.1549464 8
0.1292 0 0 102.397 42947 15000 9654 1.1504204 16
0.1293 0 0 102.389 42949 15000 9827 1.1710824 16
0.1294 0 0 102.394 42950 15000 9681 1.1555668 8
0.1295 0 0 102.394 42952 15000 9509 1.131512 10
0.1296 0 0 102.406 42953 15000 9796 1.1708612 13
0.1297 0 0 102.414 42955 15000 9529 1.1390716 10
0.1298 0 0 102.425 42956 15000 9582 1.146594 8
0.1299 0 0 102.431 42958 15000 9711 1.1574096 10
0.13 0 0 102.436 42959 15000 9534 1.138326 4
