0.11 0 0 95.3942 46876 15000 9487 1.1868164 1
0.1101 0 0 95.3846 46878 15000 9446 1.1843284 3
0.1102 0 0 95.3756 46880 15000 9462 1.183486 11
0.1103 0 0 95.3626 46881 15000 9476 1.18107 3
0.1104 0 0 95.3548 46883 15000 9420 1.1820292 5
0.1105 0 0 95.3496 46884 15000 9509 1.1854784 7
0.1106 0 0 95.3518 46886 15000 9519 1.1877628 6
0.1107 0 0 95.3596 46887 15000 9380 1.1761292 7
0.1108 0 0 95.3708 46889 15000 9536 1.2004764 3
0.1109 0 0 95.3821 46890 15000 9513 1.1907644 7
0.111 0 0 95.392 46892 15000 9494 1.187806 7
0.1111 0 0 95.4002 46894 15000 9479 1.1900888 4
0.1112 0 0 95.4028 46895 15000 9428 1.1785564 5
0.1113 0 0 95.4024 46897 15000 9575 1.2001 8
0.1114 0 0 95.3963 46898 15000 9464 1.184594 4
0.1115 0 0 95.3916 46900 15000 9430 1.180752 7
0.1116 0 0 95.3825 46901 15000 9511 1.1882176 4
0.1117 0 0 95.3821 46903 15000 9489 1.188534 3
0.1118 0 0 95.3773 46904 15000 9391 1.1734052 10
0.1119 0 0 95.3859 46906 15000 9342 1.1716712 6
0.112 0 0 95.3903 46907 15000 9471 1.1862816 5
0.1121 0 0 95.4024 46909 15000 9391 1.1751504 7
0.1122 0 0 95.4072 46910 15000 9526 1.193228 7
0.1123 0 0 95.4154 46912 15000 9456 1.1827308 6
0.1124 0 0 95.4154 46913 15000 9568 1.1954396 8
0.1125 0 0 95.4163 46915 15000 9466 1.1840128 5
0.1126 0 0 95.4106 46916 15000 9592 1.194032 4
0.1127 0 0 95.4076 46918 15000 9451 1.1850368 3
0.1128 0 0 95.4007 46919 15000 9689 1.2085648 7
0.1129 0 0 95.3968 46921 15000 9508 1.1890376 9
0.113 0 0 95.3959 46922 15000 9419 1.175982 7
0.1131 0 0 95.3963 46924 15000 9436 1.1842144 9
0.1132 0 0 95.4011 46925 15000 9523 1.1962016 9
0.1133 0 0 95.4041 46927 15000 9384 1.1771128 6
0.1134 0 0 95.4132 46929 15000 9314 1.166768 10
0.1135 0 0 95.4176 46930 15000 9508 1.1883492 8
0.1136 0 0 95.4241 46932 15000 9437 1.1829616 2
0.1137 0 0 95.4236 46933 15000 9517 1.1866668 8
0.1138 0 0 95.4254 46935 15000 9430 1.1798368 3
0.1139 0 0 95.4197 46936 15000 9516 1.1883824 6
0.114 0 0 95.418 46938 15000 9486 1.186276 11
0.1141 0 0 95.4098 46939 15000 9434 1.1766236 2
0.1142 0 0 95.4111 46941 15000 9360 1.172696 8
0.1143 0 0 95.408 46942 15000 9475 1.1869144 8
0.1144 0 0 95.4137 46944 15000 9405 1.1803848 15
0.1145 0 0 95.4158 46945 15000 9515 1.1921076 10
0.1146 0 0 95.4254 46947 15000 9623 1.2051488 8
0.1147 0 0 95.4306 46949 15000 9556 1.1959736 6
0.1148 0 0 95.4388 46950 15000 9461 1.1864 9
0.1149 0 0 95.4414 46952 15000 9472 1.1919976 10
0.115 0 0 95.444 46953 15000 9364 1.1741648 16
0.1151 0 0 95.4414 46955 15000 9432 1.1819004 18
0.1152 0 0 95.4392 46956 15000 9261 1.162106 15
0.1153 0 0 95.4353 46958 15000 9456 1.18557 26
0.1154 0 0 95.4323 46959 15000 9290 1.1639728 38
0.1155 0 0 95.4314 46961 15000 9506 1.1909496 40
0.1156 0 0 95.4293 46962 15000 9475 1.1837704 41
0.1157 0 0 95.4306 46964 15000 9441 1.1852012 68
0.1158 0 0 95.4297 46966 15000 9542 1.1966008 79
0.1159 0 0 95.431 46967 15000 9489 1.1890272 89
0.116 0 0 95.4288 46969 15000 9503 1.192464 121
0.1161 0 0 95.4293 46970 15000 9503 1.1916004 146
0.1162 0 0 95.4262 46972 15000 9478 1.188306 180
0.1163 0 0 95.4284 46973 15000 9570 1.1968996 272
0.1164 0 0 95.4262 46975 15000 9425 1.1795476 398
0.1165 0 0 95.4284 46976 15000 9590 1.2000704 546
0.1166 0 0 95.4249 46978 15000 9414 1.1792756 804
0.1167 0 0 95.4254 46979 15000 9466 1.1833924 1159
0.1168 0 0 95.4197 46981 15000 9540 1.1912596 1923
0.1169 0 0 95.4215 46982 15000 9470 1.1825316 2447
0.117 0 0 95.418 46984 15000 9683 1.198752 2865
0.1171 0 0 95.4223 46985 15000 9524 1.18646 3026
0.1172 0 0 95.4223 46987 15000 9505 1.1818408 3364
0.1173 0 0 95.428 46989 15000 9498 1.1788696 3581
0.1174 0 0 95.4284 46990 15000 9644 1.1929728 4080
0.1175 0 0 95.4327 46992 15000 9528 1.1817528 4379
0.1176 0 0 95.4327 46993 15000 9499 1.1760832 4949
0.1177 0 0 95.4345 46995 15000 9591 1.1778696 5851
0.1178 0 0 95.4332 46996 15000 9394 1.1563152 5808
0.1179 0 0 95.4336 46998 15000 9585 1.1842316 4729
0.118 0 0 95.4319 46999 15000 9581 1.193324 2893
0.1181 0 0 95.4323 47001 15000 9471 1.1836956 1482
0.1182 0 0 95.4358 47002 15000 9479 1.1872584 825
0.1183 0 0 95.4392 47004 15000 9524 1.1938928 595
0.1184 0 0 95.4449 47006 15000 9501 1.1885668 434
0.1185 0 0 95.4488 47007 15000 9434 1.1812056 362
0.1186 0 0 95.4544 47009 15000 9505 1.190172 292
0.1187 0 0 95.457 47010 15000 9422 1.1774264 232
0.1188 0 0 95.4601 47012 15000 9487 1.1841604 225
0.1189 0 0 95.4583 47013 15000 9413 1.179234 182
0.119 0 0 95.4579 47015 15000 9555 1.1966932 170
0.1191 0 0 95.4522 47016 15000 9489 1.1912188 162
0.1192 0 0 95.4518 47018 15000 9412 1.1746668 127
0.1193 0 0 95.447 47019 15000 9420 1.1802596 119
0.1194 0 0 95.4496 47021 15000 9353 1.1722104 132
0.1195 0 0 95.447 47023 15000 9536 1.1930984 94
0.1196 0 0 95.4527 47024 15000 9477 1.18758 100
0.1197 0 0 95.4518 47026 15000 9427 1.1836796 91
0.1198 0 0 95.4544 47027 15000 9368 1.1753264 54
0.1199 0 0 95.4496 47029 15000 9503 1.1893664 67
0.12 0 0 95.4492 47030 15000 9407 1.1805608 62
0.1201 0 0 95.4423 47032 15000 9471 1.1844284 62
0.1202 0 0 95.4418 47033 15000 9425 1.1789064 38
0.1203 0 0 95.4371 47035 15000 9475 1.188408 50
0.1204 0 0 95.4375 47036 15000 9426 1.1844016 23
0.1205 0 0 95.4362 47038 15000 9470 1.1868388 47
0.1206 0 0 95.4375 47039 15000 9339 1.172232 26
0.1207 0 0 95.4379 47041 15000 9376 1.174474 27
0.1208 0 0 95.4384 47043 15000 9329 1.165592 25
0.1209 0 0 95.4384 47044 15000 9431 1.1845308 19
0.121 0 0 95.4375 47046 15000 9537 1.1939128 21
0.1211 0 0 95.4379 47047 15000 9383 1.1774676 19
0.1212 0 0 95.4362 47049 15000 9494 1.1903244 16
0.1213 0 0 95.4371 47050 15000 9417 1.1795144 19
0.1214 0 0 95.4345 47052 15000 9380 1.1735616 19
0.1215 0 0 95.4375 47053 15000 9362 1.1756088 16
0.1216 0 0 95.4349 47055 15000 9436 1.1830392 18
0.1217 0 0 95.4388 47056 15000 9498 1.190538 11
0.1218 0 0 95.4366 47058 15000 9457 1.18557 16
0.1219 0 0 95.4371 47059 15000 9500 1.1888944 24
0.122 0 0 95.4314 47061 15000 9493 1.188102 17
0.1221 0 0 95.4314 47063 15000 9565 1.1981768 20
0.1222 0 0 95.4241 47064 15000 9374 1.173812 4
0.1223 0 0 95.4258 47066 15000 9369 1.17695 16
0.1224 0 0 95.4223 47067 15000 9394 1.178776 17
0.1225 0 0 95.4271 47069 15000 9457 1.1869724 22
0.1226 0 0 95.4275 47070 15000 9487 1.1914924 11
0.1227 0 0 95.4323 47072 15000 9423 1.183482 17
0.1228 0 0 95.4314 47073 15000 9491 1.1881696 17
0.1229 0 0 95.4336 47075 15000 9300 1.1653244 12
0.123 0 0 95.4306 47076 15000 9388 1.1775752 16
0.1231 0 0 95.431 47078 15000 9565 1.2027484 10
0.1232 0 0 95.4284 47080 15000 9457 1.1845164 14
0.1233 0 0 95.4306 47081 15000 9510 1.19284 9
0.1234 0 0 95.4332 47083 15000 9658 1.2057952 10
0.1235 0 0 95.4371 47084 15000 9572 1.2009576 20
0.1236 0 0 95.4405 47086 15000 9554 1.1983764 5
0.1237 0 0 95.444 47087 15000 9557 1.1978604 15
0.1238 0 0 95.447 47089 15000 9411 1.1799952 7
0.1239 0 0 95.4479 47090 15000 9452 1.185178 14
0.124 0 0 95.4492 47092 15000 9428 1.180052 19
0.1241 0 0 95.4466 47093 15000 9424 1.1834324 10
0.1242 0 0 95.4466 47095 15000 9584 1.2026868 11
0.1243 0 0 95.4431 47097 15000 9437 1.182936 12
0.1244 0 0 95.4444 47098 15000 9465 1.1872136 10
0.1245 0 0 95.4427 47100 15000 9487 1.1899492 13
0.1246 0 0 95.4462 47101 15000 9503 1.1901204 10
0.1247 0 0 95.4449 47103 15000 9453 1.1850328 8
0.1248 0 0 95.4479 47104 15000 9458 1.1840612 8
0.1249 0 0 95.444 47106 15000 9321 1.1720864 14
0.125 0 0 95.447 47107 15000 9456 1.1858644 16
0.1251 0 0 95.4436 47109 15000 9420 1.1823388 12
0.1252 0 0 95.4453 47110 15000 9416 1.180362 7
0.1253 0 0 95.441 47112 15000 9447 1.1824452 11
0.1254 0 0 95.4414 47113 15000 9532 1.1948692 16
0.1255 0 0 95.4366 47115 15000 9344 1.1727204 10
0.1256 0 0 95.4397 47117 15000 9501 1.1943688 11
0.1257 0 0 95.4397 47118 15000 9368 1.1731828 13
0.1258 0 0 95.4483 47120 15000 9445 1.1853952 8
0.1259 0 0 95.4553 47121 15000 9623 1.2088512 18
0.126 0 0 95.4657 47123 15000 9448 1.1854412 9
0.1261 0 0 95.4739 47124 15000 9386 1.1774548 10
0.1262 0 0 95.48 47126 15000 9575 1.2021184 15
0.1263 0 0 95.4805 47127 15000 9412 1.1818932 12
0.1264 0 0 95.4787 47129 15000 9482 1.1906048 13
0.1265 0 0 95.4757 47130 15000 9474 1.1908284 14
0.1266 0 0 95.4696 47132 15000 9427 1.1798868 14
0.1267 0 0 95.4653 47134 15000 9550 1.1966524 9
0.1268 0 0 95.4592 47135 15000 9472 1.1858068 7
0.1269 0 0 95.457 47137 15000 9348 1.173624 9
0.127 0 0 95.454 47138 15000 9450 1.1842292 10
0.1271 0 0 95.4574 47140 15000 9504 1.1918308 8
0.1272 0 0 95.4574 47141 15000 9499 1.1895788 9
0.1273 0 0 95.4644 47143 15000 9418 1.181206 3
0.1274 0 0 95.4653 47144 15000 9427 1.183374 12
0.1275 0 0 95.47 47146 15000 9337 1.1676012 9
0.1276 0 0 95.4674 47147 15000 9478 1.1897296 7
0.1277 0 0 95.4674 47149 15000 9421 1.1797544 3
0.1278 0 0 95.4592 47150 15000 9448 1.185606 7
0.1279 0 0 95.4566 47152 15000 9522 1.1945932 7
0.128 0 0 95.4479 47153 15000 9443 1.1800064 6
0.1281 0 0 95.4453 47155 15000 9431 1.185072 12
0.1282 0 0 95.441 47156 15000 9579 1.1998932 11
0.1283 0 0 95.4418 47158 15000 9508 1.194822 10
0.1284 0 0 95.4444 47159 15000 9369 1.1779148 5
0.1285 0 0 95.4488 47161 15000 9425 1.185124 7
0.1286 0 0 95.4548 47162 15000 9538 1.1940224 5
0.1287 0 0 95.4574 47164 15000 9580 1.2013812 8
0.1288 0 0 95.4631 47165 15000 9585 1.1995864 12
0.1289 0 0 95.4635 47167 15000 9488 1.1924012 12
0.129 0 0 95.4648 47169 15000 9493 1.18974 7
0.1291 0 0 95.4605 47170 15000 9380 1.1794564 11
0.1292 0 0 95.4583 47172 15000 9494 1.1939388 9
0.1293 0 0 95.4496 47173 15000 9497 1.189986 8
0.1294 0 0 95.4488 47175 15000 9480 1.1922024 6
0.1295 0 0 95.4427 47176 15000 9524 1.190664 12
0.1296 0 0 95.447 47178 15000 9377 1.181976 9
0.1297 0 0 95.447 47179 15000 9334 1.1714612 3
0.1298 0 0 95.4531 47181 15000 9406 1.180348 9
0.1299 0 0 95.4544 47182 15000 9440 1.1832764 12
0.13 0 0 95.4596 47184 15000 9466 1.1864644 10
