0.15 0 0 82.5431 52241 15000 9209 1.2303852 10
0.1502 0 0 82.5386 52243 15000 9368 1.2452964 2
0.1504 0 0 82.5386 52244 15000 9259 1.2344728 4
0.1506 0 0 82.537 52246 15000 9077 1.2135008 2
0.1508 0 0 82.541 52247 15000 9200 1.2332848 1
0.151 0 0 82.5426 52249 15000 9368 1.2507808 4
0.1512 0 0 82.5482 52250 15000 9197 1.229292 3
0.1514 0 0 82.5503 52252 15000 9223 1.2306244 4
0.1516 0 0 82.5554 52254 15000 9241 1.2350304 4
0.1518 0 0 82.5551 52255 15000 9261 1.2361552 4
0.152 0 0 82.5583 52257 15000 9210 1.2288964 1
0.1522 0 0 82.5562 52258 15000 9316 1.2405528 8
0.1524 0 0 82.5567 52260 15000 9201 1.2279028 4
0.1526 0 0 82.5524 52262 15000 9148 1.223536 2
0.1528 0 0 82.5522 52263 15000 9353 1.2515404 5
0.153 0 0 82.5479 52265 15000 9188 1.223096 3
0.1532 0 0 82.5511 52266 15000 9278 1.242166 3
0.1534 0 0 82.5498 52268 15000 9332 1.2455336 0
0.1536 0 0 82.554 52269 15000 9216 1.228228 4
0.1538 0 0 82.553 52271 15000 9150 1.2217376 1
0.154 0 0 82.5572 52273 15000 9266 1.2380848 2
0.1542 0 0 82.5562 52274 15000 9155 1.226106 2
0.1544 0 0 82.558 52276 15000 9185 1.2273092 4
0.1546 0 0 82.5538 52277 15000 9205 1.226656 2
0.1548 0 0 82.5551 52279 15000 9345 1.2481936 2
0.155 0 0 82.5516 52280 15000 9177 1.2234404 4
0.1552 0 0 82.5551 52282 15000 9247 1.2343668 4
0.1554 0 0 82.554 52283 15000 9250 1.2339484 6
0.1556 0 0 82.5575 52285 15000 8992 1.2036156 3
0.1558 0 0 82.5567 52287 15000 9260 1.2386928 5
0.156 0 0 82.5583 52288 15000 9295 1.2422028 2
0.1562 0 0 82.5548 52290 15000 9234 1.2303128 7
0.1564 0 0 82.5564 52291 15000 9260 1.2353168 2
0.1566 0 0 82.5538 52293 15000 9133 1.2175828 5
0.1568 0 0 82.5562 52295 15000 9138 1.2196608 4
0.157 0 0 82.5548 52296 15000 9291 1.2388384 6
0.1572 0 0 82.5562 52298 15000 9216 1.230468 6
0.1574 0 0 82.5538 52299 15000 9330 1.243748 3
0.1576 0 0 82.5535 52301 15000 9256 1.2309564 2
0.1578 0 0 82.5511 52302 15000 9259 1.2376372 5
0.158 0 0 82.55 52304 15000 9172 1.2255412 5
0.1582 0 0 82.5482 52305 15000 9239 1.2337956 3
0.1584 0 0 82.5468 52307 15000 9204 1.2319292 2
0.1586 0 0 82.5455 52309 15000 9193 1.2258636 4
0.1588 0 0 82.5458 52310 15000 9259 1.2377292 0
0.159 0 0 82.5458 52312 15000 9174 1.2258452 7
0.1592 0 0 82.5468 52313 15000 9166 1.2253672 3
0.1594 0 0 82.5482 52315 15000 9228 1.2326236 6
0.1596 0 0 82.5487 52317 15000 9155 1.2252224 2
0.1598 0 0 82.5484 52318 15000 9227 1.2339832 4
0.16 0 0 82.5468 52320 15000 9284 1.2370348 2
0.1602 0 0 82.5439 52321 15000 9223 1.232348 4
0.1604 0 0 82.5418 52323 15000 9314 1.243052 8
0.1606 0 0 82.5402 52325 15000 9310 1.2423456 1
0.1608 0 0 82.5402 52326 15000 9306 1.2450336 7
0.161 0 0 82.5407 52328 15000 9205 1.231178 5
0.1612 0 0 82.5431 52329 15000 9261 1.2386756 5
0.1614 0 0 82.5458 52331 15000 9205 1.2297128 1
0.1616 0 0 82.5487 52333 15000 9224 1.2300812 4
0.1618 0 0 82.55 52334 15000 9262 1.233548 5
0.162 0 0 82.5503 52336 15000 9200 1.2305536 5
0.1622 0 0 82.5495 52337 15000 9137 1.226686 5
0.1624 0 0 82.5484 52339 15000 9244 1.2316312 4
0.1626 0 0 82.5487 52340 15000 9150 1.2255164 1
0.1628 0 0 82.5479 52342 15000 9274 1.24064 6
0.163 0 0 82.5511 52343 15000 9164 1.2275784 4
0.1632 0 0 82.5508 52345 15000 9466 1.2628388 2
0.1634 0 0 82.5514 52347 15000 9197 1.233064 3
0.1636 0 0 82.5484 52348 15000 9211 1.2300584 4
0.1638 0 0 82.5479 52350 15000 9141 1.2246516 2
0.164 0 0 82.5439 52351 15000 9126 1.2247352 3
0.1642 0 0 82.5418 52353 15000 9244 1.236124 1
0.1644 0 0 82.5362 52355 15000 9392 1.2555472 7
0.1646 0 0 82.5341 52356 15000 9299 1.2441136 3
0.1648 0 0 82.529 52358 15000 9317 1.2468116 4
0.165 0 0 82.5309 52359 15000 9232 1.2297132 1
0.1652 0 0 82.5296 52361 15000 9252 1.2375708 5
0.1654 0 0 82.5354 52362 15000 9159 1.2257568 2
0.1656 0 0 82.5373 52364 15000 9192 1.2290112 4
0.1658 0 0 82.5426 52365 15000 9367 1.25288 2
0.166 0 0 82.5421 52367 15000 9213 1.2309608 2
0.1662 0 0 82.545 52369 15000 9322 1.24561 1
0.1664 0 0 82.5421 52370 15000 9235 1.2291696 3
0.1666 0 0 82.5413 52372 15000 9201 1.2344688 1
0.1668 0 0 82.5349 52373 15000 9121 1.22035 3
0.167 0 0 82.533 52375 15000 9228 1.23273 3
0.1672 0 0 82.5264 52377 15000 9230 1.2323072 5
0.1674 0 0 82.5258 52378 15000 9268 1.2434068 1
0.1676 0 0 82.521 52380 15000 9227 1.2316068 3
0.1678 0 0 82.5232 52381 15000 9271 1.2393212 3
0.168 0 0 82.5213 52383 15000 9307 1.2471312 3
0.1682 0 0 82.5274 52384 15000 9228 1.233324 2
0.1684 0 0 82.5293 52386 15000 9269 1.2419104 1
0.1686 0 0 82.5365 52388 15000 9214 1.2324484 4
0.1688 0 0 82.5389 52389 15000 9236 1.2367372 0
0.169 0 0 82.5431 52391 15000 9311 1.2458572 0
0.1692 0 0 82.5413 52392 15000 9207 1.2302624 5
0.1694 0 0 82.5389 52394 15000 9210 1.2321488 2
0.1696 0 0 82.5293 52395 15000 9287 1.2440236 9
0.1698 0 0 82.5248 52397 15000 9116 1.2234344 3
0.17 0 0 82.5165 52399 15000 9318 1.2453124 3
0.1702 0 0 82.5152 52400 15000 9138 1.22275 3
0.1704 0 0 82.512 52402 15000 9364 1.25273 3
0.1706 0 0 82.5171 52403 15000 9295 1.2447052 4
0.1708 0 0 82.521 52405 15000 9086 1.2179392 1
0.171 0 0 82.5293 52406 15000 9218 1.2335492 4
0.1712 0 0 82.5341 52408 15000 9249 1.2368316 1
0.1714 0 0 82.5389 52410 15000 9117 1.2189792 4
0.1716 0 0 82.5397 52411 15000 9293 1.2421336 2
0.1718 0 0 82.5373 52413 15000 9137 1.21888 4
0.172 0 0 82.5301 52414 15000 9307 1.240314 5
0.1722 0 0 82.5234 52416 15000 8999 1.205234 5
0.1724 0 0 82.5165 52417 15000 9249 1.2419984 1
0.1726 0 0 82.5091 52419 15000 9223 1.234076 2
0.1728 0 0 82.5056 52420 15000 9225 1.2360976 3
0.173 0 0 82.5027 52422 15000 9273 1.2383536 3
0.1732 0 0 82.5067 52424 15000 9095 1.2157672 1
0.1734 0 0 82.5107 52425 15000 9257 1.2399452 4
0.1736 0 0 82.516 52427 15000 9368 1.2505468 3
0.1738 0 0 82.5184 52428 15000 9305 1.240368 5
0.174 0 0 82.5216 52430 15000 9116 1.2209192 2
0.1742 0 0 82.5202 52431 15000 9186 1.2302052 5
0.1744 0 0 82.5208 52433 15000 9219 1.231732 4
0.1746 0 0 82.5171 52434 15000 9058 1.207488 4
0.1748 0 0 82.5171 52436 15000 9103 1.2195572 1
0.175 0 0 82.5128 52437 15000 9299 1.2484328 8
0.1752 0 0 82.5168 52439 15000 9184 1.2315892 1
0.1754 0 0 82.5168 52440 15000 9143 1.226276 0
0.1756 0 0 82.5237 52442 15000 9277 1.2442908 7
0.1758 0 0 82.5261 52444 15000 9213 1.2318956 3
0.176 0 0 82.5306 52445 15000 9227 1.2305228 1
0.1762 0 0 82.5293 52447 15000 9073 1.2172924 2
0.1764 0 0 82.5309 52448 15000 9252 1.2407056 5
0.1766 0 0 82.5269 52450 15000 9099 1.2167788 2
0.1768 0 0 82.5258 52451 15000 9180 1.2261588 5
0.177 0 0 82.5202 52453 15000 9205 1.2303572 5
0.1772 0 0 82.5202 52455 15000 9153 1.223322 3
0.1774 0 0 82.5171 52456 15000 9123 1.221122 6
0.1776 0 0 82.5205 52458 15000 9197 1.2334596 6
0.1778 0 0 82.5218 52459 15000 9258 1.2384272 4
0.178 0 0 82.528 52461 15000 9261 1.243878 3
0.1782 0 0 82.5293 52463 15000 9204 1.2335404 5
0.1784 0 0 82.5333 52464 15000 9198 1.2323296 1
0.1786 0 0 82.5309 52466 15000 9274 1.2431608 2
0.1788 0 0 82.5304 52467 15000 9210 1.2327632 4
0.179 0 0 82.5248 52469 15000 9303 1.24543 4
0.1792 0 0 82.5226 52471 15000 9169 1.2280684 3
0.1794 0 0 82.5171 52472 15000 9172 1.2285756 1
0.1796 0 0 82.5171 52474 15000 9161 1.2283092 2
0.1798 0 0 82.5157 52475 15000 9137 1.2250412 0
0.18 0 0 82.52 52477 15000 9255 1.2375432 4
0.1802 0 0 82.5232 52478 15000 9319 1.2475008 0
0.1804 0 0 82.528 52480 15000 9318 1.2469612 1
0.1806 0 0 82.529 52482 15000 9277 1.2396812 1
0.1808 0 0 82.5319 52483 15000 9089 1.221332 3
0.181 0 0 82.5319 52485 15000 9237 1.2394716 7
0.1812 0 0 82.5325 52486 15000 9215 1.23602 6
0.1814 0 0 82.5304 52488 15000 9075 1.2184096 5
0.1816 0 0 82.5301 52489 15000 9200 1.234492 2
0.1818 0 0 82.5293 52491 15000 9138 1.2239964 0
0.182 0 0 82.528 52493 15000 9224 1.2367332 5
0.1822 0 0 82.5274 52494 15000 9087 1.2190196 2
0.1824 0 0 82.5261 52496 15000 9124 1.2251108 4
0.1826 0 0 82.5266 52497 15000 9147 1.2266344 1
0.1828 0 0 82.5264 52499 15000 9289 1.244952 3
0.183 0 0 82.5296 52500 15000 9153 1.2268492 5
0.1832 0 0 82.5319 52502 15000 9301 1.24525 2
0.1834 0 0 82.5357 52504 15000 9176 1.2273584 5
0.1836 0 0 82.5375 52505 15000 9271 1.2430756 2
0.1838 0 0 82.5391 52507 15000 9231 1.234196 2
0.184 0 0 82.5381 52508 15000 9298 1.2419068 5
0.1842 0 0 82.5383 52510 15000 9223 1.2347224 0
0.1844 0 0 82.5351 52511 15000 9333 1.2481624 3
0.1846 0 0 82.5341 52513 15000 9160 1.2258676 3
0.1848 0 0 82.5309 52515 15000 9328 1.2518792 5
0.185 0 0 82.5296 52516 15000 9230 1.2376932 4
0.1852 0 0 82.5266 52518 15000 9328 1.2513616 1
0.1854 0 0 82.528 52519 15000 9253 1.2354388 6
0.1856 0 0 82.5277 52521 15000 9144 1.22536 6
0.1858 0 0 82.533 52523 15000 9069 1.2160876 4
0.186 0 0 82.5351 52524 15000 9161 1.2243008 1
0.1862 0 0 82.5402 52526 15000 9124 1.2220712 1
0.1864 0 0 82.541 52527 15000 9292 1.24258 0
0.1866 0 0 82.5439 52529 15000 9169 1.2262768 5
0.1868 0 0 82.5415 52530 15000 9015 1.2072948 1
0.187 0 0 82.5407 52532 15000 9099 1.222458 1
0.1872 0 0 82.5349 52534 15000 9154 1.2294984 3
0.1874 0 0 82.5319 52535 15000 9120 1.2226972 1
0.1876 0 0 82.525 52537 15000 9361 1.25508 4
0.1878 0 0 82.5253 52538 15000 9194 1.2369084 3
0.188 0 0 82.5224 52540 15000 9235 1.2356632 1
0.1882 0 0 82.5272 52541 15000 9134 1.2236532 2
0.1884 0 0 82.528 52543 15000 9154 1.2277244 0
0.1886 0 0 82.5333 52545 15000 9132 1.224504 1
0.1888 0 0 82.5327 52546 15000 9441 1.263832 2
0.189 0 0 82.5341 52548 15000 9099 1.2219164 6
0.1892 0 0 82.529 52549 15000 9098 1.2195904 6
0.1894 0 0 82.5272 52551 15000 9199 1.232324 2
0.1896 0 0 82.5202 52553 15000 9168 1.2277024 5
0.1898 0 0 82.52 52554 15000 9151 1.2269732 1
0.19 0 0 82.5157 52556 15000 9248 1.2398388 5
0.1902 0 0 82.5192 52557 15000 9179 1.230846 2
0.1904 0 0 82.5192 52559 15000 9204 1.2352488 1
0.1906 0 0 82.525 52560 15000 9105 1.2204168 5
0.1908 0 0 82.5274 52562 15000 9179 1.2309364 2
0.191 0 0 82.533 52563 15000 9196 1.23215 5
0.1912 0 0 82.5349 52565 15000 9231 1.2357684 2
0.1914 0 0 82.5375 52567 15000 9064 1.2141796 2
0.1916 0 0 82.5354 52568 15000 9186 1.2303492 3
0.1918 0 0 82.5341 52570 15000 9228 1.2379996 2
0.192 0 0 82.5285 52571 15000 9096 1.2184752 4
0.1922 0 0 82.5237 52573 15000 9360 1.2552616 4
0.1924 0 0 82.5157 52574 15000 9335 1.2524476 3
0.1926 0 0 82.5104 52576 15000 9194 1.2315956 5
0.1928 0 0 82.504 52578 15000 9140 1.2300544 2
0.193 0 0 82.5027 52579 15000 9264 1.2418108 2
0.1932 0 0 82.503 52581 15000 9135 1.2256408 3
0.1934 0 0 82.5072 52582 15000 9280 1.2470136 2
0.1936 0 0 82.5131 52584 15000 9236 1.2372396 3
0.1938 0 0 82.52 52585 15000 9206 1.2362908 2
0.194 0 0 82.5245 52587 15000 9224 1.236448 5
0.1942 0 0 82.528 52589 15000 9179 1.235776 0
0.1944 0 0 82.5298 52590 15000 9222 1.2363844 2
0.1946 0 0 82.5314 52592 15000 9250 1.2420048 3
0.1948 0 0 82.5311 52593 15000 9279 1.2464168 1
0.195 0 0 82.5322 52595 15000 9193 1.2362792 1
0.1952 0 0 82.5327 52597 15000 9200 1.2343872 4
0.1954 0 0 82.5341 52598 15000 9242 1.2413492 3
0.1956 0 0 82.5357 52600 15000 9214 1.2376668 1
0.1958 0 0 82.5373 52601 15000 9257 1.2425452 2
0.196 0 0 82.5415 52603 15000 9197 1.2343132 3
0.1962 0 0 82.5434 52604 15000 9220 1.2311032 4
0.1964 0 0 82.5458 52606 15000 9113 1.2184988 1
0.1966 0 0 82.5452 52607 15000 9176 1.2301724 2
0.1968 0 0 82.5468 52609 15000 9120 1.2244172 6
0.197 0 0 82.5439 52610 15000 9388 1.256504 3
0.1972 0 0 82.5439 52612 15000 9051 1.2150968 2
0.1974 0 0 82.5394 52614 15000 9153 1.2250428 3
0.1976 0 0 82.5399 52615 15000 9168 1.2323736 6
0.1978 0 0 82.5359 52617 15000 9259 1.2412704 0
0.198 0 0 82.5357 52618 15000 9366 1.2534552 4
0.1982 0 0 82.5301 52620 15000 9142 1.2313272 3
0.1984 0 0 82.5296 52621 15000 9232 1.2385524 2
0.1986 0 0 82.5248 52623 15000 9294 1.2481148 4
0.1988 0 0 82.5285 52625 15000 9076 1.2203708 3
0.199 0 0 82.5288 52626 15000 9212 1.2359692 1
0.1992 0 0 82.5357 52628 15000 9231 1.2344564 2
0.1994 0 0 82.5378 52629 15000 9276 1.243848 3
0.1996 0 0 82.5434 52631 15000 9040 1.211956 3
0.1998 0 0 82.5429 52632 15000 9248 1.2406908 4
0.2 0 0 82.5445 52634 15000 9250 1.2450432 2
0.2002 0 0 82.5399 52636 15000 9233 1.2376392 2
0.2004 0 0 82.5418 52637 15000 9167 1.229184 4
0.2006 0 0 82.5397 52639 15000 9218 1.239056 3
0.2008 0 0 82.5426 52640 15000 9201 1.2320276 3
0.201 0 0 82.541 52642 15000 9193 1.2349664 6
0.2012 0 0 82.5429 52644 15000 9176 1.231054 4
0.2014 0 0 82.5394 52645 15000 9105 1.2218512 4
0.2016 0 0 82.5391 52647 15000 9141 1.2262612 0
0.2018 0 0 82.5343 52648 15000 9132 1.2222168 2
0.202 0 0 82.5314 52650 15000 9144 1.2270164 3
0.2022 0 0 82.525 52651 15000 9144 1.2252648 4
0.2024 0 0 82.5229 52653 15000 9256 1.243416 2
0.2026 0 0 82.5194 52654 15000 9142 1.2285844 1
0.2028 0 0 82.5202 52656 15000 9168 1.2311936 2
0.203 0 0 82.5213 52657 15000 9152 1.2298968 1
0.2032 0 0 82.5248 52659 15000 9400 1.262102 1
0.2034 0 0 82.5269 52661 15000 9109 1.2237968 3
0.2036 0 0 82.5296 52662 15000 9146 1.2265028 1
0.2038 0 0 82.5301 52664 15000 9200 1.2369512 3
0.204 0 0 82.5309 52665 15000 9177 1.2288668 6
0.2042 0 0 82.5306 52667 15000 9168 1.2253284 1
0.2044 0 0 82.5296 52669 15000 9137 1.2297236 2
0.2046 0 0 82.5274 52670 15000 9288 1.2493456 1
0.2048 0 0 82.5253 52672 15000 9185 1.2321544 2
0.205 0 0 82.5242 52673 15000 9198 1.2356236 1
0.2052 0 0 82.5232 52675 15000 9392 1.260054 3
0.2054 0 0 82.5234 52676 15000 9117 1.2241184 2
0.2056 0 0 82.5234 52678 15000 9255 1.2417444 6
0.2058 0 0 82.5264 52680 15000 9206 1.2351952 4
0.206 0 0 82.528 52681 15000 9147 1.2249784 2
0.2062 0 0 82.5319 52683 15000 9311 1.2480696 4
0.2064 0 0 82.5333 52684 15000 9143 1.2279784 4
0.2066 0 0 82.5354 52686 15000 9144 1.2283728 1
0.2068 0 0 82.5343 52687 15000 9186 1.2294144 2
0.207 0 0 82.5346 52689 15000 9202 1.2347972 0
0.2072 0 0 82.5314 52691 15000 9345 1.2528904 2
0.2074 0 0 82.5309 52692 15000 9123 1.226792 2
0.2076 0 0 82.5272 52694 15000 9152 1.230844 2
0.2078 0 0 82.5277 52695 15000 9279 1.2467504 5
0.208 0 0 82.5245 52697 15000 9059 1.222086 5
0.2082 0 0 82.524 52699 15000 9200 1.237238 0
0.2084 0 0 82.52 52700 15000 9268 1.2455768 0
0.2086 0 0 82.5213 52702 15000 9239 1.2341236 2
0.2088 0 0 82.5192 52703 15000 9268 1.243522 4
0.209 0 0 82.521 52705 15000 9185 1.2336492 1
0.2092 0 0 82.5187 52706 15000 9189 1.2351812 3
0.2094 0 0 82.5213 52708 15000 9047 1.2200052 1
0.2096 0 0 82.5194 52709 15000 9111 1.2220164 1
0.2098 0 0 82.521 52711 15000 9162 1.23069 4
0.21 0 0 82.5173 52713 15000 9231 1.2418596 3
0.2102 0 0 82.5181 52714 15000 9041 1.2145292 2
0.2104 0 0 82.5139 52716 15000 9109 1.225022 0
0.2106 0 0 82.5155 52717 15000 9308 1.251412 2
0.2108 0 0 82.5123 52719 15000 9200 1.2384408 2
0.211 0 0 82.5128 52721 15000 9253 1.2398924 5
0.2112 0 0 82.508 52722 15000 9204 1.2327216 3
0.2114 0 0 82.5099 52724 15000 9188 1.2349428 0
0.2116 0 0 82.5072 52725 15000 9322 1.2494332 3
0.2118 0 0 82.5104 52727 15000 9282 1.2434584 5
0.212 0 0 82.5088 52728 15000 9191 1.2345152 3
0.2122 0 0 82.5115 52730 15000 9209 1.2351784 1
0.2124 0 0 82.5093 52732 15000 9192 1.2322768 6
0.2126 0 0 82.5133 52733 15000 9208 1.2355316 0
0.2128 0 0 82.5131 52735 15000 9139 1.2303812 2
0.213 0 0 82.5168 52736 15000 9217 1.241058 2
0.2132 0 0 82.5157 52738 15000 9218 1.233802 2
0.2134 0 0 82.5187 52740 15000 9366 1.2547384 3
0.2136 0 0 82.5168 52741 15000 9124 1.225438 2
0.2138 0 0 82.5173 52743 15000 9089 1.2204468 4
0.214 0 0 82.5133 52744 15000 9158 1.2283796 3
0.2142 0 0 82.5131 52746 15000 9313 1.24906 4
0.2144 0 0 82.5091 52747 15000 9187 1.2327332 2
0.2146 0 0 82.5088 52749 15000 9194 1.2363044 3
0.2148 0 0 82.5062 52751 15000 9222 1.2375144 2
0.215 0 0 82.5091 52752 15000 9136 1.227492 1
0.2152 0 0 82.5104 52754 15000 9457 1.2685732 2
0.2154 0 0 82.516 52755 15000 9112 1.2266392 3
0.2156 0 0 82.5176 52757 15000 9180 1.2325 0
0.2158 0 0 82.5218 52758 15000 9111 1.2251848 1
0.216 0 0 82.5234 52760 15000 9083 1.21906 1
0.2162 0 0 82.5261 52762 15000 9262 1.241986 0
0.2164 0 0 82.5264 52763 15000 9314 1.24831 3
0.2166 0 0 82.5282 52765 15000 9186 1.234538 6
0.2168 0 0 82.5288 52766 15000 9200 1.2371116 2
0.217 0 0 82.5296 52768 15000 9221 1.2350528 1
0.2172 0 0 82.528 52770 15000 9241 1.2376592 3
0.2174 0 0 82.5272 52771 15000 9340 1.2564464 0
0.2176 0 0 82.5248 52773 15000 9056 1.2172764 3
0.2178 0 0 82.5234 52774 15000 9242 1.2397596 1
0.218 0 0 82.5216 52776 15000 9073 1.2136636 1
0.2182 0 0 82.5197 52777 15000 9344 1.2568896 2
0.2184 0 0 82.5184 52779 15000 9246 1.2417208 3
0.2186 0 0 82.5184 52781 15000 9051 1.2152596 2
0.2188 0 0 82.5184 52782 15000 9241 1.2423516 3
0.219 0 0 82.5194 52784 15000 9283 1.2474744 1
0.2192 0 0 82.5221 52785 15000 9264 1.2441184 3
0.2194 0 0 82.5237 52787 15000 9094 1.2207748 2
0.2196 0 0 82.525 52789 15000 9257 1.2463976 1
0.2198 0 0 82.5242 52790 15000 9268 1.2464556 4
0.22 0 0 82.5234 52792 15000 9164 1.230624 0
0.2202 0 0 82.5208 52793 15000 9302 1.2518288 1
0.2204 0 0 82.5194 52795 15000 9132 1.2255896 1
0.2206 0 0 82.5165 52796 15000 9085 1.2201472 2
0.2208 0 0 82.5149 52798 15000 9249 1.2394404 3
0.221 0 0 82.5131 52800 15000 9165 1.2300964 3
0.2212 0 0 82.5165 52801 15000 9253 1.2444376 0
0.2214 0 0 82.5189 52803 15000 9274 1.2453468 5
0.2216 0 0 82.5253 52804 15000 9176 1.2364204 1
0.2218 0 0 82.5282 52806 15000 9185 1.2338356 2
0.222 0 0 82.5319 52807 15000 9169 1.2355036 2
0.2222 0 0 82.5306 52809 15000 9218 1.2390648 1
0.2224 0 0 82.5314 52810 15000 9114 1.2259972 3
0.2226 0 0 82.5282 52812 15000 9157 1.2330808 2
0.2228 0 0 82.528 52814 15000 9146 1.2317256 3
0.223 0 0 82.5242 52815 15000 9345 1.2574376 3
0.2232 0 0 82.5261 52817 15000 9176 1.2351032 1
0.2234 0 0 82.524 52818 15000 9296 1.2478248 1
0.2236 0 0 82.5272 52820 15000 9175 1.233486 1
0.2238 0 0 82.5258 52822 15000 9159 1.230726 2
0.224 0 0 82.5277 52823 15000 9149 1.2301384 8
0.2242 0 0 82.5245 52825 15000 9079 1.2204148 1
0.2244 0 0 82.5266 52826 15000 9376 1.256986 2
0.2246 0 0 82.5237 52828 15000 9139 1.230902 0
0.2248 0 0 82.5258 52829 15000 9103 1.225482 2
0.225 0 0 82.5229 52831 15000 9173 1.234012 1
0.2252 0 0 82.5242 52833 15000 9286 1.2500976 0
0.2254 0 0 82.5208 52834 15000 9138 1.2300068 1
0.2256 0 0 82.5226 52836 15000 9272 1.2485336 3
0.2258 0 0 82.52 52837 15000 9179 1.2326456 1
0.226 0 0 82.5221 52839 15000 9103 1.2273724 3
0.2262 0 0 82.5189 52840 15000 9156 1.2286384 0
0.2264 0 0 82.5216 52842 15000 9279 1.2451776 3
0.2266 0 0 82.5194 52844 15000 9151 1.2349768 2
0.2268 0 0 82.5208 52845 15000 9079 1.2225752 1
0.227 0 0 82.5171 52847 15000 9221 1.24093 1
0.2272 0 0 82.5194 52848 15000 9288 1.252072 3
0.2274 0 0 82.5179 52850 15000 9220 1.2396872 1
0.2276 0 0 82.5205 52851 15000 9217 1.2396492 2
0.2278 0 0 82.5184 52853 15000 9282 1.2469892 5
0.228 0 0 82.5218 52855 15000 9154 1.2288736 1
0.2282 0 0 82.5226 52856 15000 9347 1.2524344 3
0.2284 0 0 82.5245 52858 15000 9231 1.2389696 0
0.2286 0 0 82.5216 52859 15000 9311 1.2523844 2
0.2288 0 0 82.52 52861 15000 9216 1.2398484 1
0.229 0 0 82.5131 52863 15000 9122 1.2277472 5
0.2292 0 0 82.5101 52864 15000 9294 1.2482456 2
0.2294 0 0 82.5032 52866 15000 9269 1.2441336 2
0.2296 0 0 82.504 52867 15000 9238 1.2402524 0
0.2298 0 0 82.5027 52869 15000 9211 1.2383536 0
0.23 0 0 82.5054 52871 15000 9265 1.248218 1
0.2302 0 0 82.5043 52872 15000 9164 1.2343904 2
0.2304 0 0 82.5064 52874 15000 9296 1.2505492 5
0.2306 0 0 82.5048 52875 15000 9190 1.2366216 2
0.2308 0 0 82.507 52877 15000 9136 1.230154 1
0.231 0 0 82.5062 52878 15000 9173 1.2374036 2
0.2312 0 0 82.5072 52880 15000 9195 1.2408448 0
0.2314 0 0 82.5046 52882 15000 9185 1.2363668 0
0.2316 0 0 82.5038 52883 15000 9131 1.2293672 4
0.2318 0 0 82.5008 52885 15000 9319 1.25223 0
0.232 0 0 82.5003 52886 15000 9058 1.2138748 3
0.2322 0 0 82.4987 52888 15000 9158 1.2313108 3
0.2324 0 0 82.499 52890 15000 9177 1.23632 2
0.2326 0 0 82.4985 52891 15000 9304 1.2523004 3
0.2328 0 0 82.5006 52893 15000 9204 1.2400228 2
0.233 0 0 82.5008 52894 15000 9181 1.2405728 4
0.2332 0 0 82.5043 52896 15000 9311 1.2546004 3
0.2334 0 0 82.5067 52898 15000 9025 1.2141796 2
0.2336 0 0 82.512 52899 15000 9187 1.2336964 0
0.2338 0 0 82.5144 52901 15000 9192 1.2385148 1
0.234 0 0 82.5184 52902 15000 9160 1.2340588 1
0.2342 0 0 82.5205 52904 15000 9187 1.2370204 3
0.2344 0 0 82.5229 52905 15000 9131 1.225198 2
0.2346 0 0 82.5242 52907 15000 9143 1.2317368 2
0.2348 0 0 82.524 52909 15000 9196 1.2357912 1
0.235 0 0 82.5208 52910 15000 9238 1.2475536 1
0.2352 0 0 82.5187 52912 15000 9293 1.249262 3
0.2354 0 0 82.5139 52914 15000 9238 1.2435664 4
0.2356 0 0 82.5141 52915 15000 9132 1.2263124 0
0.2358 0 0 82.5133 52917 15000 9179 1.2353784 3
0.236 0 0 82.5163 52918 15000 9239 1.243078 2
0.2362 0 0 82.5165 52920 15000 9182 1.2396532 5
0.2364 0 0 82.5194 52921 15000 9214 1.241108 0
0.2366 0 0 82.521 52923 15000 9121 1.2285632 2
0.2368 0 0 82.5234 52925 15000 9316 1.2549392 4
0.237 0 0 82.5229 52926 15000 9281 1.2474044 4
0.2372 0 0 82.5221 52928 15000 9273 1.2462124 2
0.2374 0 0 82.5197 52929 15000 9231 1.2426352 1
0.2376 0 0 82.5173 52931 15000 9172 1.2367104 1
0.2378 0 0 82.5152 52932 15000 9180 1.2386592 0
0.238 0 0 82.512 52934 15000 9219 1.2386516 2
0.2382 0 0 82.512 52936 15000 9279 1.2474028 1
0.2384 0 0 82.5115 52937 15000 9127 1.2289464 3
0.2386 0 0 82.5144 52939 15000 9245 1.2416776 0
0.2388 0 0 82.5155 52940 15000 9310 1.2543616 0
0.239 0 0 82.5194 52942 15000 9110 1.2279504 2
0.2392 0 0 82.52 52943 15000 9191 1.236384 1
0.2394 0 0 82.5224 52945 15000 9247 1.2443184 1
0.2396 0 0 82.5202 52947 15000 9245 1.2451568 1
0.2398 0 0 82.5202 52948 15000 9214 1.241174 2
0.24 0 0 82.516 52950 15000 9073 1.2259012 0
0.2402 0 0 82.5152 52951 15000 9133 1.2283032 4
0.2404 0 0 82.5104 52953 15000 9258 1.2436876 2
0.2406 0 0 82.5096 52954 15000 9023 1.21637 1
0.2408 0 0 82.5048 52956 15000 9245 1.2395904 1
0.241 0 0 82.5054 52958 15000 9124 1.2290904 3
0.2412 0 0 82.5022 52959 15000 9239 1.2434612 4
0.2414 0 0 82.5056 52961 15000 9125 1.231738 3
0.2416 0 0 82.5048 52962 15000 9236 1.2422524 1
0.2418 0 0 82.5096 52964 15000 9200 1.2398728 3
0.242 0 0 82.5096 52965 15000 8969 1.2058604 1
0.2422 0 0 82.5139 52967 15000 9180 1.2408468 2
0.2424 0 0 82.5128 52969 15000 9057 1.2158704 3
0.2426 0 0 82.5163 52970 15000 9247 1.2463452 0
0.2428 0 0 82.5141 52972 15000 9112 1.2228792 2
0.243 0 0 82.5165 52973 15000 9080 1.2266428 1
0.2432 0 0 82.5136 52975 15000 9323 1.2610244 1
0.2434 0 0 82.5152 52976 15000 9206 1.242256 3
0.2436 0 0 82.5117 52978 15000 9089 1.2284764 0
0.2438 0 0 82.5128 52980 15000 9229 1.2462236 3
0.244 0 0 82.5091 52981 15000 9071 1.2183148 3
0.2442 0 0 82.5115 52983 15000 9153 1.2353516 1
0.2444 0 0 82.5101 52984 15000 9054 1.221048 2
0.2446 0 0 82.5136 52986 15000 9147 1.2325604 3
0.2448 0 0 82.5136 52987 15000 9275 1.250744 1
0.245 0 0 82.5181 52989 15000 9138 1.2302668 1
0.2452 0 0 82.52 52991 15000 9092 1.2250764 2
0.2454 0 0 82.5248 52992 15000 9253 1.2491284 2
0.2456 0 0 82.5261 52994 15000 9173 1.239014 4
0.2458 0 0 82.5288 52995 15000 9196 1.2414896 2
0.246 0 0 82.5277 52997 15000 9116 1.2293464 2
0.2462 0 0 82.5269 52998 15000 9049 1.2206468 1
0.2464 0 0 82.5226 53000 15000 9206 1.2409068 1
0.2466 0 0 82.5208 53002 15000 9164 1.2349288 0
0.2468 0 0 82.5187 53003 15000 9108 1.229522 1
0.247 0 0 82.5202 53005 15000 9023 1.21547 1
0.2472 0 0 82.5224 53006 15000 9179 1.2397404 3
0.2474 0 0 82.5261 53008 15000 9174 1.2353988 2
0.2476 0 0 82.5327 53009 15000 9063 1.2224136 1
0.2478 0 0 82.5373 53011 15000 9201 1.2411844 2
0.248 0 0 82.5418 53012 15000 9128 1.2304916 3
0.2482 0 0 82.5421 53014 15000 9240 1.2470124 1
0.2484 0 0 82.5402 53016 15000 9130 1.228644 1
0.2486 0 0 82.5325 53017 15000 9201 1.2419116 2
0.2488 0 0 82.5218 53019 15000 9263 1.2494684 4
0.249 0 0 82.5104 53021 15000 9238 1.2467172 1
0.2492 0 0 82.5011 53022 15000 9152 1.2319984 1
0.2494 0 0 82.4937 53024 15000 9205 1.2443244 3
0.2496 0 0 82.4923 53025 15000 9068 1.22367 4
0.2498 0 0 82.4916 53027 15000 9295 1.2564576 0
0.25 0 0 82.4958 53028 15000 9130 1.2307008 2
