0.11 0 0 104.286 41788 15000 9781 1.1518452 3
0.1101 0 0 104.28 41789 15000 9749 1.14796 7
0.1102 0 0 104.273 41791 15000 9777 1.148086 8
0.1103 0 0 104.271 41792 15000 9639 1.1342684 0
0.1104 0 0 104.266 41794 15000 9702 1.1419328 7
0.1105 0 0 104.27 41795 15000 9617 1.1311 3
0.1106 0 0 104.269 41796 15000 9840 1.1547416 4
0.1107 0 0 104.279 41798 15000 9893 1.1644576 7
0.1108 0 0 104.285 41799 15000 9726 1.1477368 9
0.1109 0 0 104.295 41801 15000 9901 1.1651176 10
0.111 0 0 104.304 41802 15000 9605 1.1318112 2
0.1111 0 0 104.312 41804 15000 9817 1.1527948 8
0.1112 0 0 104.32 41805 15000 9744 1.1482956 3
0.1113 0 0 104.32 41806 15000 9860 1.1608244 5
0.1114 0 0 104.322 41808 15000 9679 1.1367088 5
0.1115 0 0 104.315 41809 15000 9767 1.1499084 7
0.1116 0 0 104.312 41811 15000 9653 1.1363112 4
0.1117 0 0 104.302 41812 15000 9677 1.1359964 3
0.1118 0 0 104.301 41814 15000 9685 1.1407424 6
0.1119 0 0 104.295 41815 15000 9734 1.1383776 7
0.112 0 0 104.299 41817 15000 9681 1.1394092 6
0.1121 0 0 104.301 41818 15000 9804 1.1519184 9
0.1122 0 0 104.308 41820 15000 9738 1.1463028 4
0.1123 0 0 104.318 41821 15000 9810 1.1505428 9
0.1124 0 0 104.326 41823 15000 9737 1.1439856 15
0.1125 0 0 104.335 41824 15000 9691 1.1387752 5
0.1126 0 0 104.337 41826 15000 9909 1.1648908 6
0.1127 0 0 104.344 41827 15000 9742 1.148738 5
0.1128 0 0 104.343 41828 15000 9716 1.1405036 9
0.1129 0 0 104.344 41830 15000 9717 1.1419336 6
0.113 0 0 104.337 41831 15000 9646 1.1355604 2
0.1131 0 0 104.334 41833 15000 9771 1.1461112 8
0.1132 0 0 104.33 41834 15000 9871 1.1636684 6
0.1133 0 0 104.328 41835 15000 9732 1.1426832 4
0.1134 0 0 104.329 41837 15000 9760 1.1484132 7
0.1135 0 0 104.329 41839 15000 9794 1.1514948 11
0.1136 0 0 104.34 41840 15000 9667 1.1373192 10
0.1137 0 0 104.344 41842 15000 9766 1.1481904 3
0.1138 0 0 104.359 41843 15000 9780 1.144752 11
0.1139 0 0 104.367 41845 15000 9660 1.137224 4
0.114 0 0 104.38 41846 15000 9728 1.1418456 8
0.1141 0 0 104.383 41848 15000 9702 1.1394852 8
0.1142 0 0 104.386 41849 15000 9634 1.131952 8
0.1143 0 0 104.377 41851 15000 9738 1.1476092 8
0.1144 0 0 104.371 41852 15000 9895 1.1673728 5
0.1145 0 0 104.358 41854 15000 9598 1.1306236 11
0.1146 0 0 104.351 41855 15000 9622 1.132988 10
0.1147 0 0 104.344 41857 15000 9906 1.1650796 7
0.1148 0 0 104.343 41858 15000 9705 1.1403492 10
0.1149 0 0 104.349 41860 15000 9808 1.1565084 7
0.115 0 0 104.355 41861 15000 9833 1.15285 11
0.1151 0 0 104.366 41863 15000 9675 1.138132 7
0.1152 0 0 104.372 41864 15000 9885 1.1631492 6
0.1153 0 0 104.383 41865 15000 9827 1.1549588 11
0.1154 0 0 104.386 41867 15000 10000 1.1759272 9
0.1155 0 0 104.39 41868 15000 9660 1.1352312 17
0.1156 0 0 104.385 41870 15000 9627 1.1354624 13
0.1157 0 0 104.384 41871 15000 9864 1.1559236 17
0.1158 0 0 104.376 41873 15000 9742 1.1493012 13
0.1159 0 0 104.371 41874 15000 9718 1.14019 23
0.116 0 0 104.361 41876 15000 9750 1.1474988 20
0.1161 0 0 104.357 41877 15000 9790 1.154376 21
0.1162 0 0 104.353 41879 15000 9690 1.1429168 31
0.1163 0 0 104.349 41880 15000 9640 1.1355816 44
0.1164 0 0 104.351 41882 15000 9768 1.1522292 41
0.1165 0 0 104.351 41883 15000 9613 1.1342816 65
0.1166 0 0 104.359 41885 15000 9777 1.1497244 88
0.1167 0 0 104.363 41886 15000 9688 1.1408944 95
0.1168 0 0 104.372 41888 15000 9642 1.1371552 116
0.1169 0 0 104.375 41889 15000 9711 1.1413188 121
0.117 0 0 104.383 41891 15000 9808 1.155906 193
0.1171 0 0 104.383 41892 15000 9644 1.1318788 270
0.1172 0 0 104.386 41894 15000 9785 1.1528776 350
0.1173 0 0 104.383 41895 15000 9674 1.1356096 444
0.1174 0 0 104.38 41897 15000 9735 1.139984 629
0.1175 0 0 104.373 41898 15000 9744 1.1451948 889
0.1176 0 0 104.37 41900 15000 9677 1.136414 1197
0.1177 0 0 104.365 41901 15000 9725 1.13484 1701
0.1178 0 0 104.362 41903 15000 9756 1.1416488 2148
0.1179 0 0 104.362 41905 15000 9859 1.1508928 2577
0.118 0 0 104.363 41906 15000 9804 1.1478492 3078
0.1181 0 0 104.367 41907 15000 9906 1.1517016 3318
0.1182 0 0 104.368 41909 15000 9878 1.157256 3623
0.1183 0 0 104.377 41911 15000 9761 1.136626 3883
0.1184 0 0 104.381 41912 15000 9771 1.1361396 4225
0.1185 0 0 104.389 41914 15000 9962 1.1565632 5181
0.1186 0 0 104.39 41915 15000 10061 1.165578 5819
0.1187 0 0 104.393 41916 15000 9747 1.1363328 4916
0.1188 0 0 104.388 41918 15000 9823 1.145668 3351
0.1189 0 0 104.387 41919 15000 9606 1.1256092 1888
0.119 0 0 104.379 41921 15000 9636 1.1347792 1124
0.1191 0 0 104.376 41922 15000 9692 1.1409204 743
0.1192 0 0 104.372 41924 15000 9917 1.1664944 555
0.1193 0 0 104.37 41925 15000 9779 1.152072 434
0.1194 0 0 104.37 41927 15000 9882 1.1604096 392
0.1195 0 0 104.37 41928 15000 9679 1.1397328 327
0.1196 0 0 104.376 41930 15000 9703 1.142998 261
0.1197 0 0 104.379 41931 15000 9605 1.1300996 209
0.1198 0 0 104.386 41933 15000 9685 1.1386348 206
0.1199 0 0 104.386 41934 15000 9568 1.1284788 176
0.12 0 0 104.392 41936 15000 9829 1.1589752 161
0.1201 0 0 104.389 41937 15000 9782 1.1530524 150
0.1202 0 0 104.392 41939 15000 9704 1.1463564 137
0.1203 0 0 104.387 41940 15000 9906 1.1681492 122
0.1204 0 0 104.387 41942 15000 9699 1.1421252 101
0.1205 0 0 104.382 41943 15000 9837 1.1589612 108
0.1206 0 0 104.379 41945 15000 9659 1.1397736 101
0.1207 0 0 104.375 41946 15000 9786 1.1510008 84
0.1208 0 0 104.368 41947 15000 9733 1.1469168 86
0.1209 0 0 104.366 41949 15000 9875 1.1671408 96
0.121 0 0 104.36 41951 15000 9680 1.140472 59
0.1211 0 0 104.361 41952 15000 9730 1.1461752 52
0.1212 0 0 104.359 41954 15000 9685 1.1422164 40
0.1213 0 0 104.364 41955 15000 9791 1.1603168 45
0.1214 0 0 104.364 41957 15000 9712 1.1413276 42
0.1215 0 0 104.372 41958 15000 9782 1.1508284 37
0.1216 0 0 104.373 41960 15000 9923 1.166222 39
0.1217 0 0 104.38 41961 15000 9789 1.15367 41
0.1218 0 0 104.381 41962 15000 9629 1.1311916 35
0.1219 0 0 104.385 41964 15000 9803 1.15434 33
0.122 0 0 104.386 41965 15000 9805 1.1528228 29
0.1221 0 0 104.388 41967 15000 9741 1.1473212 30
0.1222 0 0 104.391 41968 15000 9754 1.1505572 25
0.1223 0 0 104.39 41970 15000 9555 1.1250544 26
0.1224 0 0 104.394 41971 15000 9767 1.1520048 25
0.1225 0 0 104.39 41973 15000 9683 1.141814 18
0.1226 0 0 104.393 41974 15000 9759 1.1474832 21
0.1227 0 0 104.39 41976 15000 9684 1.1396156 17
0.1228 0 0 104.393 41977 15000 9855 1.1615284 19
0.1229 0 0 104.39 41979 15000 9792 1.1537852 18
0.123 0 0 104.392 41980 15000 9857 1.162608 20
0.1231 0 0 104.39 41981 15000 9850 1.1612044 11
0.1232 0 0 104.392 41983 15000 9791 1.152214 21
0.1233 0 0 104.395 41984 15000 9759 1.1465204 15
0.1234 0 0 104.396 41986 15000 9767 1.150228 18
0.1235 0 0 104.399 41987 15000 9666 1.1411384 13
0.1236 0 0 104.396 41989 15000 9788 1.15168 11
0.1237 0 0 104.398 41990 15000 9783 1.1558312 14
0.1238 0 0 104.392 41992 15000 9707 1.1447232 11
0.1239 0 0 104.39 41993 15000 9691 1.1423104 16
0.124 0 0 104.38 41995 15000 9694 1.1421532 16
0.1241 0 0 104.375 41996 15000 9830 1.156112 22
0.1242 0 0 104.366 41998 15000 9655 1.1376472 11
0.1243 0 0 104.361 41999 15000 9693 1.1444136 16
0.1244 0 0 104.358 42001 15000 9682 1.1411728 20
0.1245 0 0 104.359 42002 15000 9760 1.1481456 12
0.1246 0 0 104.362 42004 15000 9764 1.1488956 17
0.1247 0 0 104.368 42005 15000 9609 1.133326 16
0.1248 0 0 104.377 42007 15000 9827 1.1578656 10
0.1249 0 0 104.384 42008 15000 9741 1.150268 12
0.125 0 0 104.395 42010 15000 9789 1.1514452 12
0.1251 0 0 104.399 42011 15000 9727 1.1428808 20
0.1252 0 0 104.404 42013 15000 9587 1.131398 15
0.1253 0 0 104.4 42014 15000 9618 1.1339268 11
0.1254 0 0 104.398 42016 15000 9820 1.1543168 15
0.1255 0 0 104.387 42017 15000 9942 1.1680124 15
0.1256 0 0 104.384 42019 15000 9728 1.1449996 11
0.1257 0 0 104.376 42020 15000 9807 1.155794 12
0.1258 0 0 104.374 42022 15000 9740 1.148596 10
0.1259 0 0 104.37 42023 15000 9636 1.1387624 14
0.126 0 0 104.376 42025 15000 9754 1.1517772 13
0.1261 0 0 104.381 42026 15000 9599 1.1313308 14
0.1262 0 0 104.389 42028 15000 9648 1.1349596 12
0.1263 0 0 104.395 42029 15000 9790 1.154034 12
0.1264 0 0 104.399 42031 15000 9666 1.1394464 11
0.1265 0 0 104.399 42033 15000 9630 1.136872 14
0.1266 0 0 104.396 42034 15000 9790 1.1505184 6
0.1267 0 0 104.39 42035 15000 9698 1.1441656 19
0.1268 0 0 104.38 42037 15000 9647 1.1386756 13
0.1269 0 0 104.372 42038 15000 9737 1.1476256 7
0.127 0 0 104.359 42040 15000 9659 1.1374188 12
0.1271 0 0 104.353 42041 15000 9640 1.1391088 12
0.1272 0 0 104.341 42043 15000 9641 1.1388536 12
0.1273 0 0 104.342 42044 15000 9700 1.1414464 9
0.1274 0 0 104.338 42046 15000 9840 1.1592312 13
0.1275 0 0 104.347 42048 15000 9760 1.1504464 5
0.1276 0 0 104.352 42049 15000 9644 1.1382948 13
0.1277 0 0 104.362 42050 15000 9665 1.1418608 12
0.1278 0 0 104.373 42052 15000 9731 1.148482 10
0.1279 0 0 104.383 42053 15000 9750 1.1512132 9
0.128 0 0 104.393 42055 15000 9689 1.1477648 10
0.1281 0 0 104.398 42056 15000 9663 1.1419368 13
0.1282 0 0 104.399 42058 15000 9741 1.1477304 13
0.1283 0 0 104.395 42060 15000 9724 1.1470696 10
0.1284 0 0 104.39 42061 15000 9755 1.1469084 9
0.1285 0 0 104.382 42063 15000 9730 1.1435164 12
0.1286 0 0 104.38 42064 15000 9663 1.1416052 11
0.1287 0 0 104.374 42065 15000 9606 1.1327656 9
0.1288 0 0 104.378 42067 15000 9655 1.1407264 8
0.1289 0 0 104.377 42069 15000 9625 1.13445 8
0.129 0 0 104.384 42070 15000 9759 1.1538208 8
0.1291 0 0 104.384 42072 15000 9824 1.1554044 4
0.1292 0 0 104.392 42073 15000 9746 1.1480876 11
0.1293 0 0 104.393 42074 15000 9666 1.1398728 18
0.1294 0 0 104.397 42076 15000 9551 1.1295608 10
0.1295 0 0 104.396 42077 15000 9773 1.152792 15
0.1296 0 0 104.395 42079 15000 9631 1.1367348 21
0.1297 0 0 104.393 42080 15000 9811 1.1560904 12
0.1298 0 0 104.387 42082 15000 9760 1.1495064 10
0.1299 0 0 104.385 42083 15000 9773 1.1524428 14
0.13 0 0 104.376 42085 15000 9767 1.1539052 11
