0.105 0 0 68.3588 56329 15000 9100 1.276354 2
0.1051 0 0 68.3637 56330 15000 9016 1.2663444 7
0.1052 0 0 68.3659 56332 15000 9125 1.2808956 4
0.1053 0 0 68.3737 56333 15000 8918 1.2506708 6
0.1054 0 0 68.379 56335 15000 8972 1.2572612 9
0.1055 0 0 68.3883 56337 15000 8952 1.2576608 3
0.1056 0 0 68.3945 56338 15000 8892 1.24524 3
0.1057 0 0 68.4036 56340 15000 9036 1.2710528 2
0.1058 0 0 68.4091 56341 15000 9063 1.273162 6
0.1059 0 0 68.4161 56343 15000 9017 1.2661124 6
0.106 0 0 68.4176 56345 15000 9045 1.2703876 6
0.1061 0 0 68.4204 56346 15000 9055 1.272944 3
0.1062 0 0 68.4188 56348 15000 9003 1.2633988 6
0.1063 0 0 68.4208 56350 15000 9015 1.2643528 5
0.1064 0 0 68.4194 56351 15000 9089 1.2795844 4
0.1065 0 0 68.424 56353 15000 9006 1.2647132 3
0.1066 0 0 68.4253 56354 15000 8984 1.2580716 3
0.1067 0 0 68.4288 56356 15000 9046 1.2709512 7
0.1068 0 0 68.4282 56357 15000 9045 1.2675632 6
0.1069 0 0 68.43 56359 15000 9096 1.27805 6
0.107 0 0 68.4285 56361 15000 9022 1.2659316 5
0.1071 0 0 68.4326 56362 15000 9078 1.2755572 5
0.1072 0 0 68.4336 56364 15000 8835 1.2402696 7
0.1073 0 0 68.4386 56366 15000 9086 1.2751644 7
0.1074 0 0 68.4407 56367 15000 9019 1.2686276 6
0.1075 0 0 68.4481 56369 15000 9057 1.2724156 4
0.1076 0 0 68.4521 56370 15000 9004 1.2675868 1
0.1077 0 0 68.4609 56372 15000 9110 1.2810832 1
0.1078 0 0 68.4666 56374 15000 9107 1.2779604 3
0.1079 0 0 68.4731 56376 15000 9105 1.2775196 6
0.108 0 0 68.4745 56377 15000 8956 1.2608428 1
0.1081 0 0 68.4767 56379 15000 9031 1.2691008 4
0.1082 0 0 68.4752 56380 15000 9117 1.2827336 7
0.1083 0 0 68.477 56382 15000 9158 1.2900588 4
0.1084 0 0 68.4758 56383 15000 8989 1.2602556 12
0.1085 0 0 68.4776 56385 15000 9054 1.2756684 4
0.1086 0 0 68.4764 56387 15000 9125 1.2811392 5
0.1087 0 0 68.4767 56388 15000 9016 1.2681048 6
0.1088 0 0 68.4731 56390 15000 9102 1.2784156 4
0.1089 0 0 68.4713 56391 15000 9096 1.27556 2
0.109 0 0 68.4668 56393 15000 8966 1.2602728 6
0.1091 0 0 68.4698 56395 15000 9060 1.2721736 4
0.1092 0 0 68.4713 56396 15000 9002 1.2644224 3
0.1093 0 0 68.4804 56398 15000 9017 1.2698632 7
0.1094 0 0 68.4879 56400 15000 9070 1.2753256 6
0.1095 0 0 68.4988 56401 15000 8961 1.2574876 6
0.1096 0 0 68.5063 56403 15000 9020 1.2665936 3
0.1097 0 0 68.5146 56405 15000 9061 1.273396 4
0.1098 0 0 68.5184 56406 15000 9110 1.280796 1
0.1099 0 0 68.5217 56408 15000 9056 1.274028 4
0.11 0 0 68.5217 56409 15000 9017 1.2681044 4
0.1101 0 0 68.5213 56411 15000 9012 1.2704208 9
0.1102 0 0 68.5196 56413 15000 9010 1.2627804 2
0.1103 0 0 68.5202 56414 15000 9098 1.2794584 6
0.1104 0 0 68.5199 56416 15000 9039 1.2700948 7
0.1105 0 0 68.521 56418 15000 8999 1.2667816 12
0.1106 0 0 68.5189 56419 15000 8974 1.2598148 5
0.1107 0 0 68.514 56421 15000 8967 1.2606976 9
0.1108 0 0 68.5069 56422 15000 9070 1.2698436 5
0.1109 0 0 68.5006 56424 15000 8928 1.2544876 5
0.111 0 0 68.4967 56426 15000 9033 1.2652616 10
0.1111 0 0 68.4967 56427 15000 9092 1.2771384 5
0.1112 0 0 68.5007 56429 15000 8983 1.2625188 7
0.1113 0 0 68.5075 56431 15000 9011 1.267358 6
0.1114 0 0 68.5171 56432 15000 9047 1.2715024 6
0.1115 0 0 68.5254 56434 15000 8958 1.2608156 5
0.1116 0 0 68.5325 56435 15000 9109 1.2810304 1
0.1117 0 0 68.5361 56437 15000 9054 1.272282 7
0.1118 0 0 68.5364 56439 15000 9037 1.2736716 2
0.1119 0 0 68.5319 56440 15000 9099 1.2806052 4
0.112 0 0 68.5272 56442 15000 9131 1.2873992 4
0.1121 0 0 68.5208 56443 15000 9067 1.2723668 3
0.1122 0 0 68.5195 56445 15000 9043 1.2690536 1
0.1123 0 0 68.5181 56447 15000 9109 1.280142 5
0.1124 0 0 68.5234 56448 15000 9043 1.2713988 8
0.1125 0 0 68.5278 56450 15000 9085 1.2767588 3
0.1126 0 0 68.5382 56452 15000 9110 1.2832192 6
0.1127 0 0 68.5491 56453 15000 8977 1.2608572 8
0.1128 0 0 68.5578 56455 15000 8959 1.2654996 3
0.1129 0 0 68.5614 56456 15000 9086 1.281226 6
0.113 0 0 68.5617 56458 15000 9060 1.2745008 8
0.1131 0 0 68.5573 56459 15000 9010 1.268588 3
0.1132 0 0 68.5506 56461 15000 9036 1.26893 10
0.1133 0 0 68.5408 56463 15000 9041 1.2723148 8
0.1134 0 0 68.5335 56464 15000 8962 1.257304 5
0.1135 0 0 68.5287 56466 15000 9086 1.2737192 7
0.1136 0 0 68.5293 56467 15000 9022 1.2692916 8
0.1137 0 0 68.5342 56469 15000 9103 1.2788736 10
0.1138 0 0 68.5417 56471 15000 8925 1.25722 8
0.1139 0 0 68.5496 56472 15000 9117 1.2879116 17
0.114 0 0 68.555 56474 15000 9067 1.2750292 16
0.1141 0 0 68.5564 56475 15000 8960 1.2576552 18
0.1142 0 0 68.5562 56477 15000 9224 1.2958076 31
0.1143 0 0 68.5535 56478 15000 8954 1.2606928 37
0.1144 0 0 68.5499 56480 15000 8903 1.2552416 43
0.1145 0 0 68.5458 56482 15000 9170 1.2857028 69
0.1146 0 0 68.5423 56483 15000 8993 1.2615428 81
0.1147 0 0 68.5402 56485 15000 9085 1.2732092 110
0.1148 0 0 68.5393 56486 15000 9054 1.274994 141
0.1149 0 0 68.5413 56488 15000 9111 1.2801848 166
0.115 0 0 68.5428 56489 15000 9061 1.274644 248
0.1151 0 0 68.5458 56491 15000 9118 1.28226 288
0.1152 0 0 68.5463 56493 15000 9032 1.2704888 403
0.1153 0 0 68.5453 56494 15000 9044 1.2701316 614
0.1154 0 0 68.5435 56496 15000 9030 1.2648056 1030
0.1155 0 0 68.5423 56497 15000 9013 1.264744 1491
0.1156 0 0 68.5404 56499 15000 9138 1.2805076 2160
0.1157 0 0 68.5381 56501 15000 8984 1.2581884 2522
0.1158 0 0 68.537 56503 15000 9129 1.2751592 3073
0.1159 0 0 68.5363 56504 15000 8974 1.2541168 3611
0.116 0 0 68.5358 56506 15000 9153 1.2799884 3877
0.1161 0 0 68.5329 56508 15000 9147 1.2751908 4055
0.1162 0 0 68.5313 56509 15000 9099 1.2678904 4334
0.1163 0 0 68.5278 56511 15000 9111 1.266088 4947
0.1164 0 0 68.5273 56512 15000 9211 1.277194 5763
0.1165 0 0 68.5272 56514 15000 9200 1.2748532 6632
0.1166 0 0 68.5302 56515 15000 9141 1.266776 7076
0.1167 0 0 68.5337 56517 15000 9054 1.2581524 5760
0.1168 0 0 68.5384 56519 15000 9136 1.2736 3671
0.1169 0 0 68.5422 56520 15000 9108 1.2707876 1881
0.117 0 0 68.5446 56522 15000 8996 1.2601532 1044
0.1171 0 0 68.5438 56523 15000 9090 1.2757136 676
0.1172 0 0 68.5425 56525 15000 9042 1.2732912 531
0.1173 0 0 68.5381 56527 15000 9159 1.284434 388
0.1174 0 0 68.5375 56528 15000 8987 1.2613424 279
0.1175 0 0 68.5364 56530 15000 9132 1.2873036 262
0.1176 0 0 68.5376 56531 15000 8926 1.2541056 228
0.1177 0 0 68.5376 56533 15000 9033 1.2688328 188
0.1178 0 0 68.5385 56535 15000 9138 1.284646 194
0.1179 0 0 68.5375 56536 15000 9069 1.2737172 145
0.118 0 0 68.537 56538 15000 9001 1.265868 115
0.1181 0 0 68.5334 56540 15000 9030 1.2713428 101
0.1182 0 0 68.532 56541 15000 9013 1.2738836 94
0.1183 0 0 68.5286 56543 15000 9008 1.2683308 89
0.1184 0 0 68.5302 56545 15000 9110 1.2819532 78
0.1185 0 0 68.5299 56546 15000 9014 1.2693628 63
0.1186 0 0 68.5314 56548 15000 9207 1.2966444 60
0.1187 0 0 68.5289 56550 15000 9042 1.2717748 53
0.1188 0 0 68.531 56551 15000 9073 1.2757976 44
0.1189 0 0 68.5299 56553 15000 8986 1.2659712 31
0.119 0 0 68.5337 56554 15000 9029 1.2709552 30
0.1191 0 0 68.534 56556 15000 8978 1.2636352 29
0.1192 0 0 68.537 56558 15000 9117 1.2838148 29
0.1193 0 0 68.5361 56559 15000 9049 1.2721172 20
0.1194 0 0 68.5376 56561 15000 8991 1.26661 22
0.1195 0 0 68.5352 56562 15000 8971 1.2638612 18
0.1196 0 0 68.5335 56564 15000 9044 1.2689772 24
0.1197 0 0 68.5272 56565 15000 8910 1.2523252 14
0.1198 0 0 68.5227 56567 15000 9172 1.2911468 12
0.1199 0 0 68.514 56569 15000 9103 1.2820196 16
0.12 0 0 68.514 56571 15000 9038 1.272334 13
0.1201 0 0 68.5134 56572 15000 8988 1.2676148 9
0.1202 0 0 68.5248 56574 15000 9155 1.2891596 11
0.1203 0 0 68.5338 56575 15000 9057 1.278376 12
0.1204 0 0 68.5476 56577 15000 9016 1.2706628 9
0.1205 0 0 68.5566 56579 15000 9054 1.2729604 8
0.1206 0 0 68.5634 56580 15000 9068 1.2786588 11
0.1207 0 0 68.564 56582 15000 9004 1.2652824 8
0.1208 0 0 68.5626 56583 15000 8952 1.2616032 15
0.1209 0 0 68.5558 56585 15000 9010 1.26741 10
0.121 0 0 68.5526 56586 15000 9062 1.2750844 9
0.1211 0 0 68.5463 56588 15000 9122 1.2833972 9
0.1212 0 0 68.5461 56590 15000 9014 1.2680888 6
0.1213 0 0 68.5437 56591 15000 9022 1.2678004 6
0.1214 0 0 68.5484 56593 15000 8897 1.2541516 6
0.1215 0 0 68.5508 56594 15000 8983 1.2626436 11
0.1216 0 0 68.5581 56596 15000 9017 1.2730008 13
0.1217 0 0 68.5622 56598 15000 8955 1.2622196 10
0.1218 0 0 68.5687 56599 15000 9021 1.2705024 3
0.1219 0 0 68.5706 56601 15000 8923 1.2615884 8
0.122 0 0 68.572 56602 15000 9011 1.2667384 12
0.1221 0 0 68.5682 56604 15000 8919 1.2607032 13
0.1222 0 0 68.5664 56605 15000 9078 1.2800724 7
0.1223 0 0 68.5611 56607 15000 9058 1.2741232 7
0.1224 0 0 68.5608 56609 15000 9184 1.2937148 10
0.1225 0 0 68.5588 56610 15000 8938 1.2560372 5
0.1226 0 0 68.5617 56612 15000 8983 1.2634768 12
0.1227 0 0 68.5634 56613 15000 9105 1.2823592 6
0.1228 0 0 68.5676 56615 15000 8991 1.2630312 4
0.1229 0 0 68.5696 56616 15000 8947 1.2608288 10
0.123 0 0 68.5712 56618 15000 9097 1.2799428 6
0.1231 0 0 68.5691 56620 15000 8923 1.25933 8
0.1232 0 0 68.5672 56621 15000 8988 1.2648136 9
0.1233 0 0 68.5614 56623 15000 9084 1.2778328 9
0.1234 0 0 68.5588 56624 15000 8941 1.2595716 11
0.1235 0 0 68.5541 56626 15000 9101 1.2810712 5
0.1236 0 0 68.5547 56628 15000 9032 1.2739824 11
0.1237 0 0 68.555 56629 15000 8988 1.2654872 7
0.1238 0 0 68.5614 56631 15000 9020 1.2671168 13
0.1239 0 0 68.5667 56633 15000 9091 1.2805048 6
0.124 0 0 68.5729 56634 15000 9090 1.2802416 10
0.1241 0 0 68.5746 56636 15000 8946 1.2625764 2
0.1242 0 0 68.5764 56637 15000 9064 1.2749908 8
0.1243 0 0 68.5735 56639 15000 9116 1.2866028 6
0.1244 0 0 68.5723 56641 15000 8975 1.267468 6
0.1245 0 0 68.5676 56642 15000 9033 1.269228 7
0.1246 0 0 68.5667 56644 15000 9057 1.2735996 11
0.1247 0 0 68.5625 56645 15000 9113 1.2870728 6
0.1248 0 0 68.5612 56647 15000 9003 1.2654248 9
0.1249 0 0 68.5562 56649 15000 8977 1.2642952 6
0.125 0 0 68.5556 56650 15000 9075 1.278616 7
