0.1 0 0 169.283 22331 1 11019 15437 9
0.1002 0 0 169.27 22333 1 11066 15385 7
0.1004 0 0 169.272 22334 1 11057 15172 14
0.1006 0 0 169.261 22335 1 11057 15285 10
0.1008 0 0 169.262 22336 1 11090 15086 9
0.101 0 0 169.264 22338 1 11026 15377 7
0.1012 0 0 169.256 22339 1 11079 15438 11
0.1014 0 0 169.265 22340 1 11050 15372 13
0.1016 0 0 169.261 22342 1 11063 15530 9
0.1018 0 0 169.267 22343 1 11052 15384 6
0.102 0 0 169.274 22344 1 11035 15562 4
0.1022 0 0 169.269 22345 1 11073 15178 8
0.1024 0 0 169.277 22347 1 11037 15337 8
0.1026 0 0 169.268 22348 1 11060 15434 6
0.1028 0 0 169.271 22350 1 11043 15368 7
0.103 0 0 169.261 22351 1 11056 15205 14
0.1032 0 0 169.259 22353 1 11072 14960 11
0.1034 0 0 169.258 22354 1 11030 15221 5
0.1036 0 0 169.248 22355 1 11048 15327 5
0.1038 0 0 169.253 22356 1 11081 15378 7
0.104 0 0 169.242 22358 1 11077 15235 3
0.1042 0 0 169.247 22359 1 11055 15263 7
0.1044 0 0 169.246 22360 1 11028 15264 6
0.1046 0 0 169.242 22362 1 11044 15191 10
0.1048 0 0 169.246 22363 1 11028 15395 12
0.105 0 0 169.237 22364 1 11052 14942 8
0.1052 0 0 169.241 22366 1 11063 15164 6
0.1054 0 0 169.235 22367 1 11058 15420 14
0.1056 0 0 169.233 22368 1 11055 15238 5
0.1058 0 0 169.237 22370 1 11098 15249 7
0.106 0 0 169.232 22371 1 11092 15260 10
0.1062 0 0 169.244 22373 1 11070 15332 8
0.1064 0 0 169.243 22374 1 11035 15246 10
0.1066 0 0 169.258 22375 1 11078 15133 8
0.1068 0 0 169.263 22377 1 11063 15523 5
0.107 0 0 169.267 22378 1 11070 15146 8
0.1072 0 0 169.274 22379 1 11054 15384 5
0.1074 0 0 169.266 22381 1 11072 15448 4
0.1076 0 0 169.27 22382 1 11085 15499 7
0.1078 0 0 169.254 22383 1 11058 15327 16
0.108 0 0 169.254 22385 1 11028 15197 8
0.1082 0 0 169.248 22386 1 11063 15283 11
0.1084 0 0 169.243 22388 1 11063 15322 15
0.1086 0 0 169.25 22389 1 11079 15372 8
0.1088 0 0 169.243 22390 1 11033 15419 12
0.109 0 0 169.256 22392 1 11054 15321 7
0.1092 0 0 169.255 22393 1 11052 15320 8
0.1094 0 0 169.264 22394 1 11063 15289 7
0.1096 0 0 169.27 22396 1 11095 15191 6
0.1098 0 0 169.27 22397 1 11076 15126 11
0.11 0 0 169.278 22398 1 11059 15234 4
0.1102 0 0 169.272 22400 1 11026 15283 5
0.1104 0 0 169.278 22401 1 11038 15199 4
0.1106 0 0 169.268 22403 1 11050 15441 7
0.1108 0 0 169.272 22404 1 11072 15380 9
0.111 0 0 169.27 22405 1 11052 15404 11
0.1112 0 0 169.262 22406 1 11078 15372 8
0.1114 0 0 169.266 22408 1 11078 15375 12
0.1116 0 0 169.253 22409 1 11077 15407 8
0.1118 0 0 169.258 22410 1 11061 15056 8
0.112 0 0 169.251 22412 1 11023 15155 10
0.1122 0 0 169.249 22413 1 11065 15396 11
0.1124 0 0 169.253 22414 1 11025 15161 7
0.1126 0 0 169.243 22416 1 11068 15063 9
0.1128 0 0 169.249 22417 1 11052 15281 11
0.113 0 0 169.246 22418 1 11049 15116 8
0.1132 0 0 169.243 22420 1 11044 15344 9
0.1134 0 0 169.247 22421 1 11052 15118 12
0.1136 0 0 169.239 22422 1 11065 15388 9
0.1138 0 0 169.246 22424 1 11075 15404 12
0.114 0 0 169.237 22425 1 11062 15288 14
0.1142 0 0 169.243 22427 1 11087 15343 12
0.1144 0 0 169.237 22428 1 11077 15245 11
0.1146 0 0 169.24 22429 1 11052 15140 6
0.1148 0 0 169.242 22431 1 11042 15091 10
0.115 0 0 169.234 22432 1 11040 15266 9
0.1152 0 0 169.241 22433 1 11056 15339 9
0.1154 0 0 169.232 22434 1 11038 15143 6
0.1156 0 0 169.233 22436 1 11058 15368 6
0.1158 0 0 169.23 22437 1 11023 15278 14
0.116 0 0 169.222 22439 1 11031 15189 10
0.1162 0 0 169.228 22440 1 11061 15281 10
0.1164 0 0 169.219 22441 1 11054 15646 13
0.1166 0 0 169.227 22443 1 11083 15395 10
0.1168 0 0 169.222 22444 1 11061 15250 14
0.117 0 0 169.226 22445 1 11087 15278 12
0.1172 0 0 169.229 22447 1 11027 15459 14
0.1174 0 0 169.222 22448 1 11042 15347 9
0.1176 0 0 169.227 22449 1 11069 15360 15
0.1178 0 0 169.215 22451 1 11064 15444 12
0.118 0 0 169.214 22452 1 11014 15519 8
0.1182 0 0 169.208 22453 1 11061 15229 8
0.1184 0 0 169.199 22454 1 11054 15351 11
0.1186 0 0 169.203 22456 1 11048 15152 14
0.1188 0 0 169.193 22457 1 11086 15370 19
0.119 0 0 169.203 22459 1 11051 14927 9
0.1192 0 0 169.203 22460 1 11054 15496 16
0.1194 0 0 169.213 22461 1 11010 15486 14
0.1196 0 0 169.221 22463 1 11033 15118 11
0.1198 0 0 169.225 22464 1 11045 15207 7
0.12 0 0 169.234 22466 1 11039 15500 9
0.1202 0 0 169.23 22467 1 11043 15425 10
0.1204 0 0 169.236 22468 1 11071 15309 13
0.1206 0 0 169.227 22469 1 11042 15234 12
0.1208 0 0 169.227 22471 1 11031 15435 18
0.121 0 0 169.225 22472 1 11047 15462 12
0.1212 0 0 169.216 22474 1 11054 15332 8
0.1214 0 0 169.222 22475 1 11057 15238 8
0.1216 0 0 169.213 22476 1 11050 15182 14
0.1218 0 0 169.221 22478 1 11025 15277 9
0.122 0 0 169.219 22479 1 11014 15303 15
0.1222 0 0 169.22 22480 1 11028 15480 12
0.1224 0 0 169.22 22482 1 11024 15242 11
0.1226 0 0 169.212 22483 1 11040 15371 11
0.1228 0 0 169.218 22484 1 11046 15164 15
0.123 0 0 169.209 22486 1 11072 15031 6
0.1232 0 0 169.213 22487 1 11057 15285 8
0.1234 0 0 169.211 22488 1 11058 15379 13
0.1236 0 0 169.205 22490 1 11058 15384 9
0.1238 0 0 169.211 22491 1 11033 15308 12
0.124 0 0 169.203 22492 1 11059 15321 12
0.1242 0 0 169.21 22493 1 11037 15245 16
0.1244 0 0 169.215 22495 1 11052 15166 12
0.1246 0 0 169.212 22496 1 11061 15486 20
0.1248 0 0 169.219 22498 1 11048 15271 9
0.125 0 0 169.211 22499 1 11079 15099 16
0.1252 0 0 169.218 22500 1 11059 15369 15
0.1254 0 0 169.209 22502 1 11016 15297 12
0.1256 0 0 169.214 22503 1 11032 15116 21
0.1258 0 0 169.21 22505 1 11060 15139 16
0.126 0 0 169.208 22506 1 11063 15385 19
0.1262 0 0 169.213 22507 1 11013 15138 16
0.1264 0 0 169.203 22508 1 11039 15412 15
0.1266 0 0 169.208 22510 1 11031 15204 24
0.1268 0 0 169.199 22511 1 11033 15086 20
0.127 0 0 169.199 22512 1 11055 15218 28
0.1272 0 0 169.203 22514 1 11054 15376 20
0.1274 0 0 169.199 22515 1 11036 15200 14
0.1276 0 0 169.21 22517 1 11049 15500 21
0.1278 0 0 169.208 22518 1 11030 15282 12
0.128 0 0 169.224 22519 1 11067 15202 38
0.1282 0 0 169.224 22521 1 11021 15323 45
0.1284 0 0 169.231 22522 1 11081 15410 48
0.1286 0 0 169.236 22523 1 10998 15131 66
0.1288 0 0 169.228 22525 1 11054 14931 134
0.129 0 0 169.232 22526 1 11032 15213 234
0.1292 0 0 169.218 22527 1 11037 15014 576
0.1294 0 0 169.219 22529 1 11101 15242 1231
0.1296 0 0 169.215 22530 1 11100 15321 1991
0.1298 0 0 169.208 22531 1 11118 15432 2603
0.13 0 0 169.212 22533 1 11117 15252 3271
0.1302 0 0 169.201 22534 1 11104 15087 2168
0.1304 0 0 169.204 22536 1 11052 15386 779
0.1306 0 0 169.193 22537 1 11050 15358 418
0.1308 0 0 169.196 22538 1 11024 15380 389
0.131 0 0 169.195 22540 1 11053 15221 314
0.1312 0 0 169.192 22541 1 11040 15117 267
0.1314 0 0 169.203 22542 1 11060 15401 232
0.1316 0 0 169.2 22544 1 11063 15388 179
0.1318 0 0 169.213 22545 1 11043 15187 188
0.132 0 0 169.216 22546 1 11057 15169 150
0.1322 0 0 169.22 22548 1 11068 15315 125
0.1324 0 0 169.226 22549 1 11031 15201 108
0.1326 0 0 169.219 22550 1 11045 15225 93
0.1328 0 0 169.225 22552 1 11039 15310 90
0.133 0 0 169.214 22553 1 11046 15208 59
0.1332 0 0 169.216 22555 1 11030 15141 43
0.1334 0 0 169.206 22556 1 11039 15310 39
0.1336 0 0 169.205 22557 1 11007 15204 39
0.1338 0 0 169.207 22559 1 11029 15410 29
0.134 0 0 169.199 22560 1 11078 15309 24
0.1342 0 0 169.208 22561 1 11010 15311 32
0.1344 0 0 169.205 22563 1 11044 15353 36
0.1346 0 0 169.217 22564 1 11033 15018 33
0.1348 0 0 169.221 22565 1 11057 15290 22
0.135 0 0 169.226 22567 1 11028 15343 26
0.1352 0 0 169.233 22568 1 11021 15308 20
0.1354 0 0 169.229 22570 1 11021 15284 23
0.1356 0 0 169.236 22571 1 11010 15272 24
0.1358 0 0 169.229 22572 1 11043 15067 23
0.136 0 0 169.234 22574 1 11011 15315 19
0.1362 0 0 169.227 22575 1 11011 15175 24
0.1364 0 0 169.222 22576 1 11012 15444 22
0.1366 0 0 169.226 22578 1 11060 15483 30
0.1368 0 0 169.214 22579 1 11029 15148 11
0.137 0 0 169.22 22580 1 11052 15026 13
0.1372 0 0 169.213 22582 1 11031 15437 17
0.1374 0 0 169.221 22583 1 10992 15472 19
0.1376 0 0 169.222 22585 1 11033 15371 16
0.1378 0 0 169.228 22586 1 11014 15180 16
0.138 0 0 169.234 22587 1 11024 15270 18
0.1382 0 0 169.23 22589 1 11011 15237 21
0.1384 0 0 169.238 22590 1 11036 15188 22
0.1386 0 0 169.23 22591 1 11059 15569 19
0.1388 0 0 169.231 22593 1 11027 15267 14
0.139 0 0 169.228 22594 1 10999 15070 16
0.1392 0 0 169.217 22595 1 10992 15264 17
0.1394 0 0 169.221 22597 1 11035 15445 22
0.1396 0 0 169.21 22598 1 11064 15145 16
0.1398 0 0 169.218 22600 1 11065 15102 20
0.14 0 0 169.214 22601 1 11052 15349 22
0.1402 0 0 169.225 22602 1 10996 15248 11
0.1404 0 0 169.229 22604 1 11003 15152 9
0.1406 0 0 169.23 22605 1 11025 15080 15
0.1408 0 0 169.238 22606 1 11043 15303 14
0.141 0 0 169.233 22607 1 11017 15227 17
0.1412 0 0 169.239 22609 1 11044 15520 14
0.1414 0 0 169.235 22610 1 11024 15345 16
0.1416 0 0 169.23 22611 1 11041 15220 14
0.1418 0 0 169.233 22613 1 11018 14972 15
0.142 0 0 169.219 22614 1 11021 15135 22
0.1422 0 0 169.222 22616 1 10979 15330 22
0.1424 0 0 169.211 22617 1 11075 15234 10
0.1426 0 0 169.214 22618 1 11000 15281 11
0.1428 0 0 169.209 22620 1 11032 15138 13
0.143 0 0 169.207 22621 1 11033 15182 11
0.1432 0 0 169.213 22622 1 11054 15070 12
0.1434 0 0 169.204 22624 1 11009 15060 17
0.1436 0 0 169.209 22625 1 11010 15405 16
0.1438 0 0 169.208 22626 1 11024 15122 14
0.144 0 0 169.204 22627 1 11045 15154 21
0.1442 0 0 169.206 22629 1 10986 15327 17
0.1444 0 0 169.195 22630 1 11014 15028 15
0.1446 0 0 169.2 22631 1 11023 15289 15
0.1448 0 0 169.198 22633 1 10996 15187 15
0.145 0 0 169.195 22634 1 11016 15153 21
0.1452 0 0 169.203 22635 1 10999 15241 9
0.1454 0 0 169.197 22636 1 11039 15227 16
0.1456 0 0 169.204 22638 1 11030 15182 19
0.1458 0 0 169.197 22639 1 11025 15438 11
0.146 0 0 169.2 22641 1 11012 15434 7
0.1462 0 0 169.199 22642 1 11028 15360 16
0.1464 0 0 169.193 22643 1 11021 15327 11
0.1466 0 0 169.197 22645 1 11014 15387 11
0.1468 0 0 169.187 22646 1 11016 14993 12
0.147 0 0 169.195 22648 1 11021 15152 16
0.1472 0 0 169.187 22649 1 11013 15090 20
0.1474 0 0 169.191 22650 1 10999 15487 16
0.1476 0 0 169.191 22651 1 11013 14845 10
0.1478 0 0 169.185 22653 1 10994 15280 15
0.148 0 0 169.192 22654 1 11019 15209 18
0.1482 0 0 169.183 22655 1 11000 15367 9
0.1484 0 0 169.192 22657 1 11020 15332 14
0.1486 0 0 169.192 22658 1 11021 15195 6
0.1488 0 0 169.196 22660 1 11033 15086 11
0.149 0 0 169.202 22661 1 10990 15306 13
0.1492 0 0 169.2 22662 1 11023 15174 14
0.1494 0 0 169.209 22664 1 11023 15223 16
0.1496 0 0 169.204 22665 1 11018 15252 12
0.1498 0 0 169.211 22666 1 11053 15192 5
0.15 0 0 169.206 22668 1 11026 15264 12
0.1502 0 0 169.203 22669 1 11025 15361 17
0.1504 0 0 169.207 22670 1 11004 15060 7
0.1506 0 0 169.198 22672 1 11019 15265 11
0.1508 0 0 169.205 22673 1 11041 15124 8
0.151 0 0 169.197 22674 1 11057 15364 11
0.1512 0 0 169.201 22676 1 11026 15164 14
0.1514 0 0 169.205 22677 1 10993 15421 8
0.1516 0 0 169.201 22679 1 11022 15123 12
0.1518 0 0 169.206 22680 1 11021 15185 13
0.152 0 0 169.195 22681 1 11010 15263 18
0.1522 0 0 169.197 22683 1 11050 15107 10
0.1524 0 0 169.185 22684 1 11031 15282 13
0.1526 0 0 169.182 22685 1 11046 15288 12
0.1528 0 0 169.181 22687 1 11037 15278 13
0.153 0 0 169.171 22688 1 10987 15265 10
0.1532 0 0 169.177 22689 1 10994 15371 9
0.1534 0 0 169.172 22691 1 11048 15315 8
0.1536 0 0 169.18 22692 1 11036 15101 12
0.1538 0 0 169.182 22693 1 11003 15143 18
0.154 0 0 169.179 22695 1 10982 15208 7
0.1542 0 0 169.188 22696 1 11006 15221 8
0.1544 0 0 169.182 22697 1 11009 15315 13
0.1546 0 0 169.189 22699 1 11024 15115 7
0.1548 0 0 169.182 22700 1 11035 15363 14
0.155 0 0 169.185 22701 1 11027 15238 10
0.1552 0 0 169.186 22703 1 11046 15241 14
0.1554 0 0 169.181 22704 1 10998 14869 7
0.1556 0 0 169.188 22705 1 11007 15209 11
0.1558 0 0 169.182 22707 1 11012 15178 13
0.156 0 0 169.187 22708 1 11000 15356 6
0.1562 0 0 169.181 22709 1 10973 15135 8
0.1564 0 0 169.177 22711 1 11015 15241 10
0.1566 0 0 169.176 22712 1 11014 15343 10
0.1568 0 0 169.164 22714 1 11009 15309 10
0.157 0 0 169.17 22715 1 11037 15369 14
0.1572 0 0 169.161 22716 1 11000 15329 10
0.1574 0 0 169.17 22718 1 11040 15214 8
0.1576 0 0 169.173 22719 1 11020 15177 16
0.1578 0 0 169.176 22720 1 11011 14908 4
0.158 0 0 169.186 22722 1 11002 15248 5
0.1582 0 0 169.185 22723 1 11001 15070 8
0.1584 0 0 169.2 22724 1 11035 15130 10
0.1586 0 0 169.204 22725 1 11010 15047 6
0.1588 0 0 169.21 22727 1 11049 15108 13
0.159 0 0 169.216 22728 1 11019 15264 13
0.1592 0 0 169.211 22730 1 11038 15196 12
0.1594 0 0 169.219 22731 1 11004 15282 7
0.1596 0 0 169.212 22732 1 10995 15326 11
0.1598 0 0 169.215 22734 1 11009 15285 7
0.16 0 0 169.209 22735 1 10996 15356 9
