0.105 0 0 80.3982 53294 15000 9258 1.2551364 6
0.1051 0 0 80.4011 53296 15000 9281 1.2559444 3
0.1052 0 0 80.4055 53297 15000 9229 1.2532276 3
0.1053 0 0 80.4082 53299 15000 9139 1.2373724 0
0.1054 0 0 80.4124 53300 15000 9094 1.2287652 11
0.1055 0 0 80.4148 53302 15000 9068 1.22889 5
0.1056 0 0 80.419 53304 15000 9262 1.2541512 3
0.1057 0 0 80.4202 53305 15000 9189 1.2464204 2
0.1058 0 0 80.4224 53307 15000 9115 1.2344052 5
0.1059 0 0 80.4217 53308 15000 9185 1.2438444 4
0.106 0 0 80.4239 53310 15000 9154 1.2414208 4
0.1061 0 0 80.4231 53311 15000 9106 1.232094 6
0.1062 0 0 80.4261 53313 15000 9119 1.2335416 4
0.1063 0 0 80.4261 53315 15000 9186 1.245636 2
0.1064 0 0 80.4307 53316 15000 9122 1.2335548 2
0.1065 0 0 80.4324 53318 15000 9171 1.2404164 4
0.1066 0 0 80.4383 53319 15000 9218 1.2479356 6
0.1067 0 0 80.4403 53321 15000 9110 1.231034 6
0.1068 0 0 80.4474 53322 15000 9184 1.242418 5
0.1069 0 0 80.4489 53324 15000 9233 1.2504276 6
0.107 0 0 80.4535 53325 15000 9119 1.2334364 6
0.1071 0 0 80.4523 53327 15000 9221 1.2467412 9
0.1072 0 0 80.4528 53328 15000 9186 1.2449904 4
0.1073 0 0 80.4476 53330 15000 9212 1.2442892 7
0.1074 0 0 80.4479 53332 15000 9187 1.2443236 5
0.1075 0 0 80.4447 53333 15000 9216 1.2505276 1
0.1076 0 0 80.4489 53335 15000 9243 1.254254 6
0.1077 0 0 80.4508 53336 15000 9045 1.2231764 10
0.1078 0 0 80.4587 53338 15000 9152 1.2378088 5
0.1079 0 0 80.4638 53339 15000 9119 1.2329768 3
0.108 0 0 80.4727 53341 15000 9241 1.2500152 2
0.1081 0 0 80.4776 53342 15000 9173 1.2395552 8
0.1082 0 0 80.4822 53344 15000 9155 1.2392904 5
0.1083 0 0 80.481 53346 15000 9198 1.2440836 5
0.1084 0 0 80.479 53347 15000 9203 1.2468836 2
0.1085 0 0 80.4729 53349 15000 9143 1.2361304 1
0.1086 0 0 80.4682 53351 15000 9067 1.2323136 3
0.1087 0 0 80.4609 53352 15000 9117 1.2308332 2
0.1088 0 0 80.4579 53354 15000 9217 1.2492616 8
0.1089 0 0 80.4543 53355 15000 9109 1.2363648 4
0.109 0 0 80.4567 53357 15000 9049 1.2282756 8
0.1091 0 0 80.4587 53359 15000 9164 1.2425884 2
0.1092 0 0 80.4646 53360 15000 9171 1.240496 4
0.1093 0 0 80.4687 53362 15000 9180 1.2434612 5
0.1094 0 0 80.4744 53363 15000 9118 1.2364328 11
0.1095 0 0 80.4768 53365 15000 9079 1.2298564 6
0.1096 0 0 80.479 53366 15000 9230 1.2507808 3
0.1097 0 0 80.4773 53368 15000 9220 1.2527832 5
0.1098 0 0 80.4756 53370 15000 9155 1.237202 4
0.1099 0 0 80.4712 53371 15000 9143 1.240004 2
0.11 0 0 80.4675 53373 15000 9114 1.2349696 8
0.1101 0 0 80.4626 53374 15000 9189 1.2435804 6
0.1102 0 0 80.4606 53376 15000 9217 1.2499156 8
0.1103 0 0 80.4609 53377 15000 9173 1.2462564 5
0.1104 0 0 80.4651 53379 15000 9152 1.2384128 6
0.1105 0 0 80.4734 53381 15000 9261 1.250056 3
0.1106 0 0 80.482 53382 15000 9173 1.2444892 5
0.1107 0 0 80.4911 53384 15000 9159 1.2400204 6
0.1108 0 0 80.4977 53385 15000 9223 1.2491032 6
0.1109 0 0 80.5001 53387 15000 9202 1.2480004 8
0.111 0 0 80.4992 53389 15000 9130 1.237848 2
0.1111 0 0 80.494 53390 15000 9200 1.2451824 3
0.1112 0 0 80.4889 53392 15000 9144 1.2380636 9
0.1113 0 0 80.4847 53393 15000 9154 1.240126 4
0.1114 0 0 80.4805 53395 15000 9067 1.2273548 4
0.1115 0 0 80.4825 53396 15000 9095 1.23526 6
0.1116 0 0 80.4847 53398 15000 9097 1.2339336 7
0.1117 0 0 80.4935 53399 15000 9184 1.2410064 7
0.1118 0 0 80.5006 53401 15000 9189 1.2459624 8
0.1119 0 0 80.5105 53403 15000 9155 1.2428672 4
0.112 0 0 80.5154 53404 15000 9233 1.2495528 4
0.1121 0 0 80.5198 53406 15000 9079 1.2333252 13
0.1122 0 0 80.5181 53407 15000 9244 1.2519404 6
0.1123 0 0 80.5149 53409 15000 9114 1.2388068 2
0.1124 0 0 80.5068 53410 15000 9214 1.2491072 8
0.1125 0 0 80.5019 53412 15000 9074 1.2343484 8
0.1126 0 0 80.4923 53414 15000 9220 1.2504564 9
0.1127 0 0 80.4908 53415 15000 8986 1.2229048 8
0.1128 0 0 80.4871 53417 15000 9283 1.26183 6
0.1129 0 0 80.4928 53418 15000 9122 1.2396832 5
0.113 0 0 80.4955 53420 15000 9011 1.2239136 9
0.1131 0 0 80.5024 53421 15000 9160 1.2451952 6
0.1132 0 0 80.5041 53423 15000 9219 1.246922 6
0.1133 0 0 80.5085 53424 15000 9100 1.2344624 6
0.1134 0 0 80.5078 53426 15000 9295 1.2581888 9
0.1135 0 0 80.5083 53427 15000 9151 1.2430968 5
0.1136 0 0 80.5033 53429 15000 9104 1.2357884 6
0.1137 0 0 80.5016 53431 15000 9065 1.2315648 14
0.1138 0 0 80.496 53432 15000 9139 1.2400132 7
0.1139 0 0 80.495 53434 15000 9086 1.2337624 6
0.114 0 0 80.4918 53435 15000 9254 1.256412 8
0.1141 0 0 80.4943 53437 15000 9121 1.2384012 6
0.1142 0 0 80.497 53438 15000 9143 1.2382192 5
0.1143 0 0 80.5014 53440 15000 9102 1.2355156 21
0.1144 0 0 80.5051 53442 15000 9037 1.2265376 16
0.1145 0 0 80.509 53443 15000 9169 1.245864 19
0.1146 0 0 80.5112 53445 15000 9209 1.2491608 29
0.1147 0 0 80.5129 53446 15000 9152 1.239124 38
0.1148 0 0 80.5139 53448 15000 9073 1.2300288 41
0.1149 0 0 80.5139 53449 15000 8978 1.2243792 69
0.115 0 0 80.5154 53451 15000 9087 1.2301588 78
0.1151 0 0 80.5151 53452 15000 9293 1.2588072 90
0.1152 0 0 80.5173 53454 15000 9220 1.2517948 105
0.1153 0 0 80.5169 53456 15000 9076 1.2331972 146
0.1154 0 0 80.5193 53457 15000 9233 1.24999 189
0.1155 0 0 80.5196 53459 15000 9165 1.2392516 258
0.1156 0 0 80.5247 53460 15000 9089 1.2324904 386
0.1157 0 0 80.5267 53462 15000 9273 1.254304 652
0.1158 0 0 80.5314 53463 15000 9146 1.2361264 863
0.1159 0 0 80.5316 53465 15000 9240 1.2505568 1360
0.116 0 0 80.5348 53467 15000 9228 1.2406884 1714
0.1161 0 0 80.5331 53468 15000 9174 1.2364404 2164
0.1162 0 0 80.5336 53470 15000 9146 1.2334072 2749
0.1163 0 0 80.5296 53471 15000 9238 1.2467984 3013
0.1164 0 0 80.5309 53473 15000 9271 1.2451416 3339
0.1165 0 0 80.5284 53474 15000 9236 1.2416824 3850
0.1166 0 0 80.5319 53476 15000 9319 1.2495064 4473
0.1167 0 0 80.5311 53478 15000 9287 1.2424532 4826
0.1168 0 0 80.5365 53479 15000 9232 1.2358312 5353
0.1169 0 0 80.5373 53481 15000 9102 1.2179808 6324
0.117 0 0 80.5427 53482 15000 9361 1.2456632 6964
0.1171 0 0 80.5432 53484 15000 9319 1.2506416 5761
0.1172 0 0 80.5474 53485 15000 9271 1.244534 3618
0.1173 0 0 80.5461 53487 15000 9331 1.2571 1758
0.1174 0 0 80.5466 53489 15000 9143 1.2412512 1038
0.1175 0 0 80.5414 53490 15000 9252 1.2522356 691
0.1176 0 0 80.538 53492 15000 9144 1.2385108 480
0.1177 0 0 80.5294 53493 15000 9044 1.2255552 398
0.1178 0 0 80.526 53495 15000 9151 1.2431484 314
0.1179 0 0 80.5186 53496 15000 9199 1.2525532 252
0.118 0 0 80.5186 53498 15000 9168 1.2441956 225
0.1181 0 0 80.5154 53500 15000 9108 1.2385744 196
0.1182 0 0 80.5186 53501 15000 9166 1.24473 178
0.1183 0 0 80.5183 53503 15000 9111 1.2369808 154
0.1184 0 0 80.5225 53504 15000 9138 1.2382648 100
0.1185 0 0 80.5228 53506 15000 9213 1.2478996 108
0.1186 0 0 80.5257 53507 15000 9198 1.2463312 119
0.1187 0 0 80.5237 53509 15000 8978 1.2185 90
0.1188 0 0 80.5255 53511 15000 9146 1.2363292 90
0.1189 0 0 80.524 53512 15000 9182 1.2434672 71
0.119 0 0 80.526 53514 15000 9063 1.2359856 60
0.1191 0 0 80.5264 53515 15000 9219 1.2517576 53
0.1192 0 0 80.5299 53517 15000 9239 1.2542064 55
0.1193 0 0 80.5323 53518 15000 9148 1.2445364 47
0.1194 0 0 80.5346 53520 15000 9130 1.2403572 47
0.1195 0 0 80.5355 53522 15000 9099 1.2377908 35
0.1196 0 0 80.5353 53523 15000 9286 1.260588 32
0.1197 0 0 80.5331 53525 15000 9211 1.2510612 28
0.1198 0 0 80.5304 53526 15000 9137 1.241424 24
0.1199 0 0 80.5274 53528 15000 9082 1.232106 13
0.12 0 0 80.525 53529 15000 8963 1.2197888 15
0.1201 0 0 80.5242 53531 15000 9195 1.2480028 18
0.1202 0 0 80.5255 53533 15000 9037 1.227974 17
0.1203 0 0 80.5311 53534 15000 9062 1.2313104 16
0.1204 0 0 80.5353 53536 15000 9274 1.2556404 22
0.1205 0 0 80.5392 53537 15000 9089 1.2330452 14
0.1206 0 0 80.5392 53539 15000 9089 1.236372 9
0.1207 0 0 80.5385 53540 15000 8959 1.2168424 13
0.1208 0 0 80.5326 53542 15000 9075 1.2316524 11
0.1209 0 0 80.5264 53543 15000 9162 1.2450492 10
0.121 0 0 80.5156 53545 15000 9130 1.2404284 15
0.1211 0 0 80.506 53547 15000 9080 1.234202 15
0.1212 0 0 80.4938 53548 15000 9147 1.2444868 14
0.1213 0 0 80.4901 53549 15000 9111 1.2391468 10
0.1214 0 0 80.4832 53551 15000 9174 1.2478076 8
0.1215 0 0 80.4864 53553 15000 8935 1.2161652 11
0.1216 0 0 80.4871 53554 15000 9218 1.2509708 9
0.1217 0 0 80.497 53556 15000 9124 1.241518 11
0.1218 0 0 80.5033 53557 15000 8845 1.2059644 17
0.1219 0 0 80.5137 53559 15000 9220 1.2534944 14
0.122 0 0 80.5178 53560 15000 9116 1.2394752 10
0.1221 0 0 80.5205 53562 15000 9227 1.2509468 8
0.1222 0 0 80.5161 53564 15000 9099 1.2386376 7
0.1223 0 0 80.5149 53565 15000 9126 1.2446304 7
0.1224 0 0 80.5085 53567 15000 9102 1.2384628 13
0.1225 0 0 80.508 53568 15000 9094 1.2368512 14
0.1226 0 0 80.5041 53570 15000 9147 1.243004 13
0.1227 0 0 80.5068 53572 15000 9189 1.248948 13
0.1228 0 0 80.5063 53573 15000 9195 1.2476372 9
0.1229 0 0 80.5124 53575 15000 9044 1.2259308 5
0.123 0 0 80.5154 53576 15000 9146 1.2444488 11
0.1231 0 0 80.524 53578 15000 9193 1.252958 11
0.1232 0 0 80.5296 53579 15000 9164 1.246182 10
0.1233 0 0 80.538 53581 15000 9225 1.2530468 8
0.1234 0 0 80.5417 53583 15000 9032 1.227628 12
0.1235 0 0 80.5459 53584 15000 9023 1.2265272 10
0.1236 0 0 80.5451 53586 15000 9040 1.2288624 11
0.1237 0 0 80.5444 53587 15000 9102 1.2382704 10
0.1238 0 0 80.539 53589 15000 8962 1.2221896 9
0.1239 0 0 80.5323 53591 15000 9304 1.2630164 4
0.124 0 0 80.5215 53592 15000 9310 1.2623924 16
0.1241 0 0 80.5164 53594 15000 9112 1.238348 8
0.1242 0 0 80.51 53595 15000 9114 1.2412092 8
0.1243 0 0 80.5107 53597 15000 9101 1.2376632 9
0.1244 0 0 80.5114 53599 15000 9197 1.2557692 7
0.1245 0 0 80.5191 53600 15000 9066 1.2350784 9
0.1246 0 0 80.5247 53602 15000 9015 1.2291604 12
0.1247 0 0 80.5333 53603 15000 9224 1.2567844 6
0.1248 0 0 80.5375 53605 15000 9096 1.235706 5
0.1249 0 0 80.5422 53607 15000 9077 1.2384096 11
0.125 0 0 80.5414 53608 15000 9171 1.2448876 10
