0.08 0 0 118.35 6693 1 8733 14525 3
0.0802 0 0 118.358 6694 1 8713 14642 6
0.0804 0 0 118.36 6695 1 8696 14359 6
0.0806 0 0 118.359 6697 1 8693 14396 2
0.0808 0 0 118.363 6698 1 8690 14447 5
0.081 0 0 118.357 6699 1 8723 14427 7
0.0812 0 0 118.358 6700 1 8690 14557 5
0.0814 0 0 118.356 6702 1 8691 14394 4
0.0816 0 0 118.353 6703 1 8712 14541 6
0.0818 0 0 118.357 6705 1 8690 14299 7
0.082 0 0 118.354 6706 1 8714 14258 8
0.0822 0 0 118.361 6707 1 8712 14498 5
0.0824 0 0 118.359 6709 1 8692 14425 3
0.0826 0 0 118.364 6710 1 8693 14444 6
0.0828 0 0 118.365 6712 1 8669 14411 3
0.083 0 0 118.366 6713 1 8685 14571 3
0.0832 0 0 118.369 6714 1 8677 14493 1
0.0834 0 0 118.365 6716 1 8726 14419 2
0.0836 0 0 118.37 6717 1 8690 14116 4
0.0838 0 0 118.367 6718 1 8697 14420 7
0.084 0 0 118.37 6720 1 8705 14427 7
0.0842 0 0 118.37 6721 1 8695 14451 4
0.0844 0 0 118.37 6723 1 8719 14311 8
0.0846 0 0 118.375 6724 1 8683 14400 3
0.0848 0 0 118.373 6725 1 8666 14395 4
0.085 0 0 118.38 6727 1 8686 14552 4
0.0852 0 0 118.378 6728 1 8663 14232 1
0.0854 0 0 118.382 6729 1 8689 14217 5
0.0856 0 0 118.381 6731 1 8676 14490 3
0.0858 0 0 118.379 6732 1 8681 14419 4
0.086 0 0 118.382 6733 1 8700 14437 2
0.0862 0 0 118.376 6735 1 8707 14548 2
0.0864 0 0 118.38 6736 1 8706 14551 5
0.0866 0 0 118.375 6738 1 8712 14530 6
0.0868 0 0 118.379 6739 1 8714 14288 6
0.087 0 0 118.381 6740 1 8696 14287 2
0.0872 0 0 118.384 6742 1 8682 14339 6
0.0874 0 0 118.391 6743 1 8712 14426 7
0.0876 0 0 118.39 6744 1 8668 14347 5
0.0878 0 0 118.397 6746 1 8718 14630 3
0.088 0 0 118.394 6747 1 8678 14362 6
0.0882 0 0 118.393 6748 1 8668 14609 5
0.0884 0 0 118.388 6750 1 8684 14558 5
0.0886 0 0 118.381 6751 1 8681 14492 4
0.0888 0 0 118.379 6753 1 8670 14416 3
0.089 0 0 118.37 6754 1 8685 14312 5
0.0892 0 0 118.373 6755 1 8709 14545 3
0.0894 0 0 118.37 6757 1 8706 14381 5
0.0896 0 0 118.376 6758 1 8678 14401 10
0.0898 0 0 118.38 6759 1 8692 14352 1
0.09 0 0 118.383 6761 1 8683 14502 3
0.0902 0 0 118.391 6762 1 8705 14473 9
0.0904 0 0 118.39 6763 1 8680 14235 6
0.0906 0 0 118.397 6765 1 8701 14393 4
0.0908 0 0 118.394 6766 1 8687 14343 6
0.091 0 0 118.394 6768 1 8692 14290 2
0.0912 0 0 118.392 6769 1 8714 14439 1
0.0914 0 0 118.388 6770 1 8713 14766 7
0.0916 0 0 118.386 6772 1 8679 14392 2
0.0918 0 0 118.378 6773 1 8684 14406 5
0.092 0 0 118.381 6775 1 8712 14437 6
0.0922 0 0 118.376 6776 1 8694 14539 5
0.0924 0 0 118.377 6777 1 8695 14416 9
0.0926 0 0 118.378 6778 1 8694 14499 6
0.0928 0 0 118.373 6780 1 8657 14251 3
0.093 0 0 118.377 6781 1 8677 14370 7
0.0932 0 0 118.375 6782 1 8696 14373 4
0.0934 0 0 118.377 6784 1 8663 14337 2
0.0936 0 0 118.379 6785 1 8696 14467 3
0.0938 0 0 118.379 6786 1 8676 14474 2
0.094 0 0 118.382 6788 1 8673 14238 2
0.0942 0 0 118.377 6789 1 8718 14363 4
0.0944 0 0 118.382 6791 1 8719 14448 4
0.0946 0 0 118.379 6792 1 8701 14563 5
0.0948 0 0 118.382 6793 1 8682 14217 4
0.095 0 0 118.384 6794 1 8672 14586 6
0.0952 0 0 118.382 6796 1 8655 14420 2
0.0954 0 0 118.385 6797 1 8690 14413 3
0.0956 0 0 118.379 6798 1 8700 14374 1
0.0958 0 0 118.379 6800 1 8658 14196 10
0.096 0 0 118.373 6801 1 8679 14372 6
0.0962 0 0 118.37 6803 1 8661 14249 8
0.0964 0 0 118.372 6804 1 8675 14431 6
0.0966 0 0 118.369 6805 1 8674 14353 3
0.0968 0 0 118.376 6807 1 8694 14253 4
0.097 0 0 118.374 6808 1 8674 14386 10
0.0972 0 0 118.38 6810 1 8692 14477 8
0.0974 0 0 118.38 6811 1 8668 14371 4
0.0976 0 0 118.38 6812 1 8718 14403 6
0.0978 0 0 118.381 6813 1 8689 14233 4
0.098 0 0 118.374 6815 1 8687 14545 6
0.0982 0 0 118.376 6816 1 8666 14255 8
0.0984 0 0 118.37 6817 1 8697 14388 4
0.0986 0 0 118.37 6819 1 8694 14463 8
0.0988 0 0 118.369 6820 1 8669 14126 2
0.099 0 0 118.366 6822 1 8645 14326 6
0.0992 0 0 118.367 6823 1 8674 14510 7
0.0994 0 0 118.36 6824 1 8695 14433 4
0.0996 0 0 118.36 6826 1 8652 14396 5
0.0998 0 0 118.353 6827 1 8647 14422 6
0.1 0 0 118.352 6828 1 8695 14401 4
0.1002 0 0 118.351 6830 1 8666 14474 6
0.1004 0 0 118.347 6831 1 8669 14392 6
0.1006 0 0 118.351 6832 1 8664 14261 2
0.1008 0 0 118.347 6834 1 8679 14344 5
0.101 0 0 118.352 6835 1 8670 14470 6
0.1012 0 0 118.354 6836 1 8707 14287 5
0.1014 0 0 118.355 6838 1 8695 14290 8
0.1016 0 0 118.358 6839 1 8671 14345 2
0.1018 0 0 118.353 6840 1 8692 14410 5
0.102 0 0 118.356 6842 1 8684 14254 10
0.1022 0 0 118.351 6843 1 8692 14603 5
0.1024 0 0 118.354 6845 1 8684 14359 0
0.1026 0 0 118.352 6846 1 8666 14464 7
0.1028 0 0 118.351 6847 1 8689 14425 2
0.103 0 0 118.357 6848 1 8681 14565 5
0.1032 0 0 118.354 6850 1 8707 14522 3
0.1034 0 0 118.359 6851 1 8650 14467 6
0.1036 0 0 118.357 6852 1 8715 14364 4
0.1038 0 0 118.356 6854 1 8668 14196 2
0.104 0 0 118.354 6855 1 8688 14383 6
0.1042 0 0 118.347 6857 1 8707 14431 8
0.1044 0 0 118.349 6858 1 8716 14494 2
0.1046 0 0 118.343 6859 1 8681 14515 4
0.1048 0 0 118.348 6861 1 8676 14261 4
0.105 0 0 118.346 6862 1 8691 14529 2
0.1052 0 0 118.348 6863 1 8668 14319 2
0.1054 0 0 118.349 6865 1 8662 14331 3
0.1056 0 0 118.345 6866 1 8719 14439 5
0.1058 0 0 118.35 6867 1 8683 14206 5
0.106 0 0 118.347 6869 1 8701 14215 7
0.1062 0 0 118.349 6870 1 8681 14391 1
0.1064 0 0 118.351 6871 1 8696 14311 11
0.1066 0 0 118.349 6873 1 8707 14308 3
0.1068 0 0 118.355 6874 1 8675 14386 3
0.107 0 0 118.353 6876 1 8676 14293 3
0.1072 0 0 118.36 6877 1 8666 14324 5
0.1074 0 0 118.358 6878 1 8659 14478 4
0.1076 0 0 118.362 6880 1 8675 14642 1
0.1078 0 0 118.362 6881 1 8695 14461 9
0.108 0 0 118.36 6882 1 8684 14297 7
0.1082 0 0 118.364 6884 1 8657 14248 9
0.1084 0 0 118.359 6885 1 8677 14256 2
0.1086 0 0 118.364 6886 1 8655 14585 8
0.1088 0 0 118.364 6888 1 8704 14217 4
0.109 0 0 118.365 6889 1 8680 14443 4
0.1092 0 0 118.369 6890 1 8670 14184 2
0.1094 0 0 118.367 6892 1 8669 14554 3
0.1096 0 0 118.372 6893 1 8703 14202 3
0.1098 0 0 118.37 6894 1 8685 14377 7
0.11 0 0 118.375 6896 1 8692 14351 5
0.1102 0 0 118.375 6897 1 8686 14447 7
0.1104 0 0 118.377 6898 1 8688 14352 2
0.1106 0 0 118.381 6900 1 8695 14224 3
0.1108 0 0 118.379 6901 1 8665 14397 1
0.111 0 0 118.384 6902 1 8692 14472 1
0.1112 0 0 118.382 6904 1 8677 14551 10
0.1114 0 0 118.385 6905 1 8707 14447 5
0.1116 0 0 118.387 6906 1 8662 14423 5
0.1118 0 0 118.384 6908 1 8683 14283 2
0.112 0 0 118.388 6909 1 8671 14215 7
0.1122 0 0 118.383 6911 1 8651 14306 3
0.1124 0 0 118.388 6912 1 8685 14287 9
0.1126 0 0 118.385 6913 1 8661 14135 11
0.1128 0 0 118.389 6915 1 8681 14185 6
0.113 0 0 118.39 6916 1 8679 14560 5
0.1132 0 0 118.389 6918 1 8668 14459 4
0.1134 0 0 118.394 6919 1 8714 14299 5
0.1136 0 0 118.391 6920 1 8692 14442 8
0.1138 0 0 118.395 6921 1 8674 14267 5
0.114 0 0 118.393 6923 1 8700 14428 5
0.1142 0 0 118.391 6924 1 8707 14203 4
0.1144 0 0 118.391 6926 1 8674 14313 5
0.1146 0 0 118.386 6927 1 8676 14386 6
0.1148 0 0 118.389 6928 1 8663 14301 4
0.115 0 0 118.383 6930 1 8660 14300 9
0.1152 0 0 118.388 6931 1 8664 14192 10
0.1154 0 0 118.386 6932 1 8663 14466 3
0.1156 0 0 118.387 6934 1 8679 14364 6
0.1158 0 0 118.389 6935 1 8663 14258 5
0.116 0 0 118.385 6936 1 8657 14164 10
0.1162 0 0 118.391 6937 1 8660 14257 7
0.1164 0 0 118.39 6939 1 8696 14419 6
0.1166 0 0 118.391 6940 1 8680 14315 7
0.1168 0 0 118.392 6941 1 8681 14531 8
0.117 0 0 118.387 6943 1 8668 14336 7
0.1172 0 0 118.39 6944 1 8681 14480 7
0.1174 0 0 118.385 6946 1 8670 14457 6
0.1176 0 0 118.386 6947 1 8672 14539 8
0.1178 0 0 118.384 6948 1 8695 14223 5
0.118 0 0 118.382 6950 1 8683 14566 6
0.1182 0 0 118.385 6951 1 8673 14282 8
0.1184 0 0 118.381 6952 1 8673 14357 8
0.1186 0 0 118.387 6954 1 8686 14310 12
0.1188 0 0 118.384 6955 1 8674 14581 15
0.119 0 0 118.385 6956 1 8677 14505 12
0.1192 0 0 118.386 6958 1 8677 14160 9
0.1194 0 0 118.379 6959 1 8674 14362 7
0.1196 0 0 118.382 6960 1 8663 14569 11
0.1198 0 0 118.377 6961 1 8696 14291 15
0.12 0 0 118.379 6963 1 8668 14230 26
0.1202 0 0 118.38 6964 1 8673 14441 30
0.1204 0 0 118.377 6965 1 8683 14494 45
0.1206 0 0 118.379 6967 1 8692 14085 96
0.1208 0 0 118.373 6968 1 8666 14228 149
0.121 0 0 118.376 6970 1 8686 14384 268
0.1212 0 0 118.371 6971 1 8686 14146 409
0.1214 0 0 118.371 6972 1 8702 14398 634
0.1216 0 0 118.371 6974 1 8715 14437 960
0.1218 0 0 118.369 6975 1 8697 14429 1199
0.122 0 0 118.372 6976 1 8745 14402 1583
0.1222 0 0 118.37 6978 1 8756 14372 1338
0.1224 0 0 118.374 6979 1 8680 14276 601
0.1226 0 0 118.376 6980 1 8706 14301 293
0.1228 0 0 118.377 6981 1 8664 14408 185
0.123 0 0 118.383 6983 1 8707 14539 148
0.1232 0 0 118.38 6984 1 8683 14480 141
0.1234 0 0 118.385 6986 1 8688 14269 107
0.1236 0 0 118.381 6987 1 8705 14381 89
0.1238 0 0 118.381 6988 1 8672 14538 60
0.124 0 0 118.377 6990 1 8673 14400 62
0.1242 0 0 118.372 6991 1 8713 14343 61
0.1244 0 0 118.373 6993 1 8708 14254 50
0.1246 0 0 118.367 6994 1 8700 14331 52
0.1248 0 0 118.37 6995 1 8688 14318 28
0.125 0 0 118.367 6996 1 8704 14286 33
0.1252 0 0 118.367 6998 1 8660 14386 26
0.1254 0 0 118.369 6999 1 8670 14268 20
0.1256 0 0 118.365 7000 1 8707 14423 19
0.1258 0 0 118.369 7002 1 8659 14300 13
0.126 0 0 118.366 7003 1 8690 14189 12
0.1262 0 0 118.367 7004 1 8685 14302 11
0.1264 0 0 118.368 7006 1 8673 14253 11
0.1266 0 0 118.365 7007 1 8706 14330 13
0.1268 0 0 118.37 7008 1 8685 14443 12
0.127 0 0 118.366 7010 1 8672 14422 9
0.1272 0 0 118.37 7011 1 8671 14575 5
0.1274 0 0 118.37 7013 1 8715 14253 7
0.1276 0 0 118.372 7014 1 8685 14296 9
0.1278 0 0 118.373 7015 1 8695 14237 8
0.128 0 0 118.37 7016 1 8682 14340 7
0.1282 0 0 118.374 7018 1 8718 14255 6
0.1284 0 0 118.37 7019 1 8668 14386 11
0.1286 0 0 118.372 7020 1 8681 14359 11
0.1288 0 0 118.374 7022 1 8676 14350 7
0.129 0 0 118.373 7023 1 8671 14371 7
0.1292 0 0 118.377 7025 1 8731 14535 10
0.1294 0 0 118.372 7026 1 8675 14420 6
0.1296 0 0 118.376 7027 1 8722 14240 7
0.1298 0 0 118.371 7029 1 8712 14390 7
0.13 0 0 118.374 7030 1 8712 14429 11
0.1302 0 0 118.374 7031 1 8694 14220 11
0.1304 0 0 118.373 7033 1 8701 14502 8
0.1306 0 0 118.372 7034 1 8697 14180 6
0.1308 0 0 118.366 7036 1 8679 14303 10
0.131 0 0 118.367 7037 1 8683 14056 13
0.1312 0 0 118.361 7038 1 8676 14421 4
0.1314 0 0 118.362 7040 1 8692 14415 8
0.1316 0 0 118.361 7041 1 8679 14584 10
0.1318 0 0 118.361 7043 1 8685 14366 11
0.132 0 0 118.365 7044 1 8678 14317 10
0.1322 0 0 118.364 7045 1 8673 14285 3
0.1324 0 0 118.37 7046 1 8683 14251 7
0.1326 0 0 118.369 7048 1 8654 14283 11
0.1328 0 0 118.37 7049 1 8676 14483 11
0.133 0 0 118.37 7050 1 8662 14138 11
0.1332 0 0 118.365 7052 1 8700 14368 12
0.1334 0 0 118.366 7053 1 8670 14386 8
0.1336 0 0 118.359 7054 1 8663 14282 6
0.1338 0 0 118.358 7055 1 8664 14392 5
0.134 0 0 118.358 7057 1 8689 14422 3
0.1342 0 0 118.354 7058 1 8658 14451 1
0.1344 0 0 118.362 7059 1 8680 14362 4
0.1346 0 0 118.362 7061 1 8688 14312 2
0.1348 0 0 118.372 7062 1 8665 14412 9
0.135 0 0 118.376 7064 1 8702 14306 11
0.1352 0 0 118.382 7065 1 8678 14569 5
0.1354 0 0 118.387 7066 1 8669 14379 6
0.1356 0 0 118.384 7068 1 8656 14368 14
0.1358 0 0 118.386 7069 1 8672 14267 5
0.136 0 0 118.38 7070 1 8681 14369 5
0.1362 0 0 118.379 7072 1 8691 14138 3
0.1364 0 0 118.375 7073 1 8668 14245 4
0.1366 0 0 118.37 7074 1 8694 14297 7
0.1368 0 0 118.371 7076 1 8663 14388 5
0.137 0 0 118.366 7077 1 8665 14306 2
0.1372 0 0 118.37 7078 1 8663 14318 6
0.1374 0 0 118.368 7080 1 8662 14232 7
0.1376 0 0 118.369 7081 1 8696 14353 3
0.1378 0 0 118.367 7083 1 8676 14281 8
0.138 0 0 118.362 7084 1 8677 13950 5
0.1382 0 0 118.36 7085 1 8684 14387 2
0.1384 0 0 118.351 7087 1 8682 14301 2
0.1386 0 0 118.352 7088 1 8692 14419 8
0.1388 0 0 118.346 7089 1 8691 14399 3
0.139 0 0 118.346 7091 1 8662 14492 4
0.1392 0 0 118.349 7092 1 8670 14470 3
0.1394 0 0 118.349 7093 1 8695 14214 4
0.1396 0 0 118.356 7095 1 8677 14222 4
0.1398 0 0 118.355 7096 1 8707 14367 1
0.14 0 0 118.362 7098 1 8677 14377 5
0.1402 0 0 118.361 7099 1 8642 14320 4
0.1404 0 0 118.364 7100 1 8675 14439 8
0.1406 0 0 118.364 7102 1 8700 14344 2
0.1408 0 0 118.361 7103 1 8656 14316 8
0.141 0 0 118.365 7104 1 8661 14507 5
0.1412 0 0 118.36 7106 1 8684 14353 4
0.1414 0 0 118.364 7107 1 8658 14075 8
0.1416 0 0 118.362 7109 1 8689 14240 5
0.1418 0 0 118.364 7110 1 8674 14476 7
0.142 0 0 118.368 7111 1 8665 14406 10
0.1422 0 0 118.368 7113 1 8652 14329 3
0.1424 0 0 118.372 7114 1 8653 14315 5
0.1426 0 0 118.37 7115 1 8694 14606 3
0.1428 0 0 118.372 7117 1 8660 14497 3
0.143 0 0 118.369 7118 1 8677 14342 8
0.1432 0 0 118.366 7119 1 8681 14328 6
0.1434 0 0 118.368 7121 1 8716 14528 4
0.1436 0 0 118.361 7122 1 8680 14309 5
0.1438 0 0 118.366 7123 1 8696 14479 2
0.144 0 0 118.364 7125 1 8684 14196 3
0.1442 0 0 118.368 7126 1 8688 14224 6
0.1444 0 0 118.37 7127 1 8704 14411 2
0.1446 0 0 118.371 7129 1 8667 14212 5
0.1448 0 0 118.376 7130 1 8662 14202 4
0.145 0 0 118.372 7132 1 8665 14228 6
0.1452 0 0 118.376 7133 1 8674 14500 8
0.1454 0 0 118.37 7134 1 8690 14463 7
0.1456 0 0 118.37 7136 1 8646 14199 7
0.1458 0 0 118.369 7137 1 8694 14518 11
0.146 0 0 118.365 7138 1 8681 14509 5
0.1462 0 0 118.365 7140 1 8688 14229 3
0.1464 0 0 118.357 7141 1 8679 14519 7
0.1466 0 0 118.358 7142 1 8652 14229 7
0.1468 0 0 118.353 7144 1 8650 14197 7
0.147 0 0 118.352 7145 1 8669 14406 3
0.1472 0 0 118.354 7147 1 8696 14441 3
0.1474 0 0 118.354 7148 1 8687 14219 6
0.1476 0 0 118.361 7149 1 8715 14378 3
0.1478 0 0 118.36 7151 1 8678 14351 6
0.148 0 0 118.368 7152 1 8687 14298 6
0.1482 0 0 118.369 7153 1 8674 14465 3
0.1484 0 0 118.369 7154 1 8677 14458 6
0.1486 0 0 118.37 7156 1 8696 14495 5
0.1488 0 0 118.364 7157 1 8682 14102 4
0.149 0 0 118.368 7158 1 8653 14440 7
0.1492 0 0 118.364 7160 1 8703 14388 3
0.1494 0 0 118.365 7161 1 8644 14308 4
0.1496 0 0 118.365 7163 1 8702 14211 4
0.1498 0 0 118.363 7164 1 8688 14410 6
0.15 0 0 118.368 7165 1 8684 14170 5
