0.11 0 0 117.317 36046 15000 10130 1.1023396 7
0.1101 0 0 117.321 36047 15000 10057 1.0958624 7
0.1102 0 0 117.318 36049 15000 10222 1.1119624 5
0.1103 0 0 117.322 36050 15000 10219 1.1127668 7
0.1104 0 0 117.321 36052 15000 10195 1.1120244 6
0.1105 0 0 117.324 36053 15000 10152 1.1037636 8
0.1106 0 0 117.321 36055 15000 10279 1.1203148 6
0.1107 0 0 117.32 36056 15000 10222 1.1115776 4
0.1108 0 0 117.318 36057 15000 10220 1.1129324 5
0.1109 0 0 117.312 36059 15000 10177 1.1082872 5
0.111 0 0 117.312 36060 15000 10170 1.1090768 11
0.1111 0 0 117.306 36062 15000 10096 1.1039416 5
0.1112 0 0 117.308 36063 15000 10267 1.1204956 11
0.1113 0 0 117.305 36064 15000 10153 1.1101668 10
0.1114 0 0 117.307 36066 15000 10170 1.111486 7
0.1115 0 0 117.308 36067 15000 10160 1.1088504 6
0.1116 0 0 117.308 36069 15000 10043 1.0984208 13
0.1117 0 0 117.311 36070 15000 10199 1.1128232 2
0.1118 0 0 117.308 36072 15000 10187 1.1080568 12
0.1119 0 0 117.313 36073 15000 10183 1.1111256 6
0.112 0 0 117.309 36075 15000 10405 1.1359444 7
0.1121 0 0 117.313 36076 15000 10225 1.1119404 6
0.1122 0 0 117.308 36077 15000 10210 1.1117904 3
0.1123 0 0 117.311 36079 15000 10128 1.102464 11
0.1124 0 0 117.309 36080 15000 10295 1.121894 5
0.1125 0 0 117.309 36082 15000 10300 1.1221076 7
0.1126 0 0 117.312 36083 15000 10147 1.1057536 13
0.1127 0 0 117.309 36085 15000 10367 1.1287124 9
0.1128 0 0 117.313 36086 15000 10126 1.1020544 7
0.1129 0 0 117.309 36087 15000 10193 1.1108588 5
0.113 0 0 117.311 36089 15000 10214 1.1129764 17
0.1131 0 0 117.307 36090 15000 10256 1.116222 10
0.1132 0 0 117.307 36092 15000 10193 1.1113816 4
0.1133 0 0 117.304 36093 15000 10250 1.1175656 8
0.1134 0 0 117.305 36095 15000 10164 1.1059172 14
0.1135 0 0 117.305 36096 15000 10135 1.1049216 17
0.1136 0 0 117.306 36098 15000 10337 1.1239492 13
0.1137 0 0 117.307 36099 15000 10233 1.1144232 7
0.1138 0 0 117.304 36100 15000 10190 1.10794 9
0.1139 0 0 117.307 36102 15000 10253 1.11781 7
0.114 0 0 117.302 36103 15000 10355 1.129652 8
0.1141 0 0 117.307 36105 15000 10053 1.0957404 6
0.1142 0 0 117.304 36106 15000 10189 1.1107072 10
0.1143 0 0 117.307 36107 15000 10340 1.130322 10
0.1144 0 0 117.307 36109 15000 10170 1.1050956 3
0.1145 0 0 117.306 36110 15000 10256 1.1183136 7
0.1146 0 0 117.31 36112 15000 10240 1.118266 14
0.1147 0 0 117.307 36113 15000 10251 1.1204752 9
0.1148 0 0 117.31 36115 15000 10204 1.1130144 9
0.1149 0 0 117.306 36116 15000 10032 1.0969304 11
0.115 0 0 117.31 36117 15000 10129 1.102956 13
0.1151 0 0 117.308 36119 15000 10266 1.1214284 9
0.1152 0 0 117.312 36120 15000 10116 1.102752 5
0.1153 0 0 117.314 36122 15000 10213 1.1167148 13
0.1154 0 0 117.315 36123 15000 10273 1.123312 10
0.1155 0 0 117.318 36125 15000 10215 1.1122236 12
0.1156 0 0 117.316 36126 15000 10027 1.096244 13
0.1157 0 0 117.319 36127 15000 10133 1.1105696 12
0.1158 0 0 117.314 36129 15000 10429 1.1360576 3
0.1159 0 0 117.317 36130 15000 10264 1.1170948 10
0.116 0 0 117.313 36132 15000 10318 1.1286256 6
0.1161 0 0 117.316 36133 15000 10252 1.1180436 9
0.1162 0 0 117.314 36135 15000 10269 1.119984 17
0.1163 0 0 117.317 36136 15000 10308 1.1248228 8
0.1164 0 0 117.319 36138 15000 10149 1.1092176 10
0.1165 0 0 117.319 36139 15000 10071 1.1008716 7
0.1166 0 0 117.322 36140 15000 10200 1.112212 5
0.1167 0 0 117.319 36142 15000 10202 1.1162536 13
0.1168 0 0 117.323 36143 15000 10176 1.1157088 15
0.1169 0 0 117.319 36145 15000 10001 1.0877684 8
0.117 0 0 117.322 36146 15000 10134 1.10586 14
0.1171 0 0 117.32 36148 15000 10129 1.1060576 22
0.1172 0 0 117.321 36149 15000 10357 1.1306832 27
0.1173 0 0 117.321 36151 15000 10083 1.1007236 10
0.1174 0 0 117.321 36152 15000 10354 1.1285572 16
0.1175 0 0 117.323 36153 15000 10129 1.1056288 10
0.1176 0 0 117.32 36155 15000 10180 1.11117 17
0.1177 0 0 117.324 36156 15000 10141 1.106818 15
0.1178 0 0 117.321 36158 15000 10142 1.1045132 18
0.1179 0 0 117.325 36159 15000 10116 1.1011812 14
0.118 0 0 117.323 36160 15000 10287 1.12164 23
0.1181 0 0 117.324 36162 15000 10200 1.1161668 25
0.1182 0 0 117.324 36163 15000 10129 1.106808 24
0.1183 0 0 117.321 36165 15000 10213 1.1159936 35
0.1184 0 0 117.324 36166 15000 10263 1.1218276 56
0.1185 0 0 117.319 36167 15000 10129 1.10563 61
0.1186 0 0 117.321 36169 15000 10214 1.1142292 105
0.1187 0 0 117.316 36170 15000 10208 1.1150296 132
0.1188 0 0 117.318 36172 15000 10112 1.1053188 197
0.1189 0 0 117.313 36173 15000 10203 1.1150444 210
0.119 0 0 117.315 36175 15000 10229 1.1149392 225
0.1191 0 0 117.314 36176 15000 10212 1.113972 224
0.1192 0 0 117.314 36178 15000 10164 1.1080248 245
0.1193 0 0 117.316 36179 15000 10221 1.1141096 296
0.1194 0 0 117.314 36181 15000 10261 1.12005 353
0.1195 0 0 117.318 36182 15000 10133 1.1048828 491
0.1196 0 0 117.314 36183 15000 10144 1.1093852 663
0.1197 0 0 117.318 36185 15000 10211 1.1130344 907
0.1198 0 0 117.313 36186 15000 10228 1.1160212 1154
0.1199 0 0 117.316 36188 15000 10379 1.1256684 1511
0.12 0 0 117.312 36189 15000 10339 1.1213208 1771
0.1201 0 0 117.314 36191 15000 10222 1.1091088 1879
0.1202 0 0 117.315 36192 15000 10132 1.1009384 2098
0.1203 0 0 117.315 36193 15000 10238 1.1106292 2362
0.1204 0 0 117.32 36195 15000 10319 1.1151304 2747
0.1205 0 0 117.317 36196 15000 10243 1.1092216 3138
0.1206 0 0 117.323 36198 15000 10422 1.1269936 3735
0.1207 0 0 117.32 36199 15000 10158 1.0979412 4179
0.1208 0 0 117.322 36200 15000 10289 1.109272 4435
0.1209 0 0 117.319 36202 15000 10096 1.0955212 3801
0.121 0 0 117.317 36203 15000 10405 1.1283088 2579
0.1211 0 0 117.315 36205 15000 10204 1.1118256 1348
0.1212 0 0 117.312 36206 15000 10246 1.1188904 797
0.1213 0 0 117.315 36208 15000 10076 1.1054984 515
0.1214 0 0 117.311 36209 15000 10296 1.1205584 411
0.1215 0 0 117.319 36210 15000 10225 1.116032 311
0.1216 0 0 117.317 36212 15000 10094 1.103914 269
0.1217 0 0 117.323 36213 15000 10132 1.1057228 267
0.1218 0 0 117.323 36215 15000 10185 1.1127516 185
0.1219 0 0 117.328 36216 15000 10210 1.1140652 175
0.122 0 0 117.325 36218 15000 10217 1.1140684 161
0.1221 0 0 117.325 36219 15000 10131 1.1068436 147
0.1222 0 0 117.326 36221 15000 10197 1.112274 142
0.1223 0 0 117.321 36222 15000 10139 1.1084516 98
0.1224 0 0 117.324 36224 15000 10220 1.1191216 111
0.1225 0 0 117.321 36225 15000 10234 1.1213628 98
0.1226 0 0 117.325 36226 15000 10134 1.110188 99
0.1227 0 0 117.323 36228 15000 10105 1.1035092 57
0.1228 0 0 117.328 36229 15000 10249 1.1187484 76
0.1229 0 0 117.327 36231 15000 10103 1.1056388 67
0.123 0 0 117.327 36232 15000 10051 1.1002704 64
0.1231 0 0 117.326 36234 15000 10110 1.1095652 53
0.1232 0 0 117.322 36235 15000 10058 1.0988388 56
0.1233 0 0 117.324 36236 15000 10048 1.099416 54
0.1234 0 0 117.319 36238 15000 10171 1.1111944 46
0.1235 0 0 117.322 36239 15000 10008 1.094004 41
0.1236 0 0 117.319 36241 15000 10217 1.1150396 51
0.1237 0 0 117.323 36242 15000 10185 1.112578 39
0.1238 0 0 117.322 36243 15000 10010 1.095722 44
0.1239 0 0 117.323 36245 15000 10171 1.1097964 39
0.124 0 0 117.324 36246 15000 10209 1.115412 44
0.1241 0 0 117.322 36248 15000 9997 1.092806 35
0.1242 0 0 117.324 36249 15000 10249 1.1219604 36
0.1243 0 0 117.32 36251 15000 10146 1.1092752 26
0.1244 0 0 117.325 36252 15000 10281 1.1266064 28
0.1245 0 0 117.323 36254 15000 10171 1.1100864 20
0.1246 0 0 117.329 36255 15000 10346 1.1328576 39
0.1247 0 0 117.327 36257 15000 10173 1.1140168 34
0.1248 0 0 117.329 36258 15000 10118 1.108156 30
0.1249 0 0 117.325 36259 15000 10073 1.1000248 37
0.125 0 0 117.321 36261 15000 10171 1.1084156 23
0.1251 0 0 117.317 36262 15000 10120 1.1073352 24
0.1252 0 0 117.308 36264 15000 10189 1.112672 21
0.1253 0 0 117.308 36265 15000 10099 1.1013852 21
0.1254 0 0 117.303 36267 15000 10077 1.1016628 23
0.1255 0 0 117.306 36268 15000 10202 1.1165008 30
0.1256 0 0 117.301 36269 15000 9987 1.091852 27
0.1257 0 0 117.305 36271 15000 10018 1.09467 24
0.1258 0 0 117.304 36272 15000 10263 1.1250668 25
0.1259 0 0 117.307 36274 15000 10007 1.0915268 29
0.126 0 0 117.308 36275 15000 10171 1.111268 22
0.1261 0 0 117.309 36277 15000 10018 1.0963524 20
0.1262 0 0 117.313 36278 15000 10107 1.1049796 16
0.1263 0 0 117.31 36280 15000 10203 1.1168016 27
0.1264 0 0 117.314 36281 15000 10206 1.1150428 33
0.1265 0 0 117.309 36283 15000 10040 1.0985844 15
0.1266 0 0 117.313 36284 15000 10172 1.1142772 20
0.1267 0 0 117.307 36286 15000 10250 1.12114 18
0.1268 0 0 117.311 36287 15000 10176 1.1106664 29
0.1269 0 0 117.309 36288 15000 10173 1.1146128 25
0.127 0 0 117.312 36290 15000 10173 1.1128068 16
0.1271 0 0 117.315 36291 15000 10125 1.1009164 20
0.1272 0 0 117.314 36293 15000 10059 1.1000432 26
0.1273 0 0 117.32 36294 15000 10089 1.1032604 16
0.1274 0 0 117.317 36295 15000 10049 1.1023036 19
0.1275 0 0 117.323 36297 15000 10194 1.116812 25
0.1276 0 0 117.321 36298 15000 10173 1.1111828 21
0.1277 0 0 117.326 36299 15000 10179 1.1141832 26
0.1278 0 0 117.326 36301 15000 10201 1.1159556 17
0.1279 0 0 117.326 36302 15000 10207 1.1150116 15
0.128 0 0 117.329 36304 15000 10151 1.1119616 19
0.1281 0 0 117.327 36305 15000 10231 1.1186076 16
0.1282 0 0 117.33 36307 15000 10215 1.1162304 22
0.1283 0 0 117.324 36308 15000 10069 1.1027176 20
0.1284 0 0 117.33 36310 15000 10243 1.122004 27
0.1285 0 0 117.329 36311 15000 10202 1.1194548 16
0.1286 0 0 117.332 36312 15000 10059 1.0993612 18
0.1287 0 0 117.328 36314 15000 10028 1.0971192 19
0.1288 0 0 117.327 36315 15000 10152 1.11184 12
0.1289 0 0 117.325 36317 15000 10233 1.1212464 18
0.129 0 0 117.321 36318 15000 10155 1.1115492 17
0.1291 0 0 117.321 36320 15000 10266 1.1186396 17
0.1292 0 0 117.314 36321 15000 10008 1.0943832 19
0.1293 0 0 117.317 36323 15000 10052 1.1030256 23
0.1294 0 0 117.313 36324 15000 10045 1.0989684 17
0.1295 0 0 117.319 36325 15000 10235 1.12209 15
0.1296 0 0 117.318 36327 15000 10249 1.1271504 15
0.1297 0 0 117.323 36328 15000 10145 1.1136352 13
0.1298 0 0 117.325 36330 15000 10196 1.1179476 16
0.1299 0 0 117.327 36331 15000 10129 1.1105484 12
0.13 0 0 117.33 36333 15000 10014 1.096744 15