0.23 0 0 139.831 30602 15000 10539 1.0711516 1
0.2302 0 0 139.833 30604 15000 10699 1.0885592 1
0.2304 0 0 139.827 30605 15000 10726 1.084612 2
0.2306 0 0 139.835 30607 15000 10497 1.0658152 0
0.2308 0 0 139.83 30608 15000 10644 1.0800704 2
0.231 0 0 139.838 30609 15000 10532 1.0680004 1
0.2312 0 0 139.836 30611 15000 10518 1.0688632 2
0.2314 0 0 139.839 30612 15000 10698 1.0856612 2
0.2316 0 0 139.84 30614 15000 10586 1.0767876 1
0.2318 0 0 139.836 30615 15000 10473 1.0630268 0
0.232 0 0 139.839 30617 15000 10611 1.0733484 2
0.2322 0 0 139.83 30618 15000 10574 1.0737416 2
0.2324 0 0 139.834 30619 15000 10612 1.0792092 3
0.2326 0 0 139.827 30621 15000 10536 1.0701748 2
0.2328 0 0 139.833 30622 15000 10515 1.0708976 1
0.233 0 0 139.831 30624 15000 10513 1.0669492 0
0.2332 0 0 139.835 30625 15000 10737 1.0892008 0
0.2334 0 0 139.839 30626 15000 10752 1.0933272 0
0.2336 0 0 139.837 30628 15000 10524 1.0698932 2
0.2338 0 0 139.843 30629 15000 10722 1.0912508 3
0.234 0 0 139.839 30631 15000 10544 1.0731396 3
0.2342 0 0 139.846 30632 15000 10708 1.0852856 5
0.2344 0 0 139.841 30633 15000 10622 1.080622 0
0.2346 0 0 139.844 30635 15000 10672 1.0829544 3
0.2348 0 0 139.84 30636 15000 10774 1.096658 3
0.235 0 0 139.837 30638 15000 10697 1.088378 4
0.2352 0 0 139.836 30639 15000 10628 1.0813752 1
0.2354 0 0 139.828 30640 15000 10830 1.1003012 2
0.2356 0 0 139.833 30642 15000 10535 1.0694232 4
0.2358 0 0 139.827 30643 15000 10526 1.0717472 3
0.236 0 0 139.832 30645 15000 10625 1.0794336 1
0.2362 0 0 139.829 30646 15000 10596 1.0765192 4
0.2364 0 0 139.832 30647 15000 10664 1.0845516 3
0.2366 0 0 139.835 30649 15000 10629 1.0773404 1
0.2368 0 0 139.833 30650 15000 10556 1.0720472 4
0.237 0 0 139.838 30652 15000 10673 1.0825416 3
0.2372 0 0 139.833 30653 15000 10526 1.0702544 3
0.2374 0 0 139.838 30655 15000 10499 1.0702992 1
0.2376 0 0 139.831 30656 15000 10548 1.0712456 2
0.2378 0 0 139.835 30657 15000 10490 1.0672224 1
0.238 0 0 139.83 30659 15000 10655 1.0848104 0
0.2382 0 0 139.83 30660 15000 10478 1.0665432 1
0.2384 0 0 139.832 30662 15000 10647 1.0880456 2
0.2386 0 0 139.829 30663 15000 10407 1.0598416 2
0.2388 0 0 139.832 30664 15000 10518 1.0688612 1
0.239 0 0 139.824 30666 15000 10649 1.0838344 0
0.2392 0 0 139.827 30667 15000 10447 1.0600368 2
0.2394 0 0 139.82 30669 15000 10428 1.0606164 3
0.2396 0 0 139.823 30670 15000 10641 1.0798772 1
0.2398 0 0 139.824 30671 15000 10680 1.0857132 1
0.24 0 0 139.822 30673 15000 10592 1.0783496 4
0.2402 0 0 139.83 30674 15000 10631 1.0777048 0
0.2404 0 0 139.829 30676 15000 10528 1.0709636 1
0.2406 0 0 139.837 30677 15000 10578 1.0728416 2
0.2408 0 0 139.833 30678 15000 10517 1.0689644 4
0.241 0 0 139.839 30680 15000 10598 1.0778064 6
0.2412 0 0 139.835 30681 15000 10448 1.061488 1
0.2414 0 0 139.837 30683 15000 10602 1.0779324 3
0.2416 0 0 139.838 30684 15000 10498 1.0666792 6
0.2418 0 0 139.836 30685 15000 10566 1.0740428 2
0.242 0 0 139.84 30687 15000 10561 1.0742372 2
0.2422 0 0 139.834 30688 15000 10542 1.0709936 1
0.2424 0 0 139.839 30690 15000 10392 1.0593 4
0.2426 0 0 139.832 30691 15000 10564 1.0727848 2
0.2428 0 0 139.837 30693 15000 10725 1.0887136 2
0.243 0 0 139.836 30694 15000 10561 1.0748456 6
0.2432 0 0 139.836 30695 15000 10581 1.0786052 2
0.2434 0 0 139.841 30697 15000 10395 1.0577108 3
0.2436 0 0 139.837 30698 15000 10637 1.0835816 1
0.2438 0 0 139.845 30699 15000 10587 1.0765048 1
0.244 0 0 139.841 30701 15000 10598 1.07643 1
0.2442 0 0 139.847 30702 15000 10488 1.0647568 1
0.2444 0 0 139.847 30704 15000 10545 1.0686616 3
0.2446 0 0 139.847 30705 15000 10642 1.077906 1
0.2448 0 0 139.85 30706 15000 10695 1.0840364 0
0.245 0 0 139.843 30708 15000 10680 1.0858388 1
0.2452 0 0 139.848 30709 15000 10488 1.0649716 3
0.2454 0 0 139.84 30711 15000 10882 1.1084968 0
0.2456 0 0 139.844 30712 15000 10475 1.0653836 2
0.2458 0 0 139.837 30714 15000 10482 1.0668448 1
0.246 0 0 139.84 30715 15000 10629 1.0800432 1
0.2462 0 0 139.837 30716 15000 10478 1.0616724 1
0.2464 0 0 139.834 30718 15000 10566 1.0754672 2
0.2466 0 0 139.835 30719 15000 10694 1.0861536 2
0.2468 0 0 139.829 30720 15000 10647 1.080234 2
0.247 0 0 139.836 30722 15000 10640 1.0851496 1
0.2472 0 0 139.831 30723 15000 10551 1.0746512 1
0.2474 0 0 139.839 30725 15000 10730 1.0900132 2
0.2476 0 0 139.836 30726 15000 10505 1.0670488 2
0.2478 0 0 139.84 30727 15000 10441 1.0596576 1
0.248 0 0 139.841 30729 15000 10690 1.0880884 1
0.2482 0 0 139.838 30730 15000 10724 1.0911092 3
0.2484 0 0 139.842 30732 15000 10603 1.076686 3
0.2486 0 0 139.835 30733 15000 10632 1.081204 3
0.2488 0 0 139.84 30735 15000 10700 1.0894336 2
0.249 0 0 139.833 30736 15000 10614 1.0780144 2
0.2492 0 0 139.836 30737 15000 10577 1.0768132 5
0.2494 0 0 139.83 30739 15000 10617 1.0807228 2
0.2496 0 0 139.829 30740 15000 10733 1.0941136 0
0.2498 0 0 139.83 30742 15000 10597 1.0795928 2
0.25 0 0 139.827 30743 15000 10492 1.0664692 0
0.2502 0 0 139.831 30744 15000 10760 1.0935788 2
0.2504 0 0 139.826 30746 15000 10632 1.0806024 1
0.2506 0 0 139.832 30747 15000 10636 1.0835792 4
0.2508 0 0 139.827 30749 15000 10519 1.0699252 0
0.251 0 0 139.834 30750 15000 10639 1.0792104 0
0.2512 0 0 139.835 30752 15000 10612 1.0816148 1
0.2514 0 0 139.839 30753 15000 10628 1.0837676 3
0.2516 0 0 139.84 30754 15000 10737 1.0938868 1
0.2518 0 0 139.836 30756 15000 10524 1.0725024 1
0.252 0 0 139.839 30757 15000 10361 1.0554296 0
0.2522 0 0 139.831 30759 15000 10687 1.0873616 0
0.2524 0 0 139.836 30760 15000 10629 1.0811948 5
0.2526 0 0 139.83 30761 15000 10602 1.0792916 2
0.2528 0 0 139.834 30763 15000 10504 1.0691572 4
0.253 0 0 139.832 30764 15000 10445 1.064818 1
0.2532 0 0 139.829 30766 15000 10751 1.0941904 4
0.2534 0 0 139.831 30767 15000 10816 1.1036544 2
0.2536 0 0 139.826 30769 15000 10633 1.0818348 1
0.2538 0 0 139.83 30770 15000 10605 1.0812404 2
0.254 0 0 139.823 30771 15000 10347 1.0585012 3
0.2542 0 0 139.828 30773 15000 10563 1.077754 0
0.2544 0 0 139.821 30774 15000 10532 1.0738992 1
0.2546 0 0 139.823 30776 15000 10462 1.066328 1
0.2548 0 0 139.82 30777 15000 10508 1.0713312 2
0.255 0 0 139.82 30779 15000 10590 1.0719324 0
0.2552 0 0 139.819 30780 15000 10718 1.0932468 4
0.2554 0 0 139.817 30782 15000 10461 1.0647428 3
0.2556 0 0 139.821 30783 15000 10483 1.0663012 4
0.2558 0 0 139.817 30784 15000 10488 1.0669052 4
0.256 0 0 139.825 30786 15000 10446 1.0638204 4
0.2562 0 0 139.823 30787 15000 10540 1.0757 3
0.2564 0 0 139.831 30789 15000 10536 1.0728064 2
0.2566 0 0 139.832 30790 15000 10570 1.0777336 0
0.2568 0 0 139.834 30791 15000 10605 1.0793176 0
0.257 0 0 139.835 30793 15000 10539 1.0731988 2
0.2572 0 0 139.829 30794 15000 10513 1.0725704 2
0.2574 0 0 139.83 30796 15000 10588 1.0782376 0
0.2576 0 0 139.818 30797 15000 10593 1.0800124 2
0.2578 0 0 139.82 30799 15000 10663 1.0858464 2
0.258 0 0 139.81 30800 15000 10610 1.078418 4
0.2582 0 0 139.813 30801 15000 10593 1.0754872 2
0.2584 0 0 139.811 30803 15000 10736 1.093394 2
0.2586 0 0 139.813 30804 15000 10495 1.0698956 6
0.2588 0 0 139.82 30805 15000 10519 1.0750416 3
0.259 0 0 139.819 30807 15000 10500 1.071274 1
0.2592 0 0 139.831 30808 15000 10595 1.0772244 3
0.2594 0 0 139.831 30810 15000 10715 1.0916348 2
0.2596 0 0 139.84 30811 15000 10408 1.0599008 2
0.2598 0 0 139.841 30812 15000 10532 1.0736968 1
0.26 0 0 139.842 30814 15000 10495 1.0678872 1
0.2602 0 0 139.842 30815 15000 10430 1.0629936 0
0.2604 0 0 139.835 30817 15000 10560 1.0777472 1
0.2606 0 0 139.835 30818 15000 10668 1.0885184 4
0.2608 0 0 139.823 30819 15000 10559 1.0755248 2
0.261 0 0 139.825 30821 15000 10512 1.0735064 0
0.2612 0 0 139.818 30822 15000 10611 1.081324 2
0.2614 0 0 139.823 30824 15000 10450 1.06413 1
0.2616 0 0 139.827 30825 15000 10476 1.0638936 4
0.2618 0 0 139.83 30826 15000 10632 1.0858408 3
0.262 0 0 139.839 30828 15000 10509 1.0735448 1
0.2622 0 0 139.839 30829 15000 10547 1.0738004 0
0.2624 0 0 139.849 30831 15000 10605 1.0801724 1
0.2626 0 0 139.846 30832 15000 10429 1.0603332 3
0.2628 0 0 139.849 30833 15000 10640 1.0822688 1
0.263 0 0 139.842 30835 15000 10466 1.0659308 4
0.2632 0 0 139.836 30836 15000 10514 1.0720316 2
0.2634 0 0 139.828 30838 15000 10509 1.0716364 0
0.2636 0 0 139.816 30839 15000 10310 1.051418 1
0.2638 0 0 139.816 30840 15000 10582 1.0756268 2
0.264 0 0 139.806 30842 15000 10486 1.0690408 1
0.2642 0 0 139.812 30843 15000 10582 1.0770624 1
0.2644 0 0 139.81 30845 15000 10475 1.0677464 4
0.2646 0 0 139.818 30846 15000 10588 1.0796656 0
0.2648 0 0 139.819 30848 15000 10600 1.0779304 2
0.265 0 0 139.823 30849 15000 10549 1.0763544 2
0.2652 0 0 139.827 30850 15000 10531 1.0721288 2
0.2654 0 0 139.824 30852 15000 10587 1.0807984 0
0.2656 0 0 139.828 30853 15000 10540 1.0723136 2
0.2658 0 0 139.821 30855 15000 10450 1.067506 1
0.266 0 0 139.826 30856 15000 10719 1.0900132 4
0.2662 0 0 139.82 30857 15000 10433 1.0641336 0
0.2664 0 0 139.824 30859 15000 10645 1.0863784 4
0.2666 0 0 139.826 30860 15000 10612 1.080768 0
0.2668 0 0 139.828 30862 15000 10517 1.0693352 3
0.267 0 0 139.834 30863 15000 10590 1.0768304 0
0.2672 0 0 139.834 30865 15000 10534 1.076106 2
0.2674 0 0 139.843 30866 15000 10491 1.0682464 3
0.2676 0 0 139.839 30867 15000 10731 1.0921572 1
0.2678 0 0 139.846 30869 15000 10590 1.080342 3
0.268 0 0 139.841 30870 15000 10667 1.0880408 1
0.2682 0 0 139.842 30872 15000 10620 1.0814952 3
0.2684 0 0 139.839 30873 15000 10482 1.0688028 2
0.2686 0 0 139.832 30874 15000 10617 1.0860012 3
0.2688 0 0 139.832 30876 15000 10484 1.0680872 3
0.269 0 0 139.822 30877 15000 10570 1.0745696 3
0.2692 0 0 139.826 30879 15000 10511 1.0727892 4
0.2694 0 0 139.819 30880 15000 10503 1.0736168 0
0.2696 0 0 139.826 30882 15000 10621 1.07912 1
0.2698 0 0 139.823 30883 15000 10473 1.06585 1
0.27 0 0 139.829 30884 15000 10484 1.0687992 1
