0.12 0 0 169.127 25363 15000 10904 1.0309536 6
0.1201 0 0 169.129 25364 15000 11091 1.0465648 9
0.1202 0 0 169.129 25365 15000 10982 1.0368876 14
0.1203 0 0 169.124 25367 15000 10812 1.0230164 14
0.1204 0 0 169.129 25368 15000 10899 1.0315116 8
0.1205 0 0 169.121 25369 15000 10806 1.0194392 14
0.1206 0 0 169.13 25371 15000 10960 1.0358444 10
0.1207 0 0 169.129 25372 15000 10830 1.0250916 9
0.1208 0 0 169.129 25373 15000 10887 1.0319392 12
0.1209 0 0 169.136 25375 15000 10931 1.033906 12
0.121 0 0 169.131 25376 15000 10853 1.025232 13
0.1211 0 0 169.138 25377 15000 10806 1.0208912 9
0.1212 0 0 169.132 25379 15000 10884 1.0313304 12
0.1213 0 0 169.134 25380 15000 10922 1.035012 9
0.1214 0 0 169.138 25381 15000 10895 1.0279388 8
0.1215 0 0 169.134 25383 15000 10978 1.036332 11
0.1216 0 0 169.141 25384 15000 11145 1.0542856 17
0.1217 0 0 169.135 25386 15000 10820 1.0221744 12
0.1218 0 0 169.145 25387 15000 10902 1.0296656 17
0.1219 0 0 169.143 25388 15000 10748 1.01609 15
0.122 0 0 169.148 25389 15000 10939 1.0374228 16
0.1221 0 0 169.151 25391 15000 11085 1.0451948 18
0.1222 0 0 169.145 25392 15000 10934 1.0299516 16
0.1223 0 0 169.153 25393 15000 10762 1.0136924 11
0.1224 0 0 169.144 25395 15000 10970 1.0366484 11
0.1225 0 0 169.149 25396 15000 10904 1.0286276 17
0.1226 0 0 169.146 25398 15000 11052 1.0433372 8
0.1227 0 0 169.147 25399 15000 10798 1.0227492 15
0.1228 0 0 169.151 25401 15000 10786 1.01843 11
0.1229 0 0 169.147 25402 15000 11007 1.0395368 13
0.123 0 0 169.156 25403 15000 11037 1.043554 13
0.1231 0 0 169.151 25405 15000 10907 1.0315284 19
0.1232 0 0 169.159 25406 15000 10850 1.0248348 11
0.1233 0 0 169.156 25407 15000 10936 1.0315964 15
0.1234 0 0 169.156 25408 15000 10854 1.0251208 12
0.1235 0 0 169.159 25410 15000 10713 1.012154 18
0.1236 0 0 169.15 25411 15000 11020 1.040062 9
0.1237 0 0 169.156 25413 15000 10884 1.0293116 14
0.1238 0 0 169.147 25414 15000 10827 1.0174816 14
0.1239 0 0 169.152 25416 15000 10773 1.0172248 18
0.124 0 0 169.147 25417 15000 11013 1.040676 16
0.1241 0 0 169.147 25418 15000 10771 1.016246 12
0.1242 0 0 169.152 25419 15000 10755 1.0170092 18
0.1243 0 0 169.145 25421 15000 11123 1.0539676 13
0.1244 0 0 169.153 25422 15000 10878 1.0305636 13
0.1245 0 0 169.149 25424 15000 11054 1.0446692 12
0.1246 0 0 169.156 25425 15000 11070 1.0485712 10
0.1247 0 0 169.159 25426 15000 10914 1.0322456 15
0.1248 0 0 169.16 25428 15000 10830 1.0250172 13
0.1249 0 0 169.167 25429 15000 10798 1.020776 12
0.125 0 0 169.162 25431 15000 10864 1.0246132 21
0.1251 0 0 169.17 25432 15000 10962 1.0333564 20
0.1252 0 0 169.161 25433 15000 10938 1.0319908 15
0.1253 0 0 169.169 25435 15000 10748 1.0177104 16
0.1254 0 0 169.164 25436 15000 10965 1.0357324 14
0.1255 0 0 169.162 25437 15000 10978 1.0374888 18
0.1256 0 0 169.167 25439 15000 10747 1.014106 14
0.1257 0 0 169.16 25440 15000 10920 1.0330568 12
0.1258 0 0 169.168 25441 15000 10953 1.0362432 14
0.1259 0 0 169.161 25443 15000 11034 1.0415828 16
0.126 0 0 169.165 25444 15000 10925 1.0331144 21
0.1261 0 0 169.165 25445 15000 10873 1.0290404 13
0.1262 0 0 169.16 25447 15000 10995 1.0386864 21
0.1263 0 0 169.164 25448 15000 10881 1.0290608 16
0.1264 0 0 169.156 25450 15000 11067 1.0474848 21
0.1265 0 0 169.164 25451 15000 11019 1.040536 22
0.1266 0 0 169.16 25452 15000 10988 1.0371444 18
0.1267 0 0 169.168 25454 15000 10913 1.0335756 20
0.1268 0 0 169.172 25455 15000 10881 1.0272596 25
0.1269 0 0 169.172 25456 15000 10863 1.0282384 20
0.127 0 0 169.179 25458 15000 10828 1.0209756 16
0.1271 0 0 169.174 25459 15000 10856 1.0263572 28
0.1272 0 0 169.182 25461 15000 10847 1.027414 23
0.1273 0 0 169.175 25462 15000 10925 1.035236 32
0.1274 0 0 169.181 25463 15000 11014 1.0426424 35
0.1275 0 0 169.175 25465 15000 10871 1.0266532 86
0.1276 0 0 169.174 25466 15000 10991 1.0421812 83
0.1277 0 0 169.18 25467 15000 10846 1.028556 93
0.1278 0 0 169.172 25469 15000 11059 1.0475256 107
0.1279 0 0 169.181 25470 15000 11005 1.040824 88
0.128 0 0 169.177 25472 15000 10938 1.0350336 75
0.1281 0 0 169.182 25473 15000 10973 1.0351404 110
0.1282 0 0 169.181 25474 15000 10874 1.028208 119
0.1283 0 0 169.18 25476 15000 10854 1.0296468 129
0.1284 0 0 169.184 25477 15000 10825 1.0226904 150
0.1285 0 0 169.174 25478 15000 10951 1.0374784 150
0.1286 0 0 169.179 25480 15000 10997 1.0424376 207
0.1287 0 0 169.171 25481 15000 10969 1.0396372 284
0.1288 0 0 169.172 25482 15000 10893 1.032422 353
0.1289 0 0 169.174 25484 15000 10874 1.028632 493
0.129 0 0 169.165 25485 15000 10895 1.0330484 717
0.1291 0 0 169.174 25486 15000 10931 1.0331064 1021
0.1292 0 0 169.169 25488 15000 11059 1.0441468 1165
0.1293 0 0 169.174 25489 15000 11071 1.0443636 1410
0.1294 0 0 169.17 25490 15000 10952 1.0314552 1598
0.1295 0 0 169.168 25492 15000 10908 1.0282312 1875
0.1296 0 0 169.167 25493 15000 11151 1.0473988 2077
0.1297 0 0 169.158 25495 15000 10781 1.0137132 2067
0.1298 0 0 169.161 25496 15000 11009 1.0383624 2015
0.1299 0 0 169.147 25497 15000 10996 1.0345604 1745
0.13 0 0 169.154 25499 15000 10950 1.03255 1360
0.1301 0 0 169.151 25500 15000 10921 1.0343724 973
0.1302 0 0 169.15 25501 15000 11069 1.0454692 672
0.1303 0 0 169.158 25503 15000 10917 1.0330816 440
0.1304 0 0 169.153 25504 15000 11030 1.0431024 302
0.1305 0 0 169.161 25505 15000 10986 1.0353344 211
0.1306 0 0 169.155 25507 15000 11079 1.0516104 170
0.1307 0 0 169.159 25508 15000 10924 1.0330892 149
0.1308 0 0 169.156 25510 15000 10937 1.0378508 126
0.1309 0 0 169.152 25511 15000 10905 1.0304028 112
0.131 0 0 169.157 25512 15000 10831 1.0277532 110
0.1311 0 0 169.15 25514 15000 10989 1.0415304 86
0.1312 0 0 169.156 25515 15000 10972 1.040678 84
0.1313 0 0 169.151 25516 15000 10899 1.03246 71
0.1314 0 0 169.155 25518 15000 10896 1.0330088 82
0.1315 0 0 169.155 25519 15000 10787 1.0247348 65
0.1316 0 0 169.151 25520 15000 10871 1.0280208 54
0.1317 0 0 169.158 25522 15000 10872 1.0291392 58
0.1318 0 0 169.153 25523 15000 10943 1.0348468 57
0.1319 0 0 169.165 25525 15000 10879 1.0284784 56
0.132 0 0 169.161 25526 15000 10925 1.031806 35
0.1321 0 0 169.169 25527 15000 10889 1.032498 46
0.1322 0 0 169.167 25529 15000 11085 1.0478088 41
0.1323 0 0 169.164 25530 15000 10887 1.0307308 41
0.1324 0 0 169.167 25531 15000 10987 1.0398772 27
0.1325 0 0 169.158 25533 15000 11069 1.0485428 39
0.1326 0 0 169.163 25534 15000 10903 1.031902 40
0.1327 0 0 169.156 25536 15000 10961 1.0377384 35
0.1328 0 0 169.163 25537 15000 11023 1.0437952 29
0.1329 0 0 169.162 25538 15000 10970 1.037438 25
0.133 0 0 169.164 25540 15000 10945 1.0381048 24
0.1331 0 0 169.173 25541 15000 10856 1.0287528 32
0.1332 0 0 169.171 25543 15000 11042 1.0481476 27
0.1333 0 0 169.183 25544 15000 11161 1.0575908 27
0.1334 0 0 169.178 25545 15000 10881 1.0313236 20
0.1335 0 0 169.189 25547 15000 10833 1.0272284 29
0.1336 0 0 169.185 25548 15000 10993 1.0366408 21
0.1337 0 0 169.188 25550 15000 11053 1.0497116 26
0.1338 0 0 169.187 25551 15000 10832 1.0290376 26
0.1339 0 0 169.183 25552 15000 10911 1.0338196 35
0.134 0 0 169.187 25554 15000 11008 1.0430236 34
0.1341 0 0 169.178 25555 15000 10784 1.0245068 26
0.1342 0 0 169.184 25556 15000 10893 1.0327392 30
0.1343 0 0 169.178 25558 15000 11023 1.0436092 24
0.1344 0 0 169.182 25559 15000 10834 1.0258504 18
0.1345 0 0 169.187 25560 15000 11006 1.0415532 26
0.1346 0 0 169.183 25562 15000 10915 1.0318404 30
0.1347 0 0 169.188 25563 15000 10758 1.0201256 28
0.1348 0 0 169.179 25565 15000 10855 1.031508 28
0.1349 0 0 169.182 25566 15000 10939 1.0376812 16
0.135 0 0 169.171 25567 15000 10993 1.0401172 22
0.1351 0 0 169.171 25569 15000 11066 1.0473752 31
0.1352 0 0 169.168 25570 15000 10908 1.0363164 22
0.1353 0 0 169.161 25572 15000 11000 1.0408304 27
0.1354 0 0 169.167 25573 15000 11011 1.0435644 24
0.1355 0 0 169.158 25574 15000 10874 1.0320408 20
0.1356 0 0 169.168 25576 15000 10901 1.0331396 24
0.1357 0 0 169.163 25577 15000 10981 1.0409652 18
0.1358 0 0 169.169 25579 15000 11068 1.0465928 17
0.1359 0 0 169.168 25580 15000 10696 1.0127488 24
0.136 0 0 169.166 25581 15000 10865 1.0304688 20
0.1361 0 0 169.169 25583 15000 11096 1.0519196 20
0.1362 0 0 169.159 25584 15000 10957 1.0365012 20
0.1363 0 0 169.167 25585 15000 10994 1.0452856 21
0.1364 0 0 169.164 25587 15000 10935 1.0365228 22
0.1365 0 0 169.167 25588 15000 10897 1.0344084 25
0.1366 0 0 169.17 25589 15000 10921 1.0330544 26
0.1367 0 0 169.166 25591 15000 10805 1.026086 17
0.1368 0 0 169.172 25592 15000 10966 1.0387816 25
0.1369 0 0 169.165 25594 15000 10910 1.0353356 27
0.137 0 0 169.173 25595 15000 10913 1.0333304 23
0.1371 0 0 169.166 25596 15000 10987 1.0404996 25
0.1372 0 0 169.172 25598 15000 10871 1.0311724 21
0.1373 0 0 169.173 25599 15000 10792 1.0197872 23
0.1374 0 0 169.169 25600 15000 10822 1.0283092 19
0.1375 0 0 169.177 25602 15000 10906 1.0292968 15
0.1376 0 0 169.172 25603 15000 11000 1.0394672 25
0.1377 0 0 169.18 25604 15000 10857 1.0296708 13
0.1378 0 0 169.179 25605 15000 10880 1.03232 18
0.1379 0 0 169.177 25607 15000 10925 1.0368436 21
0.138 0 0 169.181 25608 15000 11073 1.0513976 16
0.1381 0 0 169.171 25610 15000 11008 1.0450532 22
0.1382 0 0 169.175 25611 15000 10933 1.0393964 23
0.1383 0 0 169.165 25612 15000 11023 1.0465236 18
0.1384 0 0 169.17 25614 15000 10963 1.036794 20
0.1385 0 0 169.167 25615 15000 10863 1.0296472 17
0.1386 0 0 169.165 25616 15000 10921 1.0347112 13
0.1387 0 0 169.172 25618 15000 10937 1.0355276 16
0.1388 0 0 169.164 25619 15000 11041 1.0487208 18
0.1389 0 0 169.172 25620 15000 11101 1.0533472 17
0.139 0 0 169.167 25622 15000 10772 1.019594 22
0.1391 0 0 169.169 25623 15000 10893 1.031692 12
0.1392 0 0 169.172 25624 15000 10789 1.023316 10
0.1393 0 0 169.164 25626 15000 10983 1.0422324 13
0.1394 0 0 169.173 25627 15000 10897 1.0342248 15
0.1395 0 0 169.168 25629 15000 10771 1.0261448 18
0.1396 0 0 169.176 25630 15000 11012 1.041978 22
0.1397 0 0 169.174 25631 15000 10732 1.0165288 20
0.1398 0 0 169.177 25633 15000 11007 1.0438952 18
0.1399 0 0 169.181 25634 15000 10900 1.03679 14
0.14 0 0 169.176 25635 15000 11068 1.0468688 21
