0.11 0 0 100.322 43534 15000 9551 1.1507084 10
0.1101 0 0 100.317 43535 15000 9536 1.1434016 4
0.1102 0 0 100.314 43537 15000 9609 1.156074 5
0.1103 0 0 100.31 43538 15000 9508 1.1409948 4
0.1104 0 0 100.311 43540 15000 9490 1.1412936 3
0.1105 0 0 100.31 43541 15000 9562 1.1458528 5
0.1106 0 0 100.316 43543 15000 9714 1.1663636 4
0.1107 0 0 100.317 43544 15000 9647 1.1590492 1
0.1108 0 0 100.325 43546 15000 9559 1.1508116 4
0.1109 0 0 100.327 43547 15000 9572 1.1517392 7
0.111 0 0 100.334 43549 15000 9702 1.1634792 5
0.1111 0 0 100.335 43550 15000 9666 1.16006 7
0.1112 0 0 100.339 43552 15000 9513 1.1390636 7
0.1113 0 0 100.335 43553 15000 9582 1.1508432 10
0.1114 0 0 100.334 43555 15000 9550 1.1469272 5
0.1115 0 0 100.329 43556 15000 9643 1.1578468 3
0.1116 0 0 100.327 43558 15000 9619 1.1620296 2
0.1117 0 0 100.322 43559 15000 9543 1.1505388 6
0.1118 0 0 100.323 43561 15000 9561 1.1478748 5
0.1119 0 0 100.325 43562 15000 9656 1.155054 7
0.112 0 0 100.329 43564 15000 9584 1.1554952 9
0.1121 0 0 100.334 43565 15000 9642 1.1595816 6
0.1122 0 0 100.339 43567 15000 9624 1.153276 4
0.1123 0 0 100.347 43568 15000 9604 1.1508472 1
0.1124 0 0 100.349 43570 15000 9731 1.1693824 6
0.1125 0 0 100.355 43571 15000 9687 1.1668804 7
0.1126 0 0 100.353 43573 15000 9494 1.1428808 9
0.1127 0 0 100.358 43574 15000 9526 1.1443548 7
0.1128 0 0 100.354 43576 15000 9606 1.1563008 2
0.1129 0 0 100.355 43577 15000 9642 1.1565804 4
0.113 0 0 100.352 43578 15000 9657 1.161306 5
0.1131 0 0 100.351 43580 15000 9581 1.1543312 3
0.1132 0 0 100.353 43581 15000 9679 1.1648632 7
0.1133 0 0 100.352 43583 15000 9594 1.1540212 3
0.1134 0 0 100.358 43584 15000 9776 1.1761548 2
0.1135 0 0 100.359 43586 15000 9545 1.1492704 4
0.1136 0 0 100.366 43587 15000 9611 1.15496 7
0.1137 0 0 100.366 43589 15000 9625 1.1587008 6
0.1138 0 0 100.374 43590 15000 9530 1.1476568 13
0.1139 0 0 100.376 43591 15000 9551 1.1475384 2
0.114 0 0 100.378 43593 15000 9690 1.1675364 6
0.1141 0 0 100.374 43594 15000 9666 1.1642396 7
0.1142 0 0 100.372 43596 15000 9541 1.1498648 13
0.1143 0 0 100.369 43598 15000 9549 1.1513256 4
0.1144 0 0 100.366 43599 15000 9651 1.1579228 4
0.1145 0 0 100.365 43600 15000 9621 1.1546364 6
0.1146 0 0 100.361 43602 15000 9649 1.1587952 8
0.1147 0 0 100.362 43603 15000 9673 1.1647652 16
0.1148 0 0 100.358 43605 15000 9626 1.15944 10
0.1149 0 0 100.36 43606 15000 9471 1.1407056 13
0.115 0 0 100.357 43608 15000 9575 1.1514296 13
0.1151 0 0 100.363 43609 15000 9559 1.1472996 13
0.1152 0 0 100.364 43611 15000 9717 1.1692552 11
0.1153 0 0 100.374 43612 15000 9581 1.1523744 7
0.1154 0 0 100.377 43614 15000 9604 1.1553568 14
0.1155 0 0 100.386 43615 15000 9515 1.1495496 18
0.1156 0 0 100.39 43617 15000 9535 1.1442196 18
0.1157 0 0 100.395 43618 15000 9667 1.1660928 23
0.1158 0 0 100.399 43620 15000 9481 1.143072 25
0.1159 0 0 100.4 43621 15000 9443 1.1360604 34
0.116 0 0 100.4 43623 15000 9530 1.1467324 45
0.1161 0 0 100.396 43624 15000 9550 1.1491376 65
0.1162 0 0 100.395 43626 15000 9543 1.1451136 91
0.1163 0 0 100.39 43628 15000 9505 1.1489544 95
0.1164 0 0 100.385 43629 15000 9541 1.1485712 116
0.1165 0 0 100.376 43631 15000 9598 1.1525752 140
0.1166 0 0 100.374 43632 15000 9527 1.145428 202
0.1167 0 0 100.368 43634 15000 9711 1.1665224 279
0.1168 0 0 100.372 43635 15000 9687 1.167382 369
0.1169 0 0 100.372 43637 15000 9592 1.1546448 544
0.117 0 0 100.382 43638 15000 9773 1.173254 772
0.1171 0 0 100.388 43640 15000 9635 1.1578652 995
0.1172 0 0 100.399 43641 15000 9610 1.154918 1380
0.1173 0 0 100.403 43643 15000 9747 1.1711044 1832
0.1174 0 0 100.41 43645 15000 9521 1.1422424 2212
0.1175 0 0 100.407 43646 15000 9706 1.1609956 2698
0.1176 0 0 100.407 43648 15000 9605 1.1467212 3011
0.1177 0 0 100.398 43649 15000 9709 1.1585336 3576
0.1178 0 0 100.398 43651 15000 9845 1.1751632 3787
0.1179 0 0 100.392 43652 15000 9756 1.1624652 4029
0.118 0 0 100.394 43654 15000 9780 1.170124 4732
0.1181 0 0 100.396 43655 15000 9704 1.1530824 5443
0.1182 0 0 100.403 43657 15000 9578 1.1391128 5857
0.1183 0 0 100.409 43658 15000 9567 1.1387424 4924
0.1184 0 0 100.417 43660 15000 9742 1.1611192 3270
0.1185 0 0 100.423 43661 15000 9655 1.15594 1671
0.1186 0 0 100.428 43663 15000 9572 1.15036 931
0.1187 0 0 100.431 43664 15000 9693 1.1659568 632
0.1188 0 0 100.43 43666 15000 9625 1.15895 472
0.1189 0 0 100.429 43667 15000 9414 1.1337344 330
0.119 0 0 100.423 43669 15000 9724 1.1690596 346
0.1191 0 0 100.422 43671 15000 9615 1.1586112 272
0.1192 0 0 100.416 43672 15000 9524 1.1442608 230
0.1193 0 0 100.415 43674 15000 9561 1.1502616 203
0.1194 0 0 100.407 43675 15000 9646 1.158286 177
0.1195 0 0 100.406 43676 15000 9661 1.1571792 184
0.1196 0 0 100.398 43678 15000 9661 1.160088 156
0.1197 0 0 100.397 43680 15000 9790 1.1770004 145
0.1198 0 0 100.392 43681 15000 9561 1.148962 124
0.1199 0 0 100.394 43682 15000 9514 1.1452516 111
0.12 0 0 100.394 43684 15000 9713 1.1670876 121
0.1201 0 0 100.395 43685 15000 9828 1.183134 81
0.1202 0 0 100.399 43687 15000 9609 1.1593088 81
0.1203 0 0 100.4 43688 15000 9708 1.1691724 73
0.1204 0 0 100.404 43690 15000 9516 1.1485948 79
0.1205 0 0 100.403 43691 15000 9511 1.1455244 62
0.1206 0 0 100.408 43693 15000 9669 1.1696348 45
0.1207 0 0 100.407 43694 15000 9696 1.1681328 38
0.1208 0 0 100.41 43696 15000 9549 1.1496792 40
0.1209 0 0 100.405 43697 15000 9650 1.1601704 41
0.121 0 0 100.404 43699 15000 9583 1.1527176 30
0.1211 0 0 100.396 43700 15000 9449 1.137108 37
0.1212 0 0 100.396 43702 15000 9695 1.1650828 36
0.1213 0 0 100.391 43704 15000 9603 1.1560124 24
0.1214 0 0 100.394 43705 15000 9754 1.1759884 26
0.1215 0 0 100.395 43707 15000 9557 1.1519652 24
0.1216 0 0 100.403 43708 15000 9645 1.1646388 30
0.1217 0 0 100.41 43710 15000 9621 1.1608544 26
0.1218 0 0 100.418 43711 15000 9715 1.173068 17
0.1219 0 0 100.426 43713 15000 9627 1.1605792 15
0.122 0 0 100.43 43714 15000 9608 1.1556968 14
0.1221 0 0 100.434 43716 15000 9734 1.169934 16
0.1222 0 0 100.431 43717 15000 9600 1.1551852 15
0.1223 0 0 100.427 43719 15000 9537 1.1472256 19
0.1224 0 0 100.415 43720 15000 9606 1.1545324 19
0.1225 0 0 100.412 43722 15000 9810 1.1802804 13
0.1226 0 0 100.403 43723 15000 9815 1.1750364 16
0.1227 0 0 100.405 43724 15000 9637 1.1577044 12
0.1228 0 0 100.405 43726 15000 9632 1.1558908 15
0.1229 0 0 100.412 43727 15000 9704 1.1672196 14
0.123 0 0 100.416 43729 15000 9790 1.1796724 21
0.1231 0 0 100.423 43731 15000 9730 1.1663228 14
0.1232 0 0 100.426 43732 15000 9653 1.1614212 16
0.1233 0 0 100.428 43734 15000 9685 1.16033 24
0.1234 0 0 100.426 43735 15000 9633 1.1588084 9
0.1235 0 0 100.423 43737 15000 9706 1.1649248 13
0.1236 0 0 100.421 43738 15000 9719 1.1685212 16
0.1237 0 0 100.416 43740 15000 9872 1.1850924 13
0.1238 0 0 100.412 43741 15000 9622 1.1560392 16
0.1239 0 0 100.404 43743 15000 9748 1.1745692 10
0.124 0 0 100.402 43744 15000 9590 1.15146 10
0.1241 0 0 100.396 43746 15000 9618 1.1597592 16
0.1242 0 0 100.399 43747 15000 9733 1.1711144 8
0.1243 0 0 100.398 43749 15000 9738 1.1677768 14
0.1244 0 0 100.405 43750 15000 9695 1.164174 13
0.1245 0 0 100.406 43752 15000 9760 1.17416 18
0.1246 0 0 100.415 43753 15000 9850 1.1833392 15
0.1247 0 0 100.417 43755 15000 9706 1.168082 12
0.1248 0 0 100.425 43756 15000 9747 1.1757628 12
0.1249 0 0 100.425 43758 15000 9664 1.1607188 11
0.125 0 0 100.426 43759 15000 9606 1.1588968 18
0.1251 0 0 100.42 43761 15000 9634 1.1611008 17
0.1252 0 0 100.417 43763 15000 9675 1.1650536 15
0.1253 0 0 100.41 43764 15000 9479 1.146692 11
0.1254 0 0 100.406 43765 15000 9734 1.1732384 11
0.1255 0 0 100.405 43767 15000 9619 1.1531748 13
0.1256 0 0 100.402 43768 15000 9685 1.1684832 11
0.1257 0 0 100.407 43770 15000 9600 1.1547208 14
0.1258 0 0 100.406 43771 15000 9529 1.1449792 11
0.1259 0 0 100.413 43773 15000 9536 1.1494476 8
0.126 0 0 100.412 43774 15000 9633 1.1613368 18
0.1261 0 0 100.417 43776 15000 9639 1.1609328 8
0.1262 0 0 100.414 43778 15000 9586 1.1518392 10
0.1263 0 0 100.418 43779 15000 9810 1.182872 17
0.1264 0 0 100.414 43781 15000 9714 1.169826 8
0.1265 0 0 100.414 43782 15000 9695 1.169952 7
0.1266 0 0 100.407 43784 15000 9631 1.1579068 9
0.1267 0 0 100.405 43785 15000 9685 1.1649056 7
0.1268 0 0 100.398 43787 15000 9594 1.1554096 15
0.1269 0 0 100.396 43788 15000 9647 1.1623804 12
0.127 0 0 100.39 43790 15000 9627 1.1607112 11
0.1271 0 0 100.386 43791 15000 9530 1.1475716 11
0.1272 0 0 100.379 43793 15000 9708 1.1708228 11
0.1273 0 0 100.376 43794 15000 9593 1.1543316 14
0.1274 0 0 100.373 43796 15000 9646 1.1625144 13
0.1275 0 0 100.372 43797 15000 9678 1.1666348 11
0.1276 0 0 100.374 43799 15000 9512 1.1484752 16
0.1277 0 0 100.376 43800 15000 9624 1.1615672 4
0.1278 0 0 100.385 43802 15000 9554 1.1478148 7
0.1279 0 0 100.388 43803 15000 9557 1.1496548 8
0.128 0 0 100.399 43805 15000 9564 1.1520452 10
0.1281 0 0 100.404 43806 15000 9696 1.1668468 7
0.1282 0 0 100.413 43808 15000 9669 1.163676 15
0.1283 0 0 100.413 43809 15000 9661 1.1627732 9
0.1284 0 0 100.416 43811 15000 9714 1.1669124 12
0.1285 0 0 100.412 43812 15000 9598 1.1550004 12
0.1286 0 0 100.409 43814 15000 9575 1.1554896 11
0.1287 0 0 100.404 43815 15000 9640 1.1632976 8
0.1288 0 0 100.402 43817 15000 9678 1.1666288 11
0.1289 0 0 100.399 43818 15000 9662 1.1629372 13
0.129 0 0 100.4 43820 15000 9629 1.159274 9
0.1291 0 0 100.402 43822 15000 9682 1.1679484 7
0.1292 0 0 100.404 43823 15000 9886 1.1890352 10
0.1293 0 0 100.41 43824 15000 9696 1.17057 9
0.1294 0 0 100.414 43826 15000 9458 1.1413648 4
0.1295 0 0 100.422 43827 15000 9612 1.159968 7
0.1296 0 0 100.426 43829 15000 9622 1.1581948 7
0.1297 0 0 100.433 43830 15000 9776 1.1814536 13
0.1298 0 0 100.432 43832 15000 9594 1.1541712 9
0.1299 0 0 100.434 43833 15000 9570 1.1522492 7
0.13 0 0 100.429 43835 15000 9814 1.1835316 7
