0.105 0 0 46.5781 72083 20000 11963 1.09758 0
0.1051 0 0 46.5837 72085 20000 12101 1.1138008 5
0.1052 0 0 46.5881 72086 20000 11911 1.0966304 5
0.1053 0 0 46.5899 72088 20000 11898 1.0967408 4
0.1054 0 0 46.5885 72089 20000 11883 1.0916796 7
0.1055 0 0 46.5854 72091 20000 11859 1.0951092 8
0.1056 0 0 46.5812 72092 20000 11860 1.09104 6
0.1057 0 0 46.5762 72093 20000 11920 1.0947928 4
0.1058 0 0 46.5741 72095 20000 12009 1.1019412 6
0.1059 0 0 46.5714 72096 20000 11871 1.0924304 9
0.106 0 0 46.5727 72098 20000 11787 1.0874784 4
0.1061 0 0 46.5742 72099 20000 11847 1.0884468 4
0.1062 0 0 46.579 72100 20000 11965 1.1007304 9
0.1063 0 0 46.5856 72102 20000 11919 1.094392 6
0.1064 0 0 46.593 72103 20000 11817 1.0856872 11
0.1065 0 0 46.6001 72104 20000 12055 1.1059152 10
0.1066 0 0 46.6043 72106 20000 11930 1.0966296 4
0.1067 0 0 46.6093 72107 20000 11989 1.1036104 5
0.1068 0 0 46.6109 72109 20000 11866 1.0912196 14
0.1069 0 0 46.6104 72110 20000 12042 1.1092148 5
0.107 0 0 46.6073 72112 20000 11883 1.0924132 6
0.1071 0 0 46.6002 72113 20000 11858 1.0908796 7
0.1072 0 0 46.5929 72114 20000 11969 1.1009056 4
0.1073 0 0 46.585 72116 20000 11923 1.0954368 7
0.1074 0 0 46.5759 72117 20000 11963 1.0999652 7
0.1075 0 0 46.5692 72119 20000 11999 1.1040408 12
0.1076 0 0 46.5676 72120 20000 12047 1.1100096 3
0.1077 0 0 46.5665 72121 20000 11897 1.0937212 7
0.1078 0 0 46.5731 72123 20000 11923 1.0960996 9
0.1079 0 0 46.5805 72124 20000 12042 1.1070976 6
0.108 0 0 46.5905 72126 20000 12047 1.108262 4
0.1081 0 0 46.6006 72127 20000 12067 1.1070384 6
0.1082 0 0 46.6055 72129 20000 12031 1.1028884 2
0.1083 0 0 46.6084 72130 20000 11941 1.0936208 9
0.1084 0 0 46.6076 72132 20000 12059 1.1066368 9
0.1085 0 0 46.6034 72133 20000 12040 1.1038708 3
0.1086 0 0 46.5967 72135 20000 11959 1.0986364 7
0.1087 0 0 46.594 72136 20000 12020 1.1014912 7
0.1088 0 0 46.5909 72138 20000 11928 1.0937668 4
0.1089 0 0 46.5929 72139 20000 11957 1.0986032 3
0.109 0 0 46.5982 72141 20000 11894 1.0930412 6
0.1091 0 0 46.6082 72142 20000 11891 1.0930756 6
0.1092 0 0 46.6162 72143 20000 12126 1.110244 10
0.1093 0 0 46.6261 72145 20000 11901 1.091876 7
0.1094 0 0 46.6364 72146 20000 12028 1.1021248 4
0.1095 0 0 46.6433 72148 20000 11869 1.0903476 7
0.1096 0 0 46.6482 72149 20000 12015 1.1030696 2
0.1097 0 0 46.6512 72151 20000 11902 1.0937364 4
0.1098 0 0 46.6515 72152 20000 12028 1.1033888 11
0.1099 0 0 46.6485 72153 20000 12102 1.1063528 2
0.11 0 0 46.645 72155 20000 11930 1.0936716 6
0.1101 0 0 46.6406 72156 20000 11855 1.0880848 6
0.1102 0 0 46.6368 72158 20000 11908 1.0947568 6
0.1103 0 0 46.636 72159 20000 12042 1.1009612 10
0.1104 0 0 46.6359 72161 20000 12022 1.1011232 9
0.1105 0 0 46.6412 72162 20000 12113 1.107266 14
0.1106 0 0 46.6461 72163 20000 11853 1.0843608 6
0.1107 0 0 46.6554 72165 20000 11962 1.0956992 14
0.1108 0 0 46.6612 72166 20000 12028 1.1004092 4
0.1109 0 0 46.668 72168 20000 12117 1.1103652 8
0.111 0 0 46.6731 72169 20000 11991 1.09893 5
0.1111 0 0 46.6774 72171 20000 12029 1.1019424 5
0.1112 0 0 46.6804 72172 20000 11940 1.0931904 7
0.1113 0 0 46.6811 72173 20000 11985 1.0996944 8
0.1114 0 0 46.6819 72175 20000 12023 1.1022016 8
0.1115 0 0 46.6808 72176 20000 11778 1.0774312 7
0.1116 0 0 46.6816 72178 20000 11899 1.0884276 5
0.1117 0 0 46.6813 72179 20000 11871 1.0847644 10
0.1118 0 0 46.6825 72181 20000 11999 1.097916 13
0.1119 0 0 46.6834 72182 20000 11974 1.0943364 13
0.112 0 0 46.6843 72183 20000 11964 1.0919284 9
0.1121 0 0 46.6855 72185 20000 11924 1.0921908 12
0.1122 0 0 46.6855 72186 20000 11890 1.08433 7
0.1123 0 0 46.6866 72188 20000 11907 1.0879048 13
0.1124 0 0 46.6861 72189 20000 12010 1.0964592 11
0.1125 0 0 46.6867 72190 20000 12037 1.1003952 9
0.1126 0 0 46.6861 72192 20000 11947 1.0898748 11
0.1127 0 0 46.6866 72193 20000 11903 1.0880356 11
0.1128 0 0 46.6874 72195 20000 11915 1.0930372 13
0.1129 0 0 46.6873 72196 20000 11888 1.0843552 13
0.113 0 0 46.6872 72197 20000 11983 1.0977168 13
0.1131 0 0 46.6856 72199 20000 11971 1.0924348 7
0.1132 0 0 46.6862 72200 20000 11791 1.0750988 14
0.1133 0 0 46.6856 72202 20000 11990 1.0954656 14
0.1134 0 0 46.6869 72203 20000 12064 1.1030076 24
0.1135 0 0 46.6874 72205 20000 11951 1.0946096 10
0.1136 0 0 46.689 72206 20000 12030 1.0993988 23
0.1137 0 0 46.691 72207 20000 11941 1.0884416 20
0.1138 0 0 46.6922 72209 20000 11925 1.089034 23
0.1139 0 0 46.6942 72210 20000 11890 1.0841272 11
0.114 0 0 46.6946 72212 20000 12048 1.0964164 21
0.1141 0 0 46.6963 72213 20000 11998 1.0941 26
0.1142 0 0 46.6962 72215 20000 11996 1.092364 24
0.1143 0 0 46.698 72216 20000 12066 1.0986884 26
0.1144 0 0 46.6989 72217 20000 12023 1.0958308 33
0.1145 0 0 46.6999 72219 20000 11716 1.0693144 27
0.1146 0 0 46.7012 72220 20000 11970 1.0889536 42
0.1147 0 0 46.7013 72221 20000 12042 1.0987524 33
0.1148 0 0 46.7024 72223 20000 12024 1.0937576 48
0.1149 0 0 46.7019 72224 20000 12049 1.0969872 43
0.115 0 0 46.7035 72226 20000 12029 1.0976104 47
0.1151 0 0 46.7039 72227 20000 12166 1.1049556 53
0.1152 0 0 46.7051 72229 20000 12045 1.0971792 54
0.1153 0 0 46.7056 72230 20000 11982 1.0902676 62
0.1154 0 0 46.7053 72231 20000 12171 1.1043656 70
0.1155 0 0 46.7048 72233 20000 12095 1.100796 62
0.1156 0 0 46.7034 72234 20000 12041 1.094906 78
0.1157 0 0 46.7056 72236 20000 12202 1.108596 52
0.1158 0 0 46.7068 72237 20000 11940 1.0898028 53
0.1159 0 0 46.7094 72238 20000 11832 1.077568 40
0.116 0 0 46.7108 72240 20000 11965 1.0900084 39
0.1161 0 0 46.7124 72241 20000 12063 1.0983496 42
0.1162 0 0 46.7138 72243 20000 11984 1.091156 41
0.1163 0 0 46.7139 72244 20000 11876 1.0833508 34
0.1164 0 0 46.7141 72245 20000 11938 1.0878216 41
0.1165 0 0 46.7122 72247 20000 11982 1.089382 29
0.1166 0 0 46.7101 72248 20000 12034 1.0948096 45
0.1167 0 0 46.7053 72250 20000 12024 1.0943684 45
0.1168 0 0 46.7023 72251 20000 12059 1.0954428 35
0.1169 0 0 46.6983 72253 20000 12086 1.0997388 32
0.117 0 0 46.6943 72254 20000 12019 1.0952912 37
0.1171 0 0 46.6901 72255 20000 12074 1.0976908 42
0.1172 0 0 46.6858 72257 20000 11936 1.0890656 51
0.1173 0 0 46.6844 72258 20000 12003 1.0920996 42
0.1174 0 0 46.6822 72260 20000 12048 1.0942592 55
0.1175 0 0 46.6826 72261 20000 11780 1.069816 65
0.1176 0 0 46.682 72262 20000 12016 1.091548 67
0.1177 0 0 46.6832 72264 20000 12071 1.0964372 67
0.1178 0 0 46.6843 72265 20000 11937 1.0844832 83
0.1179 0 0 46.6859 72267 20000 11966 1.0871804 100
0.118 0 0 46.6895 72268 20000 11788 1.0652224 100
0.1181 0 0 46.692 72269 20000 12023 1.0890848 118
0.1182 0 0 46.6959 72271 20000 12084 1.0931868 116
0.1183 0 0 46.6973 72272 20000 12026 1.0917064 150
0.1184 0 0 46.6982 72274 20000 12119 1.1016024 198
0.1185 0 0 46.6969 72275 20000 12030 1.0886944 236
0.1186 0 0 46.6947 72277 20000 12091 1.0944476 305
0.1187 0 0 46.6909 72278 20000 12087 1.093866 341
0.1188 0 0 46.6855 72279 20000 12058 1.0899356 454
0.1189 0 0 46.6782 72281 20000 11730 1.0667808 626
0.119 0 0 46.6685 72282 20000 12014 1.0847684 808
0.1191 0 0 46.6617 72284 20000 12082 1.0958404 1017
0.1192 0 0 46.6541 72285 20000 12172 1.0963976 1258
0.1193 0 0 46.649 72286 20000 12249 1.1059276 1484
0.1194 0 0 46.644 72288 20000 12084 1.0907128 1794
0.1195 0 0 46.6438 72289 20000 12150 1.0931492 2201
0.1196 0 0 46.6483 72291 20000 11945 1.077414 2564
0.1197 0 0 46.6543 72292 20000 12074 1.0836664 3055
0.1198 0 0 46.6613 72293 20000 12172 1.088244 3506
0.1199 0 0 46.6655 72295 20000 12225 1.0931916 4107
0.12 0 0 46.6706 72296 20000 12271 1.1016604 4426
0.1201 0 0 46.6723 72298 20000 12189 1.0892808 5061
0.1202 0 0 46.6708 72299 20000 12090 1.0793764 5539
0.1203 0 0 46.6644 72301 20000 12145 1.0864036 5714
0.1204 0 0 46.6606 72302 20000 12140 1.0811424 5880
0.1205 0 0 46.6554 72304 20000 12254 1.092544 5599
0.1206 0 0 46.6516 72305 20000 12119 1.0832296 5071
0.1207 0 0 46.6515 72306 20000 12236 1.0945692 4069
0.1208 0 0 46.6517 72308 20000 12142 1.089378 3320
0.1209 0 0 46.6567 72309 20000 12013 1.0838844 2346
0.121 0 0 46.6613 72311 20000 12018 1.0818344 1748
0.1211 0 0 46.6705 72312 20000 12061 1.085084 1310
0.1212 0 0 46.6754 72313 20000 12079 1.0870804 984
0.1213 0 0 46.681 72315 20000 12024 1.0830016 811
0.1214 0 0 46.685 72316 20000 11935 1.0786592 594
0.1215 0 0 46.6869 72317 20000 12085 1.094624 500
0.1216 0 0 46.6876 72319 20000 11930 1.0749492 451
0.1217 0 0 46.6859 72320 20000 12106 1.0961388 378
0.1218 0 0 46.6837 72322 20000 12042 1.0854112 302
0.1219 0 0 46.6793 72323 20000 12015 1.0849052 269
0.122 0 0 46.675 72325 20000 11962 1.0770224 235
0.1221 0 0 46.6682 72326 20000 12003 1.080772 215
0.1222 0 0 46.666 72327 20000 12060 1.0877452 149
0.1223 0 0 46.6659 72329 20000 12098 1.0925356 149
0.1224 0 0 46.6661 72330 20000 12057 1.0892784 139
0.1225 0 0 46.6722 72332 20000 12138 1.0952412 124
0.1226 0 0 46.6777 72333 20000 11996 1.0817564 111
0.1227 0 0 46.683 72334 20000 12061 1.0865164 106
0.1228 0 0 46.6879 72336 20000 12151 1.095736 88
0.1229 0 0 46.691 72337 20000 12140 1.0946196 64
0.123 0 0 46.6928 72338 20000 12147 1.094332 64
0.1231 0 0 46.6924 72340 20000 12098 1.0898416 60
0.1232 0 0 46.6912 72341 20000 11929 1.0748232 49
0.1233 0 0 46.6876 72343 20000 12152 1.097472 42
0.1234 0 0 46.681 72344 20000 11848 1.0695652 37
0.1235 0 0 46.6734 72345 20000 12007 1.083746 43
0.1236 0 0 46.6662 72347 20000 12060 1.0886512 26
0.1237 0 0 46.6568 72348 20000 12201 1.101248 33
0.1238 0 0 46.653 72350 20000 11936 1.0747532 29
0.1239 0 0 46.6535 72351 20000 12110 1.0934428 22
0.124 0 0 46.6546 72353 20000 12257 1.1030704 27
0.1241 0 0 46.6618 72354 20000 12071 1.0923188 17
0.1242 0 0 46.6684 72355 20000 11899 1.0725776 25
0.1243 0 0 46.6754 72357 20000 12090 1.087242 23
0.1244 0 0 46.6817 72358 20000 12129 1.0918672 17
0.1245 0 0 46.687 72360 20000 12086 1.0859748 14
0.1246 0 0 46.6905 72361 20000 12008 1.0794116 12
0.1247 0 0 46.6905 72363 20000 12090 1.0882832 16
0.1248 0 0 46.687 72364 20000 12015 1.0845712 19
0.1249 0 0 46.6813 72365 20000 12087 1.0861528 17
0.125 0 0 46.6743 72367 20000 12127 1.0914876 17
0.1251 0 0 46.6692 72368 20000 12087 1.0869384 17
0.1252 0 0 46.6681 72370 20000 12025 1.0837624 10
0.1253 0 0 46.6678 72371 20000 12175 1.0959092 14
0.1254 0 0 46.6723 72373 20000 12078 1.0880576 7
0.1255 0 0 46.6789 72374 20000 12147 1.0910276 14
0.1256 0 0 46.6888 72375 20000 12108 1.0839992 21
0.1257 0 0 46.696 72377 20000 12114 1.0873788 11
0.1258 0 0 46.7029 72378 20000 11950 1.0756916 11
0.1259 0 0 46.7084 72380 20000 12149 1.0879408 11
0.126 0 0 46.7115 72381 20000 12086 1.0823728 17
0.1261 0 0 46.7111 72383 20000 12097 1.0869408 9
0.1262 0 0 46.7074 72384 20000 11956 1.0764576 13
0.1263 0 0 46.7036 72385 20000 12025 1.0804772 8
0.1264 0 0 46.6994 72387 20000 12217 1.09742 8
0.1265 0 0 46.6955 72388 20000 12171 1.0937628 12
0.1266 0 0 46.694 72390 20000 12018 1.0822392 10
0.1267 0 0 46.6922 72391 20000 12141 1.0865224 12
0.1268 0 0 46.6946 72392 20000 12247 1.099158 12
0.1269 0 0 46.6962 72394 20000 12123 1.0863988 11
0.127 0 0 46.7009 72395 20000 12128 1.0881636 7
0.1271 0 0 46.705 72397 20000 12087 1.0838664 9
0.1272 0 0 46.7075 72398 20000 11983 1.0756064 3
0.1273 0 0 46.7081 72399 20000 12096 1.084534 4
0.1274 0 0 46.7056 72401 20000 12029 1.07829 10
0.1275 0 0 46.6994 72402 20000 12066 1.0786828 7
0.1276 0 0 46.6899 72404 20000 12026 1.081584 6
0.1277 0 0 46.6829 72405 20000 12189 1.0903428 9
0.1278 0 0 46.6705 72407 20000 12286 1.0994992 12
0.1279 0 0 46.6668 72408 20000 12142 1.0870004 8
0.128 0 0 46.6617 72409 20000 12124 1.0873452 8
0.1281 0 0 46.6612 72411 20000 12168 1.086454 8
0.1282 0 0 46.6645 72412 20000 12103 1.0831636 11
0.1283 0 0 46.672 72414 20000 12171 1.0863508 9
0.1284 0 0 46.6789 72415 20000 12066 1.0789016 8
0.1285 0 0 46.684 72417 20000 12143 1.08429 10
0.1286 0 0 46.6887 72418 20000 12257 1.09322 8
0.1287 0 0 46.6903 72419 20000 12279 1.0942376 6
0.1288 0 0 46.6896 72421 20000 12333 1.0980588 8
0.1289 0 0 46.6859 72422 20000 12161 1.0854752 8
0.129 0 0 46.6797 72424 20000 12083 1.0769084 4
0.1291 0 0 46.6698 72425 20000 12067 1.0797972 8
0.1292 0 0 46.6623 72427 20000 12149 1.0873148 8
0.1293 0 0 46.6574 72428 20000 12141 1.0834436 3
0.1294 0 0 46.653 72429 20000 12014 1.0749772 5
0.1295 0 0 46.6537 72431 20000 12205 1.0904172 8
0.1296 0 0 46.6543 72432 20000 12283 1.0931896 7
0.1297 0 0 46.6618 72434 20000 12161 1.0812184 4
0.1298 0 0 46.6711 72435 20000 12075 1.0782864 6
0.1299 0 0 46.6807 72436 20000 12335 1.098322 5
0.13 0 0 46.6901 72438 20000 12016 1.0715268 4
0.1301 0 0 46.6971 72439 20000 12117 1.0780252 2
0.1302 0 0 46.701 72441 20000 12352 1.0947792 4
0.1303 0 0 46.7015 72442 20000 12210 1.0868888 4
0.1304 0 0 46.6997 72443 20000 12239 1.0914228 6
0.1305 0 0 46.6931 72445 20000 12117 1.0747156 10
0.1306 0 0 46.6898 72446 20000 12105 1.0814104 2
0.1307 0 0 46.6848 72447 20000 12079 1.0735268 6
0.1308 0 0 46.6801 72449 20000 12110 1.07947 9
0.1309 0 0 46.6791 72450 20000 12121 1.0786016 4
0.131 0 0 46.6779 72452 20000 12268 1.094034 3
0.1311 0 0 46.6842 72453 20000 12258 1.0897392 8
0.1312 0 0 46.6892 72454 20000 12067 1.0753624 11
0.1313 0 0 46.699 72456 20000 12151 1.078298 5
0.1314 0 0 46.7062 72457 20000 12095 1.0737608 7
0.1315 0 0 46.712 72459 20000 12238 1.0838664 7
0.1316 0 0 46.7153 72460 20000 12158 1.0786492 3
0.1317 0 0 46.715 72462 20000 12129 1.0775288 4
0.1318 0 0 46.7121 72463 20000 12105 1.073296 7
0.1319 0 0 46.7064 72464 20000 12172 1.080936 9
0.132 0 0 46.6998 72466 20000 12239 1.0865664 3
0.1321 0 0 46.6922 72467 20000 12167 1.0806304 3
0.1322 0 0 46.6876 72469 20000 12159 1.078308 6
0.1323 0 0 46.6835 72470 20000 12261 1.086694 4
0.1324 0 0 46.684 72472 20000 12275 1.0850388 3
0.1325 0 0 46.6883 72473 20000 12011 1.066498 3
0.1326 0 0 46.6939 72474 20000 12050 1.0681916 2
0.1327 0 0 46.7009 72476 20000 12142 1.0767164 3
0.1328 0 0 46.7067 72477 20000 12164 1.0777728 10
0.1329 0 0 46.7111 72479 20000 12246 1.0853304 4
0.133 0 0 46.7127 72480 20000 12253 1.0847124 7
0.1331 0 0 46.7104 72482 20000 12203 1.0802 6
0.1332 0 0 46.7045 72483 20000 12173 1.0771092 6
0.1333 0 0 46.6972 72484 20000 12302 1.0868696 3
0.1334 0 0 46.6897 72486 20000 12193 1.0763248 4
0.1335 0 0 46.682 72487 20000 12237 1.0816032 3
0.1336 0 0 46.6755 72488 20000 12094 1.0727928 5
0.1337 0 0 46.6695 72490 20000 12205 1.0776612 8
0.1338 0 0 46.669 72491 20000 12221 1.0820412 4
0.1339 0 0 46.6693 72493 20000 12349 1.0885276 2
0.134 0 0 46.6743 72494 20000 12131 1.0732604 1
0.1341 0 0 46.6813 72496 20000 12332 1.0882304 5
0.1342 0 0 46.6887 72497 20000 12185 1.0741392 2
0.1343 0 0 46.6961 72498 20000 12226 1.0798736 1
0.1344 0 0 46.7011 72500 20000 12336 1.0884252 1
0.1345 0 0 46.705 72501 20000 12115 1.0696008 2
0.1346 0 0 46.706 72503 20000 12266 1.0835648 1
0.1347 0 0 46.7042 72504 20000 12202 1.0732372 5
0.1348 0 0 46.6996 72506 20000 12349 1.089726 8
0.1349 0 0 46.695 72507 20000 12219 1.078002 3
0.135 0 0 46.6886 72508 20000 12318 1.085602 2
