0.11 0 0 115.221 36899 15000 9958 1.0979272 9
0.1101 0 0 115.211 36900 15000 10017 1.1035676 12
0.1102 0 0 115.215 36901 15000 10082 1.1089516 10
0.1103 0 0 115.215 36903 15000 10121 1.1124564 8
0.1104 0 0 115.221 36904 15000 10348 1.141096 11
0.1105 0 0 115.228 36906 15000 10074 1.112558 11
0.1106 0 0 115.235 36907 15000 10191 1.1220572 5
0.1107 0 0 115.242 36909 15000 10126 1.116082 8
0.1108 0 0 115.245 36910 15000 10154 1.1194784 7
0.1109 0 0 115.251 36912 15000 10123 1.1148636 4
0.111 0 0 115.248 36913 15000 10100 1.11153 8
0.1111 0 0 115.25 36915 15000 10272 1.1321152 6
0.1112 0 0 115.245 36916 15000 10184 1.12318 8
0.1113 0 0 115.247 36917 15000 10165 1.1194 11
0.1114 0 0 115.243 36919 15000 10251 1.1329384 8
0.1115 0 0 115.245 36920 15000 10063 1.11212 7
0.1116 0 0 115.249 36922 15000 10134 1.1149952 6
0.1117 0 0 115.251 36923 15000 9961 1.1019412 5
0.1118 0 0 115.26 36925 15000 10276 1.135578 10
0.1119 0 0 115.26 36926 15000 10056 1.1110032 6
0.112 0 0 115.264 36928 15000 10083 1.1132748 9
0.1121 0 0 115.26 36929 15000 10181 1.1246808 7
0.1122 0 0 115.263 36930 15000 10133 1.1145976 6
0.1123 0 0 115.26 36932 15000 10007 1.102654 7
0.1124 0 0 115.262 36933 15000 10142 1.1145156 4
0.1125 0 0 115.261 36935 15000 10262 1.1327504 3
0.1126 0 0 115.26 36936 15000 10189 1.1232736 5
0.1127 0 0 115.261 36937 15000 10117 1.1208552 7
0.1128 0 0 115.258 36939 15000 10131 1.1180456 11
0.1129 0 0 115.262 36940 15000 10272 1.1367912 6
0.113 0 0 115.258 36942 15000 10127 1.1158872 8
0.1131 0 0 115.266 36943 15000 9928 1.095216 8
0.1132 0 0 115.269 36944 15000 10117 1.1161596 11
0.1133 0 0 115.274 36946 15000 10174 1.1232436 8
0.1134 0 0 115.278 36947 15000 10089 1.1142048 11
0.1135 0 0 115.28 36949 15000 10056 1.1070496 9
0.1136 0 0 115.285 36950 15000 10225 1.1247204 11
0.1137 0 0 115.283 36952 15000 10074 1.1135556 10
0.1138 0 0 115.288 36953 15000 10223 1.1274204 9
0.1139 0 0 115.283 36954 15000 10263 1.1313908 8
0.114 0 0 115.287 36956 15000 10133 1.118748 6
0.1141 0 0 115.283 36957 15000 10252 1.1273628 7
0.1142 0 0 115.287 36959 15000 10149 1.1219528 8
0.1143 0 0 115.287 36960 15000 10091 1.1130244 9
0.1144 0 0 115.291 36962 15000 10174 1.1244244 6
0.1145 0 0 115.293 36963 15000 10163 1.1201224 17
0.1146 0 0 115.296 36965 15000 10117 1.1142036 7
0.1147 0 0 115.298 36966 15000 10025 1.1047384 14
0.1148 0 0 115.297 36968 15000 10333 1.141156 16
0.1149 0 0 115.3 36969 15000 10150 1.119622 14
0.115 0 0 115.296 36971 15000 10153 1.1200076 13
0.1151 0 0 115.302 36972 15000 10304 1.1383328 13
0.1152 0 0 115.299 36974 15000 9920 1.0972644 11
0.1153 0 0 115.303 36975 15000 10154 1.1217928 11
0.1154 0 0 115.302 36976 15000 10189 1.1233652 7
0.1155 0 0 115.303 36978 15000 10114 1.1160776 10
0.1156 0 0 115.302 36979 15000 10036 1.109254 8
0.1157 0 0 115.301 36981 15000 10153 1.1210052 10
0.1158 0 0 115.301 36982 15000 10145 1.1194268 7
0.1159 0 0 115.296 36984 15000 10000 1.1071004 10
0.116 0 0 115.3 36985 15000 10169 1.1233048 9
0.1161 0 0 115.297 36987 15000 10131 1.1183216 12
0.1162 0 0 115.303 36988 15000 10190 1.1238828 18
0.1163 0 0 115.301 36990 15000 10185 1.121518 12
0.1164 0 0 115.307 36991 15000 10230 1.1283608 10
0.1165 0 0 115.304 36993 15000 10163 1.121726 18
0.1166 0 0 115.308 36994 15000 10006 1.1033584 15
0.1167 0 0 115.305 36996 15000 9978 1.1053068 9
0.1168 0 0 115.305 36997 15000 10130 1.1179768 13
0.1169 0 0 115.305 36998 15000 10049 1.1091272 9
0.117 0 0 115.303 37000 15000 10304 1.1350828 17
0.1171 0 0 115.306 37002 15000 10063 1.1127096 12
0.1172 0 0 115.305 37003 15000 10188 1.1259764 20
0.1173 0 0 115.31 37004 15000 10271 1.1350252 23
0.1174 0 0 115.307 37006 15000 10181 1.1238716 24
0.1175 0 0 115.313 37007 15000 10075 1.115346 18
0.1176 0 0 115.311 37009 15000 10082 1.1129048 28
0.1177 0 0 115.316 37010 15000 10021 1.106486 33
0.1178 0 0 115.315 37012 15000 10064 1.1090596 27
0.1179 0 0 115.316 37013 15000 10042 1.1099248 49
0.118 0 0 115.316 37014 15000 10065 1.1090816 75
0.1181 0 0 115.314 37016 15000 10156 1.1200268 90
0.1182 0 0 115.316 37017 15000 9965 1.0965868 112
0.1183 0 0 115.313 37019 15000 10277 1.1338844 133
0.1184 0 0 115.316 37020 15000 10102 1.1164828 135
0.1185 0 0 115.31 37022 15000 10172 1.1214704 140
0.1186 0 0 115.314 37023 15000 10097 1.117566 169
0.1187 0 0 115.309 37025 15000 10115 1.1157848 183
0.1188 0 0 115.312 37026 15000 10151 1.1162796 271
0.1189 0 0 115.309 37028 15000 10091 1.1156692 337
0.119 0 0 115.311 37029 15000 10077 1.1125984 475
0.1191 0 0 115.311 37031 15000 10044 1.1082036 641
0.1192 0 0 115.313 37032 15000 10172 1.1213192 943
0.1193 0 0 115.317 37033 15000 10176 1.1182712 1038
0.1194 0 0 115.316 37035 15000 10294 1.1310932 1357
0.1195 0 0 115.32 37036 15000 10195 1.1201664 1678
0.1196 0 0 115.316 37038 15000 10208 1.1212752 1898
0.1197 0 0 115.321 37039 15000 10085 1.111498 2179
0.1198 0 0 115.317 37041 15000 10336 1.1318772 2501
0.1199 0 0 115.32 37042 15000 10139 1.1113288 2663
0.12 0 0 115.317 37044 15000 10152 1.11111 3016
0.1201 0 0 115.317 37045 15000 10088 1.1078748 3334
0.1202 0 0 115.317 37046 15000 10299 1.126804 3948
0.1203 0 0 115.316 37048 15000 10346 1.1290652 4333
0.1204 0 0 115.318 37049 15000 10218 1.1153076 4179
0.1205 0 0 115.314 37051 15000 10126 1.1143312 3027
0.1206 0 0 115.317 37052 15000 10304 1.1358424 1915
0.1207 0 0 115.312 37054 15000 9971 1.0990632 981
0.1208 0 0 115.315 37055 15000 10131 1.1162576 613
0.1209 0 0 115.311 37056 15000 10129 1.1179688 471
0.121 0 0 115.312 37058 15000 9988 1.1044244 349
0.1211 0 0 115.311 37059 15000 10249 1.1342148 340
0.1212 0 0 115.311 37061 15000 10172 1.1205064 240
0.1213 0 0 115.316 37062 15000 9969 1.1026116 227
0.1214 0 0 115.316 37064 15000 10131 1.120184 205
0.1215 0 0 115.323 37065 15000 10131 1.1158632 199
0.1216 0 0 115.32 37067 15000 10152 1.1232008 140
0.1217 0 0 115.326 37068 15000 10201 1.1259448 117
0.1218 0 0 115.323 37069 15000 10180 1.124734 134
0.1219 0 0 115.324 37071 15000 10054 1.1138268 112
0.122 0 0 115.321 37072 15000 10138 1.1210764 104
0.1221 0 0 115.319 37074 15000 10045 1.1094828 90
0.1222 0 0 115.318 37075 15000 10027 1.1078752 85
0.1223 0 0 115.313 37077 15000 10331 1.1362004 89
0.1224 0 0 115.318 37078 15000 10137 1.1195712 62
0.1225 0 0 115.316 37079 15000 10122 1.1162916 67
0.1226 0 0 115.321 37081 15000 10207 1.1283016 53
0.1227 0 0 115.319 37082 15000 10203 1.1282848 52
0.1228 0 0 115.323 37084 15000 10172 1.1233272 53
0.1229 0 0 115.321 37085 15000 10057 1.110374 38
0.123 0 0 115.319 37086 15000 10093 1.11809 56
0.1231 0 0 115.319 37088 15000 10134 1.1205276 34
0.1232 0 0 115.315 37089 15000 10031 1.1085148 43
0.1233 0 0 115.317 37091 15000 10148 1.1221788 38
0.1234 0 0 115.313 37092 15000 9977 1.1012756 45
0.1235 0 0 115.316 37094 15000 10015 1.1073072 40
0.1236 0 0 115.312 37095 15000 10069 1.1124304 32
0.1237 0 0 115.316 37097 15000 10214 1.1297524 27
0.1238 0 0 115.314 37098 15000 10200 1.1287856 41
0.1239 0 0 115.317 37100 15000 10133 1.118222 31
0.124 0 0 115.318 37101 15000 9969 1.103766 28
0.1241 0 0 115.318 37103 15000 10149 1.122268 21
0.1242 0 0 115.318 37104 15000 10077 1.1136356 29
0.1243 0 0 115.315 37105 15000 10159 1.1297664 27
0.1244 0 0 115.317 37107 15000 10116 1.1212512 27
0.1245 0 0 115.312 37108 15000 10218 1.1326456 26
0.1246 0 0 115.316 37110 15000 10105 1.119292 21
0.1247 0 0 115.31 37111 15000 10060 1.111398 31
0.1248 0 0 115.314 37113 15000 10067 1.11317 17
0.1249 0 0 115.31 37114 15000 10185 1.1254672 27
0.125 0 0 115.316 37116 15000 10141 1.1213932 22
0.1251 0 0 115.315 37117 15000 10005 1.1075808 23
0.1252 0 0 115.317 37119 15000 10120 1.1172004 21
0.1253 0 0 115.32 37120 15000 10107 1.1174928 31
0.1254 0 0 115.32 37122 15000 10181 1.1240164 16
0.1255 0 0 115.323 37123 15000 10131 1.1210216 24
0.1256 0 0 115.323 37125 15000 10222 1.1311424 15
0.1257 0 0 115.325 37126 15000 10081 1.1163396 12
0.1258 0 0 115.323 37128 15000 10083 1.1134172 22
0.1259 0 0 115.326 37129 15000 10180 1.1263256 21
0.126 0 0 115.321 37131 15000 10214 1.1299556 18
0.1261 0 0 115.323 37132 15000 10173 1.1235712 22
0.1262 0 0 115.319 37133 15000 10071 1.1113692 12
0.1263 0 0 115.322 37135 15000 10183 1.1286908 24
0.1264 0 0 115.32 37136 15000 10080 1.11579 18
0.1265 0 0 115.321 37138 15000 10069 1.1121692 22
0.1266 0 0 115.323 37139 15000 10098 1.1182628 27
0.1267 0 0 115.322 37141 15000 9949 1.103892 18
0.1268 0 0 115.323 37142 15000 10174 1.1273504 23
0.1269 0 0 115.32 37144 15000 10038 1.1079936 19
0.127 0 0 115.323 37145 15000 10110 1.118298 20
0.1271 0 0 115.316 37147 15000 9978 1.1050808 17
0.1272 0 0 115.317 37148 15000 10177 1.1269668 27
0.1273 0 0 115.311 37150 15000 10006 1.1047816 20
0.1274 0 0 115.314 37151 15000 9842 1.0904536 17
0.1275 0 0 115.31 37153 15000 10136 1.1179684 24
0.1276 0 0 115.314 37154 15000 10112 1.1215432 19
0.1277 0 0 115.315 37155 15000 10201 1.1300092 17
0.1278 0 0 115.316 37157 15000 10122 1.120252 18
0.1279 0 0 115.32 37158 15000 10062 1.1138056 12
0.128 0 0 115.32 37160 15000 10187 1.127198 19
0.1281 0 0 115.324 37161 15000 10130 1.1231136 15
0.1282 0 0 115.322 37163 15000 10071 1.1161392 15
0.1283 0 0 115.325 37164 15000 9942 1.1019628 16
0.1284 0 0 115.319 37166 15000 10207 1.1307952 9
0.1285 0 0 115.321 37167 15000 9999 1.1067964 25
0.1286 0 0 115.316 37168 15000 10104 1.1192156 16
0.1287 0 0 115.315 37170 15000 10238 1.1302944 19
0.1288 0 0 115.313 37171 15000 10019 1.1071892 14
0.1289 0 0 115.309 37173 15000 9999 1.1065024 19
0.129 0 0 115.313 37174 15000 10121 1.1172444 10
0.1291 0 0 115.309 37175 15000 10100 1.1189736 10
0.1292 0 0 115.315 37177 15000 10147 1.1237208 18
0.1293 0 0 115.313 37178 15000 10192 1.123658 14
0.1294 0 0 115.32 37180 15000 10049 1.1137976 16
0.1295 0 0 115.322 37181 15000 10153 1.1233264 15
0.1296 0 0 115.326 37183 15000 9907 1.0970616 10
0.1297 0 0 115.329 37184 15000 10224 1.130306 18
0.1298 0 0 115.328 37185 15000 9997 1.110228 8
0.1299 0 0 115.331 37187 15000 10091 1.1154708 9
0.13 0 0 115.327 37188 15000 10128 1.1188488 18
