0.115 0 0 139.816 30087 15000 10632 1.0737284 9
0.1151 0 0 139.822 30088 15000 10825 1.0900556 11
0.1152 0 0 139.817 30090 15000 10841 1.0908116 9
0.1153 0 0 139.826 30091 15000 10930 1.1023964 13
0.1154 0 0 139.826 30093 15000 10757 1.0862104 9
0.1155 0 0 139.833 30094 15000 10673 1.075884 5
0.1156 0 0 139.836 30095 15000 10884 1.0997384 11
0.1157 0 0 139.837 30097 15000 10843 1.0932116 7
0.1158 0 0 139.838 30098 15000 10786 1.0851796 18
0.1159 0 0 139.832 30100 15000 10892 1.1013804 10
0.116 0 0 139.833 30101 15000 10732 1.0819248 15
0.1161 0 0 139.823 30103 15000 10749 1.0824044 4
0.1162 0 0 139.823 30104 15000 10858 1.0995588 8
0.1163 0 0 139.811 30106 15000 10820 1.0916584 8
0.1164 0 0 139.814 30107 15000 10906 1.10196 7
0.1165 0 0 139.809 30108 15000 10770 1.0881536 11
0.1166 0 0 139.812 30110 15000 10854 1.0967032 4
0.1167 0 0 139.815 30111 15000 10789 1.0916248 10
0.1168 0 0 139.818 30113 15000 10888 1.0990396 9
0.1169 0 0 139.826 30114 15000 10765 1.0905684 18
0.117 0 0 139.826 30116 15000 10759 1.0852632 9
0.1171 0 0 139.833 30117 15000 10836 1.0935936 11
0.1172 0 0 139.828 30118 15000 10620 1.0741408 5
0.1173 0 0 139.832 30120 15000 10831 1.0947972 10
0.1174 0 0 139.826 30121 15000 10715 1.0807404 13
0.1175 0 0 139.824 30123 15000 10763 1.083928 13
0.1176 0 0 139.82 30124 15000 10766 1.0866128 10
0.1177 0 0 139.817 30126 15000 10937 1.1015628 9
0.1178 0 0 139.817 30127 15000 10860 1.095136 8
0.1179 0 0 139.813 30129 15000 10822 1.0927708 14
0.118 0 0 139.82 30130 15000 10966 1.1100284 12
0.1181 0 0 139.818 30131 15000 10733 1.084324 11
0.1182 0 0 139.828 30133 15000 10859 1.0954128 9
0.1183 0 0 139.827 30134 15000 10836 1.091296 7
0.1184 0 0 139.834 30135 15000 10610 1.0689056 15
0.1185 0 0 139.836 30137 15000 10863 1.093136 18
0.1186 0 0 139.836 30138 15000 10827 1.0933968 14
0.1187 0 0 139.838 30140 15000 10707 1.0793948 12
0.1188 0 0 139.83 30141 15000 10683 1.076618 9
0.1189 0 0 139.833 30143 15000 10703 1.0778504 9
0.119 0 0 139.824 30144 15000 10855 1.1000116 9
0.1191 0 0 139.828 30146 15000 10883 1.102358 22
0.1192 0 0 139.821 30147 15000 10655 1.076436 13
0.1193 0 0 139.824 30148 15000 10747 1.0845668 19
0.1194 0 0 139.824 30150 15000 10734 1.08578 15
0.1195 0 0 139.82 30151 15000 10605 1.070036 10
0.1196 0 0 139.826 30152 15000 10776 1.0899408 5
0.1197 0 0 139.823 30154 15000 10896 1.1043484 11
0.1198 0 0 139.833 30155 15000 10700 1.0798684 12
0.1199 0 0 139.831 30157 15000 10855 1.0922028 11
0.12 0 0 139.841 30158 15000 10736 1.0824656 14
0.1201 0 0 139.842 30160 15000 10667 1.0777912 21
0.1202 0 0 139.845 30161 15000 10805 1.0892432 9
0.1203 0 0 139.846 30162 15000 10755 1.0865724 13
0.1204 0 0 139.841 30164 15000 10782 1.0905112 10
0.1205 0 0 139.843 30165 15000 10559 1.06844 17
0.1206 0 0 139.832 30167 15000 10835 1.0952644 23
0.1207 0 0 139.835 30168 15000 10722 1.0840108 16
0.1208 0 0 139.826 30170 15000 10794 1.0892596 14
0.1209 0 0 139.831 30171 15000 10817 1.094842 15
0.121 0 0 139.83 30172 15000 10742 1.0854668 17
0.1211 0 0 139.834 30174 15000 10782 1.088056 21
0.1212 0 0 139.837 30175 15000 10709 1.0845024 21
0.1213 0 0 139.837 30177 15000 10912 1.1032112 25
0.1214 0 0 139.843 30178 15000 10912 1.1022172 18
0.1215 0 0 139.839 30179 15000 10831 1.0936316 24
0.1216 0 0 139.845 30181 15000 10853 1.097776 33
0.1217 0 0 139.838 30182 15000 10857 1.094906 42
0.1218 0 0 139.841 30184 15000 10657 1.0752916 46
0.1219 0 0 139.834 30185 15000 10791 1.0878828 48
0.122 0 0 139.834 30187 15000 10829 1.0963564 48
0.1221 0 0 139.831 30188 15000 10852 1.0925244 80
0.1222 0 0 139.827 30190 15000 10833 1.0924376 93
0.1223 0 0 139.831 30191 15000 10801 1.0905556 131
0.1224 0 0 139.827 30192 15000 10914 1.1006964 148
0.1225 0 0 139.834 30194 15000 10747 1.0827056 146
0.1226 0 0 139.83 30195 15000 10632 1.0730596 213
0.1227 0 0 139.837 30197 15000 10806 1.0911724 208
0.1228 0 0 139.838 30198 15000 10709 1.0800072 255
0.1229 0 0 139.841 30199 15000 10747 1.0855856 371
0.123 0 0 139.845 30201 15000 10843 1.094722 462
0.1231 0 0 139.842 30202 15000 10796 1.089552 643
0.1232 0 0 139.847 30203 15000 10913 1.0980756 956
0.1233 0 0 139.842 30205 15000 10785 1.0861844 1212
0.1234 0 0 139.847 30206 15000 10665 1.0766072 1478
0.1235 0 0 139.843 30208 15000 10929 1.1030908 1694
0.1236 0 0 139.844 30209 15000 10773 1.083152 1821
0.1237 0 0 139.841 30211 15000 10751 1.081244 2105
0.1238 0 0 139.839 30212 15000 10850 1.090362 2365
0.1239 0 0 139.839 30213 15000 10767 1.0768708 2720
0.124 0 0 139.833 30215 15000 10899 1.0934112 3174
0.1241 0 0 139.839 30216 15000 10920 1.0936928 3502
0.1242 0 0 139.834 30218 15000 10809 1.0816388 3235
0.1243 0 0 139.842 30219 15000 10873 1.092458 2383
0.1244 0 0 139.842 30220 15000 10845 1.094358 1433
0.1245 0 0 139.848 30222 15000 10656 1.07232 803
0.1246 0 0 139.85 30223 15000 10808 1.0907424 489
0.1247 0 0 139.851 30225 15000 10788 1.0877236 362
0.1248 0 0 139.854 30226 15000 10781 1.0893816 262
0.1249 0 0 139.847 30228 15000 10765 1.0874796 255
0.125 0 0 139.853 30229 15000 10773 1.0879608 233
0.1251 0 0 139.847 30231 15000 10774 1.0870668 201
0.1252 0 0 139.85 30232 15000 10769 1.0882996 162
0.1253 0 0 139.841 30233 15000 10605 1.0719128 168
0.1254 0 0 139.841 30235 15000 10652 1.0756808 150
0.1255 0 0 139.836 30236 15000 10762 1.0852396 145
0.1256 0 0 139.832 30238 15000 10876 1.0992508 97
0.1257 0 0 139.832 30239 15000 10743 1.0861224 109
0.1258 0 0 139.828 30241 15000 10798 1.0914084 96
0.1259 0 0 139.833 30242 15000 10896 1.0995188 96
0.126 0 0 139.828 30244 15000 10807 1.0934624 71
0.1261 0 0 139.837 30245 15000 10832 1.093856 68
0.1262 0 0 139.833 30246 15000 10737 1.0860956 68
0.1263 0 0 139.842 30248 15000 10754 1.089236 65
0.1264 0 0 139.841 30249 15000 10828 1.0938256 65
0.1265 0 0 139.845 30251 15000 10608 1.0686608 44
0.1266 0 0 139.848 30252 15000 10772 1.0919584 44
0.1267 0 0 139.845 30253 15000 10807 1.0908936 46
0.1268 0 0 139.85 30255 15000 10828 1.0952056 40
0.1269 0 0 139.843 30256 15000 10699 1.0833068 49
0.127 0 0 139.848 30258 15000 10629 1.0734304 38
0.1271 0 0 139.842 30259 15000 10846 1.09556 41
0.1272 0 0 139.844 30261 15000 10742 1.0856604 41
0.1273 0 0 139.84 30262 15000 10736 1.0850876 44
0.1274 0 0 139.839 30263 15000 10816 1.0962616 39
0.1275 0 0 139.838 30265 15000 10887 1.100668 37
0.1276 0 0 139.836 30266 15000 10750 1.0841228 33
0.1277 0 0 139.841 30268 15000 10710 1.0840484 38
0.1278 0 0 139.838 30269 15000 10708 1.0830808 33
0.1279 0 0 139.847 30271 15000 10695 1.0826336 41
0.128 0 0 139.845 30272 15000 10970 1.1068164 51
0.1281 0 0 139.851 30273 15000 10989 1.1121752 34
0.1282 0 0 139.849 30275 15000 10715 1.0833868 40
0.1283 0 0 139.849 30276 15000 10718 1.0842372 32
0.1284 0 0 139.848 30278 15000 10654 1.0789216 26
0.1285 0 0 139.84 30279 15000 10825 1.0961292 36
0.1286 0 0 139.844 30280 15000 10813 1.0917404 44
0.1287 0 0 139.837 30282 15000 10697 1.0823468 32
0.1288 0 0 139.842 30283 15000 10842 1.095766 31
0.1289 0 0 139.834 30285 15000 10739 1.0859888 33
0.129 0 0 139.838 30286 15000 10989 1.1121704 30
0.1291 0 0 139.835 30287 15000 10765 1.0910364 34
0.1292 0 0 139.835 30289 15000 10871 1.101562 29
0.1293 0 0 139.836 30290 15000 10776 1.0900696 33
0.1294 0 0 139.832 30292 15000 10779 1.0933404 28
0.1295 0 0 139.838 30293 15000 10871 1.1009364 23
0.1296 0 0 139.832 30295 15000 10849 1.0989324 36
0.1297 0 0 139.839 30296 15000 10861 1.0993872 34
0.1298 0 0 139.834 30298 15000 10796 1.0926024 32
0.1299 0 0 139.839 30299 15000 10839 1.0940656 23
0.13 0 0 139.836 30300 15000 10906 1.1002748 21
0.1301 0 0 139.835 30302 15000 10798 1.0894608 33
0.1302 0 0 139.836 30303 15000 10619 1.07494 28
0.1303 0 0 139.83 30305 15000 10809 1.0949408 25
0.1304 0 0 139.834 30306 15000 10676 1.0789944 19
0.1305 0 0 139.826 30307 15000 10779 1.0910816 33
0.1306 0 0 139.831 30309 15000 10834 1.096332 27
0.1307 0 0 139.827 30310 15000 10659 1.079416 32
0.1308 0 0 139.833 30312 15000 10913 1.1007784 31
0.1309 0 0 139.833 30313 15000 10870 1.0989828 25
0.131 0 0 139.837 30315 15000 10831 1.0973512 22
0.1311 0 0 139.84 30316 15000 10892 1.104024 17
0.1312 0 0 139.838 30317 15000 10879 1.1001768 26
0.1313 0 0 139.841 30319 15000 10719 1.0847856 28
0.1314 0 0 139.832 30320 15000 10708 1.0861564 27
0.1315 0 0 139.834 30322 15000 10820 1.0969012 20
0.1316 0 0 139.825 30323 15000 10622 1.0762788 34
0.1317 0 0 139.826 30324 15000 11113 1.1275352 21
0.1318 0 0 139.821 30326 15000 10688 1.0796508 27
0.1319 0 0 139.818 30327 15000 10749 1.0880112 19
0.132 0 0 139.819 30329 15000 10668 1.078714 21
0.1321 0 0 139.814 30330 15000 10755 1.091358 23
0.1322 0 0 139.822 30331 15000 10946 1.1063704 17
0.1323 0 0 139.821 30333 15000 10847 1.0978896 21
0.1324 0 0 139.83 30334 15000 10838 1.0986412 20
0.1325 0 0 139.827 30336 15000 10782 1.0899852 27
0.1326 0 0 139.834 30337 15000 10641 1.0786956 18
0.1327 0 0 139.834 30339 15000 10657 1.0809392 26
0.1328 0 0 139.833 30340 15000 10918 1.1040792 15
0.1329 0 0 139.835 30341 15000 10867 1.0979416 22
0.133 0 0 139.828 30343 15000 10817 1.091796 14
0.1331 0 0 139.828 30344 15000 10889 1.1009988 21
0.1332 0 0 139.817 30346 15000 10800 1.0939948 23
0.1333 0 0 139.82 30347 15000 10837 1.098758 27
0.1334 0 0 139.812 30349 15000 10773 1.0914172 19
0.1335 0 0 139.82 30350 15000 10748 1.087536 19
0.1336 0 0 139.82 30352 15000 10669 1.0800264 17
0.1337 0 0 139.825 30353 15000 10918 1.1053888 30
0.1338 0 0 139.83 30354 15000 10824 1.0919576 18
0.1339 0 0 139.831 30356 15000 10795 1.0921656 20
0.134 0 0 139.84 30357 15000 10714 1.087592 13
0.1341 0 0 139.837 30359 15000 10746 1.0884568 19
0.1342 0 0 139.845 30360 15000 10682 1.0815604 22
0.1343 0 0 139.84 30361 15000 10728 1.0826808 23
0.1344 0 0 139.842 30363 15000 10639 1.0751684 17
0.1345 0 0 139.839 30364 15000 10707 1.0856856 22
0.1346 0 0 139.835 30366 15000 10740 1.088486 18
0.1347 0 0 139.834 30367 15000 10768 1.0893368 21
0.1348 0 0 139.824 30368 15000 10765 1.089956 20
0.1349 0 0 139.827 30370 15000 10840 1.099692 22
0.135 0 0 139.819 30371 15000 10778 1.0911344 26
