0.105 0 0 48.6749 71314 20000 73144 1.2419348 3
0.1051 0 0 48.6794 71315 20000 12992 1.2419348 3
0.1052 0 0 48.6853 71317 20000 12665 1.2093224 5
0.1053 0 0 48.6881 71319 20000 12455 1.1822796 5
0.1054 0 0 48.6902 71320 20000 12299 1.1649476 4
0.1055 0 0 48.6899 71321 20000 12165 1.15472 5
0.1056 0 0 48.6897 71323 20000 11797 1.1402624 6
0.1057 0 0 48.6883 71324 20000 11676 1.1342352 8
0.1058 0 0 48.6868 71326 20000 11682 1.1262292 6
0.1059 0 0 48.686 71327 20000 11792 1.1122928 5
0.106 0 0 48.6846 71329 20000 11736 1.1100976 3
0.1061 0 0 48.6865 71330 20000 11697 1.1070484 2
0.1062 0 0 48.6873 71331 20000 11812 1.1186356 9
0.1063 0 0 48.6908 71333 20000 11717 1.1160888 8
0.1064 0 0 48.6933 71334 20000 11959 1.1343676 2
0.1065 0 0 48.6971 71336 20000 11900 1.1343292 8
0.1066 0 0 48.7013 71337 20000 12228 1.1610916 6
0.1067 0 0 48.7045 71338 20000 12142 1.1592028 8
0.1068 0 0 48.7064 71340 20000 12422 1.1909076 7
0.1069 0 0 48.7061 71342 20000 12400 1.18917 6
0.107 0 0 48.7051 71343 20000 12620 1.2198052 6
0.1071 0 0 48.7025 71345 20000 13025 1.2626788 8
0.1072 0 0 48.7022 71346 20000 13376 1.3024736 10
0.1073 0 0 48.701 71348 20000 13269 1.2910768 4
0.1074 0 0 48.7012 71350 20000 13291 1.2881048 7
0.1075 0 0 48.7006 71351 20000 13202 1.2751584 7
0.1076 0 0 48.7023 71353 20000 13116 1.2668088 5
0.1077 0 0 48.7027 71354 20000 13233 1.2784432 3
0.1078 0 0 48.7036 71356 20000 13164 1.2689892 2
0.1079 0 0 48.7027 71358 20000 13351 1.2870924 3
0.108 0 0 48.7017 71359 20000 13297 1.2739488 8
0.1081 0 0 48.7001 71361 20000 13149 1.2607064 4
0.1082 0 0 48.6993 71363 20000 13157 1.2597492 7
0.1083 0 0 48.6979 71364 20000 13343 1.2766904 7
0.1084 0 0 48.6975 71366 20000 13062 1.2495644 6
0.1085 0 0 48.6974 71367 20000 13247 1.2642664 5
0.1086 0 0 48.6998 71369 20000 13298 1.2663508 7
0.1087 0 0 48.702 71371 20000 13269 1.2615744 9
0.1088 0 0 48.7048 71372 20000 13272 1.2617264 4
0.1089 0 0 48.7064 71374 20000 13188 1.2529604 11
0.109 0 0 48.7078 71375 20000 13268 1.257204 7
0.1091 0 0 48.7081 71377 20000 13349 1.2689292 3
0.1092 0 0 48.7092 71378 20000 13392 1.2684432 6
0.1093 0 0 48.7089 71380 20000 13500 1.2721824 6
0.1094 0 0 48.7088 71382 20000 13316 1.2604024 4
0.1095 0 0 48.7074 71383 20000 13096 1.2398036 6
0.1096 0 0 48.7073 71385 20000 13092 1.2340152 7
0.1097 0 0 48.7065 71386 20000 13212 1.248086 7
0.1098 0 0 48.7091 71388 20000 13276 1.2512156 9
0.1099 0 0 48.711 71389 20000 13213 1.2397832 8
0.11 0 0 48.7153 71391 20000 13240 1.2460828 12
0.1101 0 0 48.7178 71393 20000 13458 1.2647168 8
0.1102 0 0 48.7198 71394 20000 13137 1.2351068 6
0.1103 0 0 48.719 71396 20000 13423 1.2588828 5
0.1104 0 0 48.7171 71397 20000 13094 1.2285164 5
0.1105 0 0 48.7122 71399 20000 13155 1.2335408 14
0.1106 0 0 48.7073 71400 20000 13153 1.233158 16
0.1107 0 0 48.7005 71402 20000 13207 1.237776 7
0.1108 0 0 48.6981 71403 20000 13066 1.2192824 5
0.1109 0 0 48.695 71405 20000 13066 1.2209976 9
0.111 0 0 48.6968 71406 20000 13006 1.2144924 9
0.1111 0 0 48.6987 71408 20000 12912 1.2041524 9
0.1112 0 0 48.7034 71410 20000 13185 1.231122 10
0.1113 0 0 48.7071 71411 20000 12900 1.20512 10
0.1114 0 0 48.7095 71413 20000 12941 1.2081484 16
0.1115 0 0 48.7088 71414 20000 13091 1.2211276 11
0.1116 0 0 48.7055 71416 20000 12906 1.204576 6
0.1117 0 0 48.6986 71417 20000 12856 1.200686 11
0.1118 0 0 48.69 71419 20000 12802 1.1912544 11
0.1119 0 0 48.6787 71420 20000 12825 1.1926928 7
0.112 0 0 48.6707 71422 20000 12743 1.1899824 12
0.1121 0 0 48.666 71423 20000 12618 1.1754956 7
0.1122 0 0 48.6633 71425 20000 12741 1.1874624 7
0.1123 0 0 48.6677 71426 20000 12690 1.18273 12
0.1124 0 0 48.6725 71428 20000 12723 1.1846384 10
0.1125 0 0 48.6784 71429 20000 12762 1.1864268 11
0.1126 0 0 48.6819 71431 20000 12674 1.1767908 8
0.1127 0 0 48.6838 71432 20000 12761 1.1883104 10
0.1128 0 0 48.6824 71434 20000 12825 1.192704 12
0.1129 0 0 48.6795 71435 20000 12923 1.1988724 7
0.113 0 0 48.6736 71437 20000 12866 1.19664 12
0.1131 0 0 48.6691 71438 20000 12790 1.1903072 7
0.1132 0 0 48.6626 71440 20000 12717 1.1817792 17
0.1133 0 0 48.6584 71442 20000 12729 1.1866708 13
0.1134 0 0 48.6545 71443 20000 12921 1.1986916 11
0.1135 0 0 48.6558 71445 20000 12864 1.1932984 15
0.1136 0 0 48.6593 71446 20000 12835 1.1894752 23
0.1137 0 0 48.6675 71448 20000 12851 1.1931548 18
0.1138 0 0 48.675 71449 20000 12826 1.1869252 18
0.1139 0 0 48.6815 71451 20000 12856 1.1952188 23
0.114 0 0 48.6865 71452 20000 13028 1.209916 25
0.1141 0 0 48.6876 71453 20000 12824 1.1920676 24
0.1142 0 0 48.6853 71455 20000 12856 1.1963084 27
0.1143 0 0 48.6799 71457 20000 13047 1.2127528 43
0.1144 0 0 48.6723 71458 20000 12924 1.2012256 26
0.1145 0 0 48.6675 71460 20000 13128 1.2167056 47
0.1146 0 0 48.6644 71461 20000 12955 1.2020468 31
0.1147 0 0 48.6612 71463 20000 13017 1.2061268 37
0.1148 0 0 48.6654 71464 20000 13142 1.2169416 44
0.1149 0 0 48.6691 71466 20000 13013 1.204162 57
0.115 0 0 48.6775 71467 20000 13054 1.2112404 53
0.1151 0 0 48.6843 71469 20000 13119 1.2171912 46
0.1152 0 0 48.6899 71471 20000 12957 1.1990496 50
0.1153 0 0 48.6919 71472 20000 13228 1.2264708 53
0.1154 0 0 48.6898 71473 20000 13018 1.2050744 68
0.1155 0 0 48.6827 71475 20000 13110 1.2140668 58
0.1156 0 0 48.6747 71477 20000 13003 1.2045076 57
0.1157 0 0 48.6636 71478 20000 13070 1.2099764 53
0.1158 0 0 48.6574 71480 20000 12936 1.1987524 59
0.1159 0 0 48.6522 71481 20000 12948 1.1992932 42
0.116 0 0 48.6539 71483 20000 13026 1.2099992 33
0.1161 0 0 48.6598 71484 20000 13259 1.2272412 37
0.1162 0 0 48.672 71486 20000 13150 1.219772 40
0.1163 0 0 48.6805 71488 20000 13041 1.2104612 37
0.1164 0 0 48.6905 71489 20000 13061 1.2091772 24
0.1165 0 0 48.6956 71491 20000 13056 1.2124484 37
0.1166 0 0 48.697 71492 20000 13186 1.2207104 40
0.1167 0 0 48.6935 71494 20000 13097 1.2090124 39
0.1168 0 0 48.6879 71495 20000 12908 1.1921648 29
0.1169 0 0 48.6786 71497 20000 13109 1.2105968 30
0.117 0 0 48.6728 71498 20000 12952 1.1951912 47
0.1171 0 0 48.6691 71500 20000 13138 1.2122232 39
0.1172 0 0 48.6669 71501 20000 12982 1.1967176 48
0.1173 0 0 48.6724 71503 20000 13221 1.2156048 43
0.1174 0 0 48.6791 71505 20000 13008 1.1996692 40
0.1175 0 0 48.6889 71506 20000 12989 1.199108 58
0.1176 0 0 48.6958 71508 20000 12934 1.1932796 73
0.1177 0 0 48.7019 71509 20000 13098 1.20624 77
0.1178 0 0 48.7052 71511 20000 12866 1.185386 51
0.1179 0 0 48.7049 71512 20000 12806 1.1793216 95
0.118 0 0 48.7013 71514 20000 12986 1.1916376 98
0.1181 0 0 48.6966 71515 20000 12944 1.1866656 114
0.1182 0 0 48.6897 71517 20000 12828 1.1807576 126
0.1183 0 0 48.6867 71519 20000 12837 1.1791016 152
0.1184 0 0 48.6833 71520 20000 12873 1.1866088 163
0.1185 0 0 48.6848 71522 20000 12825 1.18031 239
0.1186 0 0 48.6865 71523 20000 12929 1.18563 275
0.1187 0 0 48.6968 71525 20000 12816 1.1796852 409
0.1188 0 0 48.7024 71526 20000 13027 1.1960292 526
0.1189 0 0 48.7129 71528 20000 12769 1.1728884 676
0.119 0 0 48.719 71529 20000 12889 1.1826188 934
0.1191 0 0 48.7218 71531 20000 12799 1.1716988 1152
0.1192 0 0 48.7198 71533 20000 12328 1.1312352 1502
0.1193 0 0 48.7159 71534 20000 12655 1.1536416 1742
0.1194 0 0 48.7109 71536 20000 12184 1.1121308 2151
0.1195 0 0 48.7057 71537 20000 11871 1.0832 2675
0.1196 0 0 48.7025 71538 20000 11764 1.0692688 3181
0.1197 0 0 48.6995 71540 20000 11942 1.0834316 3742
0.1198 0 0 48.7006 71541 20000 11438 1.0455912 3988
0.1199 0 0 48.7011 71543 20000 11577 1.0500672 4429
0.12 0 0 48.7058 71544 20000 11550 1.0473564 5080
0.1201 0 0 48.7107 71545 20000 11679 1.0547496 5510
0.1202 0 0 48.7157 71547 20000 11748 1.0642068 5970
0.1203 0 0 48.72 71548 20000 11636 1.0451468 6178
0.1204 0 0 48.7223 71550 20000 11434 1.0376532 5785
0.1205 0 0 48.7233 71551 20000 11818 1.0935392 5195
0.1206 0 0 48.7214 71552 20000 12195 1.1514416 4480
0.1207 0 0 48.7177 71554 20000 12025 1.1396604 3374
0.1208 0 0 48.7109 71555 20000 12142 1.1608 2602
0.1209 0 0 48.7055 71557 20000 12147 1.1590744 1945
0.121 0 0 48.6988 71558 20000 12018 1.150334 1392
0.1211 0 0 48.6925 71559 20000 12172 1.1615704 1064
0.1212 0 0 48.6878 71561 20000 12128 1.159194 811
0.1213 0 0 48.685 71563 20000 11987 1.1442248 638
0.1214 0 0 48.6857 71564 20000 12042 1.1563344 540
0.1215 0 0 48.6868 71566 20000 12175 1.1672676 439
0.1216 0 0 48.6903 71567 20000 12035 1.149068 349
0.1217 0 0 48.6928 71569 20000 12224 1.170098 347
0.1218 0 0 48.6966 71570 20000 12004 1.1450468 257
0.1219 0 0 48.6986 71572 20000 12016 1.1532044 262
0.122 0 0 48.7008 71573 20000 12175 1.166062 218
0.1221 0 0 48.701 71575 20000 12076 1.1522764 205
0.1222 0 0 48.7019 71576 20000 11908 1.1389452 167
0.1223 0 0 48.7006 71578 20000 11711 1.1203188 135
0.1224 0 0 48.701 71579 20000 11871 1.1365012 114
0.1225 0 0 48.6999 71581 20000 11869 1.1345552 113
0.1226 0 0 48.7005 71582 20000 11896 1.136182 99
0.1227 0 0 48.7014 71584 20000 11991 1.1416264 71
0.1228 0 0 48.7033 71585 20000 11921 1.1406592 66
0.1229 0 0 48.7055 71587 20000 11804 1.1233568 61
0.123 0 0 48.7077 71588 20000 11935 1.1374684 67
0.1231 0 0 48.712 71590 20000 11906 1.1351408 54
0.1232 0 0 48.7153 71591 20000 11953 1.1364048 57
0.1233 0 0 48.7205 71593 20000 12036 1.1454896 42
0.1234 0 0 48.7235 71594 20000 11946 1.1379892 38
0.1235 0 0 48.7275 71596 20000 11975 1.1419076 42
0.1236 0 0 48.7286 71597 20000 11952 1.1401436 31
0.1237 0 0 48.7284 71599 20000 11744 1.117624 32
0.1238 0 0 48.7248 71600 20000 11908 1.1360192 33
0.1239 0 0 48.7179 71602 20000 11966 1.1418712 25
0.124 0 0 48.7068 71603 20000 11980 1.141752 24
0.1241 0 0 48.6997 71605 20000 11913 1.1381008 25
0.1242 0 0 48.6881 71606 20000 12067 1.1483864 18
0.1243 0 0 48.6843 71608 20000 11939 1.1357244 17
0.1244 0 0 48.684 71609 20000 11798 1.12471 20
0.1245 0 0 48.6867 71611 20000 11967 1.141774 22
0.1246 0 0 48.694 71612 20000 12058 1.1479576 20
0.1247 0 0 48.7004 71614 20000 11848 1.1292808 18
0.1248 0 0 48.7054 71615 20000 11910 1.1364664 12
0.1249 0 0 48.7077 71617 20000 12052 1.1456632 15
0.125 0 0 48.7079 71618 20000 11888 1.1316408 13
0.1251 0 0 48.7041 71620 20000 11926 1.1364848 13
0.1252 0 0 48.6965 71621 20000 11830 1.1263468 15
0.1253 0 0 48.6865 71623 20000 11847 1.1241684 16
0.1254 0 0 48.6785 71624 20000 12070 1.1475404 16
0.1255 0 0 48.6667 71626 20000 11944 1.1336324 7
0.1256 0 0 48.6627 71627 20000 11968 1.1345112 15
0.1257 0 0 48.66 71629 20000 11937 1.1302884 9
0.1258 0 0 48.6628 71630 20000 12007 1.1433108 15
0.1259 0 0 48.6679 71632 20000 12148 1.15407 6
0.126 0 0 48.6772 71633 20000 11951 1.1363372 10
0.1261 0 0 48.6831 71635 20000 11909 1.1268332 2
0.1262 0 0 48.6884 71636 20000 11857 1.1207428 10
0.1263 0 0 48.6919 71637 20000 12002 1.1357528 9
0.1264 0 0 48.6921 71639 20000 11938 1.132918 12
0.1265 0 0 48.6886 71640 20000 11808 1.1142468 6
0.1266 0 0 48.6818 71642 20000 11981 1.1352788 8
0.1267 0 0 48.6738 71643 20000 12059 1.1440836 10
0.1268 0 0 48.6637 71645 20000 11870 1.1265124 8
0.1269 0 0 48.6612 71646 20000 11876 1.1248352 7
0.127 0 0 48.6595 71648 20000 12037 1.1417672 6
0.1271 0 0 48.6631 71649 20000 11534 1.0899508 11
0.1272 0 0 48.6683 71651 20000 11883 1.1254652 9
0.1273 0 0 48.6765 71652 20000 11936 1.12632 8
0.1274 0 0 48.6818 71654 20000 11949 1.128696 7
0.1275 0 0 48.6869 71656 20000 11894 1.1252724 9
0.1276 0 0 48.6912 71657 20000 12054 1.140096 9
0.1277 0 0 48.6926 71659 20000 11966 1.1336696 9
0.1278 0 0 48.6919 71660 20000 11977 1.1330868 10
0.1279 0 0 48.6893 71661 20000 11878 1.1261584 11
0.128 0 0 48.6858 71663 20000 11915 1.1242976 10
0.1281 0 0 48.6806 71664 20000 11984 1.1318372 10
0.1282 0 0 48.6775 71666 20000 11931 1.1260756 7
0.1283 0 0 48.673 71667 20000 11908 1.1234236 3
0.1284 0 0 48.6729 71669 20000 11991 1.1332456 8
0.1285 0 0 48.6742 71670 20000 11893 1.1191252 9
0.1286 0 0 48.6791 71672 20000 11934 1.124224 6
0.1287 0 0 48.6856 71673 20000 11850 1.1183872 5
0.1288 0 0 48.6924 71674 20000 11954 1.123414 6
0.1289 0 0 48.6986 71676 20000 11756 1.1062436 11
0.129 0 0 48.7029 71677 20000 11937 1.1244876 12
0.1291 0 0 48.7046 71679 20000 11929 1.1246728 8
0.1292 0 0 48.7029 71680 20000 11958 1.1246584 3
0.1293 0 0 48.7009 71682 20000 12007 1.1294304 4
0.1294 0 0 48.6961 71683 20000 11848 1.1169792 4
0.1295 0 0 48.6932 71685 20000 11771 1.1089484 3
0.1296 0 0 48.689 71686 20000 11858 1.1153372 7
0.1297 0 0 48.6889 71688 20000 12023 1.1310368 17
0.1298 0 0 48.6907 71689 20000 12055 1.1319236 7
0.1299 0 0 48.6938 71691 20000 11718 1.1019728 3
0.13 0 0 48.6991 71692 20000 11855 1.1151328 2
0.1301 0 0 48.7041 71694 20000 11860 1.1143772 7
0.1302 0 0 48.7101 71695 20000 12030 1.1306376 6
0.1303 0 0 48.7132 71697 20000 11825 1.1128788 2
0.1304 0 0 48.7151 71698 20000 11844 1.11733 3
0.1305 0 0 48.7141 71699 20000 11802 1.1141984 3
0.1306 0 0 48.7113 71701 20000 11963 1.126762 2
0.1307 0 0 48.7047 71702 20000 11961 1.1259016 9
0.1308 0 0 48.6963 71704 20000 11951 1.1233296 7
0.1309 0 0 48.6834 71705 20000 11980 1.1231108 3
0.131 0 0 48.6728 71706 20000 11914 1.1212216 9
0.1311 0 0 48.6627 71708 20000 12048 1.1283952 6
0.1312 0 0 48.6567 71709 20000 11959 1.1210168 7
0.1313 0 0 48.6581 71711 20000 11921 1.1199904 6
0.1314 0 0 48.6609 71712 20000 11948 1.1228304 4
0.1315 0 0 48.6725 71713 20000 12020 1.129426 1
0.1316 0 0 48.6804 71715 20000 12061 1.1305572 6
0.1317 0 0 48.6906 71716 20000 11990 1.1277544 13
0.1318 0 0 48.698 71718 20000 11964 1.1254236 4
0.1319 0 0 48.7017 71719 20000 11875 1.1126068 6
0.132 0 0 48.7019 71721 20000 12054 1.1311904 2
0.1321 0 0 48.6986 71722 20000 12114 1.134188 4
0.1322 0 0 48.6934 71724 20000 11882 1.1142016 4
0.1323 0 0 48.6859 71725 20000 11797 1.1071012 5
0.1324 0 0 48.6817 71727 20000 11817 1.1099988 1
0.1325 0 0 48.6766 71728 20000 12095 1.13649 1
0.1326 0 0 48.6772 71730 20000 11831 1.1088328 6
0.1327 0 0 48.6796 71731 20000 11897 1.1161696 7
0.1328 0 0 48.6886 71733 20000 12070 1.1319716 3
0.1329 0 0 48.6951 71734 20000 11957 1.1184672 4
0.133 0 0 48.7047 71736 20000 11997 1.1238588 6
0.1331 0 0 48.7111 71737 20000 11990 1.1218576 3
0.1332 0 0 48.7169 71739 20000 11902 1.1156904 6
0.1333 0 0 48.7194 71740 20000 12026 1.126332 4
0.1334 0 0 48.7177 71742 20000 12043 1.1274448 6
0.1335 0 0 48.7104 71743 20000 11921 1.1161916 0
0.1336 0 0 48.7029 71745 20000 12042 1.1295952 8
0.1337 0 0 48.6952 71746 20000 11916 1.1133132 11
0.1338 0 0 48.6895 71747 20000 11737 1.0923036 1
0.1339 0 0 48.6879 71749 20000 11906 1.1083392 2
0.134 0 0 48.6876 71750 20000 11902 1.1125952 6
0.1341 0 0 48.691 71752 20000 11855 1.1030288 2
0.1342 0 0 48.6958 71753 20000 11847 1.1068608 9
0.1343 0 0 48.7003 71755 20000 11774 1.0994996 2
0.1344 0 0 48.7048 71756 20000 11801 1.1023304 5
0.1345 0 0 48.7073 71757 20000 11763 1.0955284 5
0.1346 0 0 48.7097 71759 20000 11697 1.0923208 4
0.1347 0 0 48.7092 71760 20000 11957 1.1180332 5
0.1348 0 0 48.7085 71762 20000 11957 1.1215144 3
0.1349 0 0 48.7055 71763 20000 11799 1.1044836 7
0.135 0 0 48.704 71765 20000 11952 1.1222552 3
