0.11 0 0 91.4235 48658 15000 9493 1.2153552 3
0.1101 0 0 91.4317 48659 15000 9271 1.189502 7
0.1102 0 0 91.4332 48661 15000 9232 1.1803088 6
0.1103 0 0 91.4388 48663 15000 9506 1.2195952 1
0.1104 0 0 91.4377 48664 15000 9312 1.1925272 4
0.1105 0 0 91.441 48666 15000 9284 1.1915044 6
0.1106 0 0 91.4395 48667 15000 9269 1.1884356 5
0.1107 0 0 91.444 48669 15000 9420 1.2102292 4
0.1108 0 0 91.444 48670 15000 9348 1.1940736 3
0.1109 0 0 91.4489 48672 15000 9368 1.1980788 7
0.111 0 0 91.4511 48673 15000 9304 1.1928476 9
0.1111 0 0 91.4563 48675 15000 9335 1.1926012 9
0.1112 0 0 91.4601 48676 15000 9326 1.194762 0
0.1113 0 0 91.4638 48678 15000 9363 1.2004144 7
0.1114 0 0 91.4657 48679 15000 9211 1.1795528 4
0.1115 0 0 91.4646 48681 15000 9384 1.2052312 7
0.1116 0 0 91.4635 48682 15000 9289 1.191638 6
0.1117 0 0 91.459 48684 15000 9298 1.1904772 5
0.1118 0 0 91.4571 48685 15000 9345 1.1932932 6
0.1119 0 0 91.4526 48687 15000 9342 1.194932 2
0.112 0 0 91.4541 48688 15000 9270 1.1864608 6
0.1121 0 0 91.4511 48690 15000 9415 1.2018352 10
0.1122 0 0 91.4571 48692 15000 9361 1.1947384 4
0.1123 0 0 91.4575 48693 15000 9352 1.1989232 6
0.1124 0 0 91.4635 48694 15000 9380 1.1999616 9
0.1125 0 0 91.4638 48696 15000 9169 1.1726296 4
0.1126 0 0 91.4672 48697 15000 9413 1.2002024 7
0.1127 0 0 91.4657 48699 15000 9339 1.1960876 9
0.1128 0 0 91.4683 48701 15000 9317 1.195832 13
0.1129 0 0 91.4676 48702 15000 9248 1.1856768 6
0.113 0 0 91.4694 48704 15000 9301 1.1946292 4
0.1131 0 0 91.4702 48705 15000 9346 1.1985412 7
0.1132 0 0 91.4732 48707 15000 9327 1.1964336 11
0.1133 0 0 91.4762 48708 15000 9236 1.1816048 2
0.1134 0 0 91.4792 48710 15000 9459 1.21075 14
0.1135 0 0 91.4803 48711 15000 9219 1.17873 4
0.1136 0 0 91.4803 48713 15000 9283 1.19077 3
0.1137 0 0 91.4803 48714 15000 9316 1.19206 6
0.1138 0 0 91.4769 48716 15000 9299 1.188372 7
0.1139 0 0 91.4751 48718 15000 9315 1.1928156 10
0.114 0 0 91.4713 48719 15000 9382 1.20346 7
0.1141 0 0 91.4728 48721 15000 9255 1.1869324 9
0.1142 0 0 91.4713 48722 15000 9218 1.181334 10
0.1143 0 0 91.4743 48724 15000 9336 1.1976052 5
0.1144 0 0 91.4721 48725 15000 9260 1.1873848 8
0.1145 0 0 91.4743 48727 15000 9419 1.2098644 10
0.1146 0 0 91.4713 48728 15000 9309 1.192522 7
0.1147 0 0 91.4732 48730 15000 9249 1.1859748 13
0.1148 0 0 91.4694 48732 15000 9319 1.1955536 13
0.1149 0 0 91.4721 48733 15000 9341 1.1954988 18
0.115 0 0 91.4691 48735 15000 9326 1.1967888 20
0.1151 0 0 91.4717 48736 15000 9428 1.2073764 30
0.1152 0 0 91.4687 48738 15000 9260 1.1873916 33
0.1153 0 0 91.4728 48739 15000 9337 1.1956428 58
0.1154 0 0 91.4721 48741 15000 9327 1.191454 63
0.1155 0 0 91.4773 48742 15000 9434 1.2053268 67
0.1156 0 0 91.4773 48744 15000 9502 1.214546 78
0.1157 0 0 91.4825 48745 15000 9129 1.1712896 111
0.1158 0 0 91.4818 48747 15000 9247 1.1854384 121
0.1159 0 0 91.4852 48749 15000 9241 1.1824288 166
0.116 0 0 91.4844 48750 15000 9422 1.2064812 249
0.1161 0 0 91.4855 48752 15000 9315 1.1935496 341
0.1162 0 0 91.4829 48753 15000 9235 1.1828516 465
0.1163 0 0 91.4829 48755 15000 9226 1.1829316 697
0.1164 0 0 91.4822 48756 15000 9352 1.192388 1005
0.1165 0 0 91.4837 48758 15000 9181 1.1719468 1432
0.1166 0 0 91.4882 48759 15000 9467 1.2064356 1940
0.1167 0 0 91.4923 48761 15000 9379 1.1945824 2235
0.1168 0 0 91.4972 48763 15000 9448 1.2002532 2747
0.1169 0 0 91.4998 48764 15000 9368 1.1976624 3342
0.117 0 0 91.502 48766 15000 9364 1.1890672 3685
0.1171 0 0 91.5013 48767 15000 9449 1.196384 3960
0.1172 0 0 91.5031 48769 15000 9437 1.199868 4288
0.1173 0 0 91.5009 48770 15000 9320 1.184666 4500
0.1174 0 0 91.502 48772 15000 9615 1.2086576 5576
0.1175 0 0 91.4994 48773 15000 9566 1.2076708 6504
0.1176 0 0 91.5028 48775 15000 9333 1.1835164 5431
0.1177 0 0 91.5013 48777 15000 9508 1.2049128 3656
0.1178 0 0 91.5035 48778 15000 9289 1.186824 1900
0.1179 0 0 91.5002 48780 15000 9371 1.2000056 1078
0.118 0 0 91.5024 48781 15000 9316 1.1952732 654
0.1181 0 0 91.4983 48783 15000 9343 1.201012 505
0.1182 0 0 91.5009 48784 15000 9384 1.2037624 372
0.1183 0 0 91.4983 48786 15000 9421 1.2082672 329
0.1184 0 0 91.5016 48787 15000 9397 1.2030544 287
0.1185 0 0 91.4998 48789 15000 9336 1.1987612 217
0.1186 0 0 91.5043 48790 15000 9167 1.1729104 206
0.1187 0 0 91.5035 48792 15000 9409 1.205378 180
0.1188 0 0 91.5076 48794 15000 9378 1.20144 168
0.1189 0 0 91.5065 48795 15000 9229 1.1830444 120
0.119 0 0 91.5076 48797 15000 9280 1.1898432 112
0.1191 0 0 91.5054 48798 15000 9424 1.2050048 107
0.1192 0 0 91.505 48800 15000 9394 1.2059888 89
0.1193 0 0 91.5016 48801 15000 9343 1.2021768 86
0.1194 0 0 91.5028 48803 15000 9395 1.2052132 79
0.1195 0 0 91.5031 48804 15000 9390 1.2038144 82
0.1196 0 0 91.505 48806 15000 9452 1.2076728 63
0.1197 0 0 91.505 48807 15000 9252 1.186822 55
0.1198 0 0 91.5031 48809 15000 9275 1.1884056 52
0.1199 0 0 91.5016 48810 15000 9197 1.1782308 34
0.12 0 0 91.4968 48812 15000 9325 1.1943924 40
0.1201 0 0 91.4949 48813 15000 9358 1.2 44
0.1202 0 0 91.4893 48815 15000 9367 1.2007796 32
0.1203 0 0 91.4893 48817 15000 9410 1.2086384 30
0.1204 0 0 91.4844 48818 15000 9150 1.1767748 13
0.1205 0 0 91.4859 48820 15000 9299 1.1909608 25
0.1206 0 0 91.4825 48821 15000 9326 1.1993004 22
0.1207 0 0 91.4874 48823 15000 9353 1.2006692 24
0.1208 0 0 91.487 48824 15000 9305 1.1959812 22
0.1209 0 0 91.4904 48826 15000 9275 1.1906024 24
0.121 0 0 91.4874 48827 15000 9376 1.2039924 19
0.1211 0 0 91.4878 48829 15000 9328 1.1996488 15
0.1212 0 0 91.4833 48830 15000 9279 1.19216 16
0.1213 0 0 91.4825 48832 15000 9293 1.1913536 15
0.1214 0 0 91.4792 48833 15000 9267 1.1928388 19
0.1215 0 0 91.4788 48835 15000 9367 1.20399 18
0.1216 0 0 91.4788 48836 15000 9360 1.2020836 22
0.1217 0 0 91.4773 48838 15000 9413 1.210176 17
0.1218 0 0 91.4792 48839 15000 9386 1.199864 18
0.1219 0 0 91.4781 48841 15000 9376 1.1996188 10
0.122 0 0 91.4825 48842 15000 9413 1.2085644 8
0.1221 0 0 91.4829 48844 15000 9260 1.1900248 16
0.1222 0 0 91.4874 48845 15000 9354 1.1961668 10
0.1223 0 0 91.4863 48847 15000 9230 1.1902704 7
0.1224 0 0 91.4889 48848 15000 9375 1.2008832 13
0.1225 0 0 91.4852 48850 15000 9380 1.205288 15
0.1226 0 0 91.4859 48851 15000 9245 1.1889828 19
0.1227 0 0 91.4803 48853 15000 9342 1.2006916 14
0.1228 0 0 91.4814 48854 15000 9327 1.1954248 9
0.1229 0 0 91.4784 48856 15000 9203 1.1858708 13
0.123 0 0 91.4792 48857 15000 9281 1.1918484 14
0.1231 0 0 91.4799 48859 15000 9214 1.1846724 11
0.1232 0 0 91.4825 48860 15000 9344 1.1933992 8
0.1233 0 0 91.4863 48862 15000 9238 1.184674 9
0.1234 0 0 91.4882 48863 15000 9244 1.1832348 10
0.1235 0 0 91.4912 48865 15000 9284 1.1931604 11
0.1236 0 0 91.4908 48866 15000 9419 1.2096204 13
0.1237 0 0 91.4923 48868 15000 9333 1.197334 11
0.1238 0 0 91.4908 48870 15000 9392 1.209334 11
0.1239 0 0 91.4923 48871 15000 9484 1.2210556 21
0.124 0 0 91.4893 48873 15000 9217 1.1811536 8
0.1241 0 0 91.4908 48874 15000 9357 1.2015328 11
0.1242 0 0 91.487 48876 15000 9223 1.18723 5
0.1243 0 0 91.4897 48877 15000 9363 1.2023308 4
0.1244 0 0 91.487 48879 15000 9386 1.200538 15
0.1245 0 0 91.4915 48880 15000 9215 1.1873884 5
0.1246 0 0 91.4908 48882 15000 9155 1.1755164 17
0.1247 0 0 91.4964 48883 15000 9383 1.2055424 8
0.1248 0 0 91.496 48885 15000 9407 1.2075116 12
0.1249 0 0 91.5009 48887 15000 9251 1.1914252 11
0.125 0 0 91.4998 48888 15000 9337 1.2014616 10
0.1251 0 0 91.5028 48890 15000 9286 1.1945252 11
0.1252 0 0 91.4994 48891 15000 9311 1.1970792 8
0.1253 0 0 91.5005 48893 15000 9289 1.1964172 12
0.1254 0 0 91.4972 48894 15000 9390 1.206326 6
0.1255 0 0 91.4968 48896 15000 9341 1.2019992 11
0.1256 0 0 91.4915 48897 15000 9270 1.1914848 9
0.1257 0 0 91.4915 48899 15000 9422 1.2057964 12
0.1258 0 0 91.4897 48901 15000 9320 1.1980728 10
0.1259 0 0 91.4923 48902 15000 9374 1.20693 10
0.126 0 0 91.493 48904 15000 9261 1.1899864 9
0.1261 0 0 91.4964 48905 15000 9401 1.2048724 8
0.1262 0 0 91.4994 48907 15000 9295 1.1954824 8
0.1263 0 0 91.5009 48908 15000 9267 1.1929996 7
0.1264 0 0 91.5031 48910 15000 9380 1.2019112 10
0.1265 0 0 91.5024 48911 15000 9440 1.2108512 8
0.1266 0 0 91.5039 48913 15000 9325 1.196962 4
0.1267 0 0 91.5013 48914 15000 9287 1.1939664 9
0.1268 0 0 91.505 48916 15000 9243 1.1906004 6
0.1269 0 0 91.5035 48917 15000 9246 1.1865492 9
0.127 0 0 91.5058 48919 15000 9298 1.1954164 5
0.1271 0 0 91.502 48920 15000 9225 1.1880268 10
0.1272 0 0 91.5024 48922 15000 9227 1.1864948 8
0.1273 0 0 91.4964 48923 15000 9205 1.1816208 9
0.1274 0 0 91.4983 48925 15000 9391 1.2050284 12
0.1275 0 0 91.4942 48927 15000 9307 1.1964288 11
0.1276 0 0 91.4972 48928 15000 9287 1.19214 12
0.1277 0 0 91.4942 48930 15000 9516 1.2247924 3
0.1278 0 0 91.4949 48931 15000 9435 1.2159844 4
0.1279 0 0 91.4893 48933 15000 9321 1.2001612 6
0.128 0 0 91.4893 48934 15000 9132 1.1749908 11
0.1281 0 0 91.4848 48936 15000 9406 1.2107064 6
0.1282 0 0 91.4874 48937 15000 9270 1.1914172 10
0.1283 0 0 91.487 48939 15000 9345 1.2033884 4
0.1284 0 0 91.4904 48941 15000 9206 1.1818896 7
0.1285 0 0 91.4904 48942 15000 9352 1.20667 3
0.1286 0 0 91.4912 48944 15000 9363 1.2026136 8
0.1287 0 0 91.4904 48945 15000 9361 1.1978116 10
0.1288 0 0 91.4893 48947 15000 9344 1.2029568 5
0.1289 0 0 91.4893 48948 15000 9282 1.1922048 3
0.129 0 0 91.4885 48950 15000 9438 1.2121572 6
0.1291 0 0 91.49 48951 15000 9280 1.1961228 8
0.1292 0 0 91.4897 48953 15000 9312 1.1964052 4
0.1293 0 0 91.4942 48954 15000 9379 1.2062396 7
0.1294 0 0 91.4942 48956 15000 9242 1.1857816 4
0.1295 0 0 91.4979 48957 15000 9275 1.192222 5
0.1296 0 0 91.4949 48959 15000 9200 1.1813628 6
0.1297 0 0 91.4945 48960 15000 9324 1.2021052 6
0.1298 0 0 91.487 48962 15000 9349 1.2001592 7
0.1299 0 0 91.4878 48963 15000 9264 1.19041 7
0.13 0 0 91.484 48965 15000 9328 1.2002956 4
