0.105 0 0 50.3909 69068 15000 8839 1.4157572 9
0.1051 0 0 50.4006 69070 15000 8771 1.4061988 3
0.1052 0 0 50.4067 69072 15000 8991 1.4382324 5
0.1053 0 0 50.4118 69074 15000 8927 1.4305756 3
0.1054 0 0 50.4136 69075 15000 8868 1.4219464 7
0.1055 0 0 50.4181 69077 15000 8807 1.4120576 5
0.1056 0 0 50.4216 69079 15000 8855 1.4151272 8
0.1057 0 0 50.4286 69080 15000 8826 1.4161044 3
0.1058 0 0 50.4352 69082 15000 8895 1.4225204 7
0.1059 0 0 50.4452 69084 15000 8862 1.4196488 4
0.106 0 0 50.4558 69086 15000 8810 1.4062324 5
0.1061 0 0 50.4675 69088 15000 9128 1.459628 4
0.1062 0 0 50.4768 69089 15000 8919 1.4266996 7
0.1063 0 0 50.4832 69091 15000 8997 1.440634 2
0.1064 0 0 50.4901 69093 15000 9015 1.4479604 3
0.1065 0 0 50.4937 69095 15000 8882 1.423282 2
0.1066 0 0 50.4999 69096 15000 8922 1.4280204 9
0.1067 0 0 50.5041 69098 15000 8904 1.427588 4
0.1068 0 0 50.5114 69100 15000 8825 1.4116888 9
0.1069 0 0 50.5189 69101 15000 8732 1.3966792 6
0.107 0 0 50.5263 69103 15000 8804 1.4091876 5
0.1071 0 0 50.5346 69105 15000 9005 1.4403844 7
0.1072 0 0 50.5428 69107 15000 8968 1.4398016 5
0.1073 0 0 50.5505 69109 15000 8796 1.4080144 5
0.1074 0 0 50.5553 69110 15000 8669 1.3879404 5
0.1075 0 0 50.5577 69112 15000 8951 1.433508 1
0.1076 0 0 50.5562 69114 15000 8971 1.439822 5
0.1077 0 0 50.5544 69116 15000 8799 1.4102636 3
0.1078 0 0 50.5518 69117 15000 9013 1.4423948 2
0.1079 0 0 50.5531 69119 15000 8754 1.4051216 2
0.108 0 0 50.5564 69121 15000 8961 1.438 6
0.1081 0 0 50.5633 69123 15000 8947 1.4370016 7
0.1082 0 0 50.5714 69124 15000 8863 1.4203672 3
0.1083 0 0 50.5787 69126 15000 8910 1.4289812 5
0.1084 0 0 50.5864 69128 15000 8987 1.440176 4
0.1085 0 0 50.5913 69130 15000 8851 1.4171192 5
0.1086 0 0 50.5937 69131 15000 8754 1.40835 8
0.1087 0 0 50.5921 69133 15000 8854 1.4172612 4
0.1088 0 0 50.5907 69135 15000 8764 1.4077428 9
0.1089 0 0 50.5873 69137 15000 8947 1.4360644 4
0.109 0 0 50.5874 69138 15000 8800 1.4068084 3
0.1091 0 0 50.5886 69140 15000 8878 1.42078 9
0.1092 0 0 50.5941 69142 15000 8891 1.424616 6
0.1093 0 0 50.604 69144 15000 8946 1.4346264 6
0.1094 0 0 50.611 69145 15000 8840 1.4163952 6
0.1095 0 0 50.6196 69147 15000 8960 1.4368828 5
0.1096 0 0 50.6253 69149 15000 8728 1.3976816 8
0.1097 0 0 50.6264 69151 15000 8989 1.4404756 3
0.1098 0 0 50.623 69152 15000 8910 1.4243072 3
0.1099 0 0 50.6182 69154 15000 8838 1.4139204 6
0.11 0 0 50.6116 69156 15000 8939 1.4321176 12
0.1101 0 0 50.6069 69158 15000 8848 1.4193264 8
0.1102 0 0 50.6058 69160 15000 8783 1.4091172 5
0.1103 0 0 50.6073 69161 15000 8889 1.4259324 2
0.1104 0 0 50.6163 69163 15000 8872 1.422624 6
0.1105 0 0 50.6238 69165 15000 8991 1.4432752 3
0.1106 0 0 50.6328 69167 15000 8860 1.4213184 7
0.1107 0 0 50.6391 69168 15000 8980 1.440216 5
0.1108 0 0 50.6439 69170 15000 9006 1.440936 2
0.1109 0 0 50.6448 69172 15000 8859 1.4182996 7
0.111 0 0 50.6425 69174 15000 8797 1.4056864 9
0.1111 0 0 50.6407 69176 15000 8889 1.426216 5
0.1112 0 0 50.6396 69177 15000 8801 1.4082944 5
0.1113 0 0 50.6413 69179 15000 8894 1.4299628 3
0.1114 0 0 50.6428 69181 15000 8787 1.4113796 5
0.1115 0 0 50.6484 69182 15000 9047 1.4551864 4
0.1116 0 0 50.6537 69184 15000 8887 1.4219072 10
0.1117 0 0 50.6614 69186 15000 8970 1.435458 7
0.1118 0 0 50.6666 69188 15000 8920 1.4221428 11
0.1119 0 0 50.6715 69189 15000 8933 1.4256184 9
0.112 0 0 50.6726 69191 15000 8994 1.437604 11
0.1121 0 0 50.6708 69193 15000 8865 1.4180912 7
0.1122 0 0 50.6681 69195 15000 9077 1.451422 10
0.1123 0 0 50.6657 69196 15000 8903 1.4265532 8
0.1124 0 0 50.6658 69198 15000 8979 1.4423616 6
0.1125 0 0 50.6659 69200 15000 9016 1.4452448 11
0.1126 0 0 50.6696 69202 15000 8953 1.4331228 10
0.1127 0 0 50.6725 69203 15000 8871 1.419616 6
0.1128 0 0 50.6778 69205 15000 8815 1.4124248 10
0.1129 0 0 50.6812 69207 15000 8929 1.4283956 12
0.113 0 0 50.6854 69209 15000 8956 1.433548 9
0.1131 0 0 50.6872 69210 15000 8908 1.4253448 13
0.1132 0 0 50.6881 69212 15000 8871 1.4166032 8
0.1133 0 0 50.6879 69214 15000 8903 1.4249088 6
0.1134 0 0 50.6873 69215 15000 9092 1.4606472 19
0.1135 0 0 50.6874 69217 15000 8814 1.410584 11
0.1136 0 0 50.6871 69219 15000 8905 1.4269348 11
0.1137 0 0 50.6879 69221 15000 8794 1.4085684 14
0.1138 0 0 50.6871 69223 15000 8898 1.4195916 14
0.1139 0 0 50.6899 69224 15000 9049 1.4491664 22
0.114 0 0 50.6911 69226 15000 8790 1.4038532 20
0.1141 0 0 50.6926 69228 15000 8926 1.4310212 25
0.1142 0 0 50.6919 69229 15000 8827 1.4135216 19
0.1143 0 0 50.6922 69231 15000 8911 1.4272832 28
0.1144 0 0 50.6915 69233 15000 8945 1.42772 22
0.1145 0 0 50.6922 69234 15000 8976 1.4333688 24
0.1146 0 0 50.6939 69236 15000 8875 1.4160144 32
0.1147 0 0 50.6964 69238 15000 8959 1.4304276 25
0.1148 0 0 50.6987 69240 15000 9006 1.4381028 32
0.1149 0 0 50.699 69241 15000 8956 1.4285484 33
0.115 0 0 50.6999 69243 15000 8963 1.4348 46
0.1151 0 0 50.6989 69245 15000 8916 1.421174 44
0.1152 0 0 50.7004 69247 15000 8875 1.4226952 57
0.1153 0 0 50.7003 69248 15000 8933 1.4274108 46
0.1154 0 0 50.7027 69250 15000 8990 1.4348772 49
0.1155 0 0 50.7039 69252 15000 8951 1.4273712 28
0.1156 0 0 50.7068 69254 15000 8993 1.435424 33
0.1157 0 0 50.708 69255 15000 8927 1.4254324 42
0.1158 0 0 50.7085 69257 15000 8852 1.4135916 32
0.1159 0 0 50.7088 69259 15000 8974 1.4356852 28
0.116 0 0 50.7092 69260 15000 9010 1.4355652 28
0.1161 0 0 50.7101 69262 15000 8991 1.4349608 21
0.1162 0 0 50.7094 69264 15000 9060 1.4486412 28
0.1163 0 0 50.7087 69266 15000 8816 1.411918 23
0.1164 0 0 50.7062 69268 15000 8890 1.4162736 29
0.1165 0 0 50.7071 69269 15000 8926 1.4296828 28
0.1166 0 0 50.7075 69271 15000 8895 1.4196528 30
0.1167 0 0 50.7094 69273 15000 8879 1.4183008 28
0.1168 0 0 50.7108 69275 15000 8835 1.4113768 26
0.1169 0 0 50.7117 69276 15000 8964 1.4338732 24
0.117 0 0 50.712 69278 15000 8984 1.4349612 24
0.1171 0 0 50.7102 69280 15000 8939 1.4276156 33
0.1172 0 0 50.7104 69282 15000 8907 1.4224824 29
0.1173 0 0 50.7093 69284 15000 9032 1.4428812 33
0.1174 0 0 50.7108 69285 15000 8811 1.4112616 38
0.1175 0 0 50.7104 69287 15000 8953 1.4283448 46
0.1176 0 0 50.7099 69289 15000 8964 1.4338064 41
0.1177 0 0 50.7093 69291 15000 8903 1.421834 41
0.1178 0 0 50.7103 69292 15000 8891 1.4273408 55
0.1179 0 0 50.7119 69294 15000 8966 1.4302444 73
0.118 0 0 50.7119 69296 15000 8762 1.4025164 79
0.1181 0 0 50.7143 69298 15000 8987 1.4377172 95
0.1182 0 0 50.715 69300 15000 8923 1.4232048 120
0.1183 0 0 50.7182 69301 15000 8886 1.4183516 147
0.1184 0 0 50.719 69303 15000 8933 1.4281072 178
0.1185 0 0 50.7184 69305 15000 8914 1.4210288 231
0.1186 0 0 50.7161 69307 15000 8953 1.4299424 279
0.1187 0 0 50.7134 69308 15000 9018 1.4355988 331
0.1188 0 0 50.7105 69310 15000 8882 1.4151832 477
0.1189 0 0 50.7057 69312 15000 8817 1.4067568 640
0.119 0 0 50.7055 69314 15000 9018 1.4374828 769
0.1191 0 0 50.705 69315 15000 9040 1.4380624 986
0.1192 0 0 50.7076 69317 15000 8978 1.4290732 1292
0.1193 0 0 50.7086 69319 15000 8921 1.4233748 1449
0.1194 0 0 50.7092 69321 15000 9082 1.4399924 1829
0.1195 0 0 50.7083 69323 15000 8992 1.43334 2123
0.1196 0 0 50.7073 69324 15000 8984 1.4286984 2498
0.1197 0 0 50.7074 69326 15000 9040 1.4361472 2754
0.1198 0 0 50.7067 69328 15000 8949 1.4268652 3048
0.1199 0 0 50.7097 69330 15000 9096 1.43886 3494
0.12 0 0 50.7114 69331 15000 8976 1.4236044 3911
0.1201 0 0 50.7145 69333 15000 9074 1.437364 4326
0.1202 0 0 50.7156 69335 15000 9102 1.4410464 4587
0.1203 0 0 50.7173 69337 15000 8888 1.4077728 4493
0.1204 0 0 50.7182 69339 15000 9053 1.4327744 4309
0.1205 0 0 50.7198 69340 15000 9075 1.4449692 3709
0.1206 0 0 50.7215 69342 15000 8940 1.4259552 2769
0.1207 0 0 50.7214 69344 15000 8869 1.4111468 2080
0.1208 0 0 50.7224 69346 15000 8957 1.4310048 1446
0.1209 0 0 50.721 69347 15000 8922 1.4237076 1094
0.121 0 0 50.72 69349 15000 8914 1.4242628 875
0.1211 0 0 50.7169 69351 15000 8964 1.43643 604
0.1212 0 0 50.716 69353 15000 8873 1.41897 525
0.1213 0 0 50.7152 69355 15000 8947 1.4289788 418
0.1214 0 0 50.7165 69356 15000 8935 1.4271396 346
0.1215 0 0 50.7194 69358 15000 8923 1.4215564 283
0.1216 0 0 50.7228 69360 15000 8900 1.4220076 236
0.1217 0 0 50.7264 69362 15000 8942 1.426858 207
0.1218 0 0 50.7269 69363 15000 8906 1.421812 171
0.1219 0 0 50.7287 69365 15000 8977 1.437 123
0.122 0 0 50.7278 69367 15000 8842 1.4124944 150
0.1221 0 0 50.7271 69368 15000 9004 1.437406 118
0.1222 0 0 50.7244 69370 15000 8874 1.4192128 114
0.1223 0 0 50.7225 69372 15000 8865 1.4235148 89
0.1224 0 0 50.7207 69374 15000 8900 1.4198716 81
0.1225 0 0 50.7209 69375 15000 8809 1.4114772 77
0.1226 0 0 50.7222 69377 15000 8870 1.4157784 62
0.1227 0 0 50.7232 69379 15000 8990 1.4346856 45
0.1228 0 0 50.7251 69380 15000 8937 1.428986 58
0.1229 0 0 50.7253 69382 15000 9013 1.4417656 51
0.123 0 0 50.7244 69384 15000 8964 1.4334568 31
0.1231 0 0 50.7209 69386 15000 8784 1.4075392 43
0.1232 0 0 50.7186 69387 15000 8986 1.437452 30
0.1233 0 0 50.7145 69389 15000 8869 1.4169848 26
0.1234 0 0 50.7135 69391 15000 8946 1.4268524 21
0.1235 0 0 50.7112 69393 15000 8936 1.4265704 26
0.1236 0 0 50.7128 69394 15000 8831 1.4110772 22
0.1237 0 0 50.7143 69396 15000 9017 1.4428364 17
0.1238 0 0 50.7182 69398 15000 8908 1.4263924 11
0.1239 0 0 50.7217 69399 15000 8873 1.417344 16
0.124 0 0 50.7245 69401 15000 8934 1.4264688 20
0.1241 0 0 50.7256 69403 15000 8834 1.4156712 13
0.1242 0 0 50.7236 69405 15000 8844 1.414452 11
0.1243 0 0 50.7225 69406 15000 8984 1.434138 14
0.1244 0 0 50.7193 69408 15000 8922 1.427484 16
0.1245 0 0 50.7177 69410 15000 8957 1.4336388 10
0.1246 0 0 50.7149 69412 15000 9013 1.4410744 6
0.1247 0 0 50.7156 69414 15000 8829 1.4144084 10
0.1248 0 0 50.7161 69415 15000 9003 1.4444576 8
0.1249 0 0 50.7175 69417 15000 8743 1.4010828 10
0.125 0 0 50.7192 69419 15000 8800 1.409442 8
0.1251 0 0 50.7195 69421 15000 9004 1.4413096 13
0.1252 0 0 50.7229 69422 15000 8983 1.4370096 10
0.1253 0 0 50.7248 69424 15000 9052 1.4487664 10
0.1254 0 0 50.726 69426 15000 8805 1.4111264 6
0.1255 0 0 50.7241 69428 15000 8849 1.4176024 13
0.1256 0 0 50.7232 69429 15000 8958 1.4354604 11
0.1257 0 0 50.7213 69431 15000 8835 1.415544 8
0.1258 0 0 50.7209 69433 15000 8850 1.4171592 6
0.1259 0 0 50.7201 69435 15000 8848 1.4160868 7
0.126 0 0 50.7189 69436 15000 8926 1.4283912 7
0.1261 0 0 50.7201 69438 15000 8852 1.4177488 9
0.1262 0 0 50.7209 69440 15000 8927 1.4285012 4
0.1263 0 0 50.7232 69442 15000 8873 1.419592 13
0.1264 0 0 50.7234 69444 15000 8980 1.4390648 8
0.1265 0 0 50.7245 69445 15000 8917 1.4262076 4
0.1266 0 0 50.7237 69447 15000 8878 1.4212912 5
0.1267 0 0 50.7219 69449 15000 9015 1.4436952 4
0.1268 0 0 50.7205 69451 15000 8874 1.4194828 6
0.1269 0 0 50.719 69452 15000 8895 1.4282428 5
0.127 0 0 50.7184 69454 15000 8917 1.4287276 6
0.1271 0 0 50.7166 69456 15000 8816 1.4086708 3
0.1272 0 0 50.7148 69458 15000 8913 1.4252208 6
0.1273 0 0 50.7109 69459 15000 8877 1.42017 3
0.1274 0 0 50.7109 69461 15000 8965 1.4331712 3
0.1275 0 0 50.7099 69463 15000 8911 1.4252992 8
0.1276 0 0 50.7116 69465 15000 8980 1.4392644 4
0.1277 0 0 50.7116 69467 15000 8910 1.4248048 5
0.1278 0 0 50.7108 69468 15000 8696 1.3946804 3
0.1279 0 0 50.7096 69470 15000 8923 1.426892 3
0.128 0 0 50.7074 69472 15000 8922 1.4278096 5
0.1281 0 0 50.7072 69474 15000 8911 1.4255396 3
0.1282 0 0 50.7059 69475 15000 8990 1.4455468 1
0.1283 0 0 50.7084 69477 15000 8853 1.41936 1
0.1284 0 0 50.7097 69479 15000 8991 1.439798 4
0.1285 0 0 50.7136 69481 15000 8910 1.4286696 6
0.1286 0 0 50.7155 69482 15000 8818 1.4135548 7
0.1287 0 0 50.7168 69484 15000 8861 1.4201504 4
0.1288 0 0 50.7156 69486 15000 8975 1.4354176 8
0.1289 0 0 50.7126 69487 15000 8887 1.4262296 2
0.129 0 0 50.708 69489 15000 8854 1.4201248 5
0.1291 0 0 50.7022 69491 15000 8946 1.4331696 4
0.1292 0 0 50.6987 69493 15000 8706 1.3960828 4
0.1293 0 0 50.6956 69494 15000 8941 1.4322184 3
0.1294 0 0 50.6974 69496 15000 8993 1.4456216 1
0.1295 0 0 50.6989 69498 15000 8967 1.4369396 7
0.1296 0 0 50.7033 69500 15000 8847 1.4222092 1
0.1297 0 0 50.7056 69501 15000 8933 1.435054 4
0.1298 0 0 50.7077 69503 15000 8903 1.4255908 10
0.1299 0 0 50.7075 69505 15000 8894 1.4252608 4
0.13 0 0 50.7067 69507 15000 8815 1.4152232 5
0.1301 0 0 50.7045 69508 15000 8924 1.42896 8
0.1302 0 0 50.7019 69510 15000 8976 1.4353268 5
0.1303 0 0 50.6982 69512 15000 8882 1.4220388 7
0.1304 0 0 50.692 69514 15000 8908 1.4252872 6
0.1305 0 0 50.6906 69515 15000 8972 1.4341704 4
0.1306 0 0 50.6893 69517 15000 8899 1.4229208 3
0.1307 0 0 50.6945 69519 15000 8938 1.4304064 6
0.1308 0 0 50.6996 69521 15000 8811 1.4117844 3
0.1309 0 0 50.7077 69522 15000 8843 1.414496 5
0.131 0 0 50.714 69524 15000 8876 1.4209776 3
0.1311 0 0 50.7187 69526 15000 9029 1.4442164 7
0.1312 0 0 50.7193 69528 15000 9078 1.4555572 5
0.1313 0 0 50.715 69529 15000 8861 1.4233344 6
0.1314 0 0 50.7092 69531 15000 8928 1.4332572 1
0.1315 0 0 50.7008 69533 15000 8900 1.4279588 4
0.1316 0 0 50.6953 69535 15000 8943 1.43186 1
0.1317 0 0 50.69 69536 15000 8947 1.4328264 9
0.1318 0 0 50.6918 69538 15000 8886 1.4263428 4
0.1319 0 0 50.6947 69540 15000 8840 1.4111612 8
0.132 0 0 50.7016 69542 15000 8985 1.4382652 7
0.1321 0 0 50.7069 69543 15000 8787 1.406818 6
0.1322 0 0 50.7099 69545 15000 8866 1.4237484 4
0.1323 0 0 50.7085 69547 15000 9018 1.444376 5
0.1324 0 0 50.7026 69549 15000 8989 1.4420692 6
0.1325 0 0 50.6957 69551 15000 9047 1.449208 7
0.1326 0 0 50.6858 69552 15000 8907 1.429552 4
0.1327 0 0 50.682 69554 15000 8909 1.4270008 3
0.1328 0 0 50.6812 69556 15000 8927 1.430624 3
0.1329 0 0 50.6895 69558 15000 8969 1.4387096 4
0.133 0 0 50.7025 69559 15000 9002 1.44119 6
0.1331 0 0 50.7122 69561 15000 8902 1.428412 3
0.1332 0 0 50.7186 69563 15000 8810 1.4150148 2
0.1333 0 0 50.7209 69565 15000 8888 1.4185064 6
0.1334 0 0 50.7168 69567 15000 8829 1.4121584 4
0.1335 0 0 50.7062 69568 15000 8937 1.4335448 4
0.1336 0 0 50.692 69570 15000 8952 1.4334488 5
0.1337 0 0 50.6782 69572 15000 8828 1.4125528 2
0.1338 0 0 50.6686 69573 15000 8950 1.4303584 4
0.1339 0 0 50.664 69575 15000 8918 1.423674 3
0.134 0 0 50.6692 69577 15000 8797 1.4099152 6
0.1341 0 0 50.6817 69579 15000 8878 1.424768 5
0.1342 0 0 50.697 69581 15000 9000 1.44079 6
0.1343 0 0 50.709 69582 15000 8986 1.4384144 4
0.1344 0 0 50.716 69584 15000 8970 1.4377216 2
0.1345 0 0 50.7162 69586 15000 8953 1.4340212 7
0.1346 0 0 50.7082 69588 15000 8755 1.4064792 3
0.1347 0 0 50.6948 69590 15000 8821 1.4123292 7
0.1348 0 0 50.6833 69591 15000 8989 1.4403132 2
0.1349 0 0 50.6742 69593 15000 8998 1.4431816 2
0.135 0 0 50.676 69595 15000 8724 1.4009396 3
