0.12 0 0 164.161 25916 20000 14514 1.3805068 10
0.1201 0 0 164.175 25918 20000 14517 1.386208 13
0.1202 0 0 164.176 25920 20000 14621 1.392558 16
0.1203 0 0 164.191 25922 20000 14523 1.381758 20
0.1204 0 0 164.188 25923 20000 14539 1.3849676 17
0.1205 0 0 164.198 25925 20000 14497 1.3829744 10
0.1206 0 0 164.194 25927 20000 14673 1.39853 20
0.1207 0 0 164.199 25928 20000 14708 1.4026192 19
0.1208 0 0 164.195 25930 20000 14585 1.3884812 7
0.1209 0 0 164.198 25932 20000 14449 1.3779352 18
0.121 0 0 164.202 25934 20000 14502 1.3815568 20
0.1211 0 0 164.202 25935 20000 14513 1.3802548 13
0.1212 0 0 164.212 25937 20000 14609 1.3927424 20
0.1213 0 0 164.21 25939 20000 14590 1.388174 18
0.1214 0 0 164.221 25941 20000 14575 1.3895968 26
0.1215 0 0 164.217 25942 20000 14564 1.3920996 17
0.1216 0 0 164.225 25944 20000 14640 1.393732 12
0.1217 0 0 164.217 25946 20000 14596 1.3909572 17
0.1218 0 0 164.221 25947 20000 14504 1.383966 22
0.1219 0 0 164.21 25949 20000 14430 1.3761464 22
0.122 0 0 164.215 25951 20000 14634 1.3941608 14
0.1221 0 0 164.209 25952 20000 14860 1.4145748 15
0.1222 0 0 164.215 25954 20000 14669 1.3968072 16
0.1223 0 0 164.215 25956 20000 14469 1.381084 17
0.1224 0 0 164.224 25958 20000 14560 1.3885576 15
0.1225 0 0 164.231 25959 20000 14425 1.3773336 16
0.1226 0 0 164.236 25961 20000 14662 1.3963144 16
0.1227 0 0 164.243 25963 20000 14551 1.3843392 15
0.1228 0 0 164.243 25964 20000 14712 1.398816 23
0.1229 0 0 164.251 25966 20000 14588 1.3874344 14
0.123 0 0 164.244 25968 20000 14479 1.3776576 20
0.1231 0 0 164.247 25970 20000 14481 1.3803432 28
0.1232 0 0 164.234 25971 20000 14584 1.3879844 12
0.1233 0 0 164.235 25973 20000 14562 1.3906856 16
0.1234 0 0 164.225 25975 20000 14511 1.3853352 16
0.1235 0 0 164.231 25976 20000 14590 1.3877396 15
0.1236 0 0 164.225 25978 20000 14640 1.3952208 26
0.1237 0 0 164.231 25980 20000 14532 1.3845728 14
0.1238 0 0 164.232 25981 20000 14513 1.3850892 19
0.1239 0 0 164.237 25983 20000 14532 1.3854116 26
0.124 0 0 164.241 25985 20000 14505 1.3821168 25
0.1241 0 0 164.243 25986 20000 14514 1.3844088 20
0.1242 0 0 164.247 25988 20000 14681 1.4023712 21
0.1243 0 0 164.241 25990 20000 14531 1.3829356 19
0.1244 0 0 164.245 25992 20000 14635 1.3959144 21
0.1245 0 0 164.234 25993 20000 14440 1.3800876 15
0.1246 0 0 164.239 25995 20000 14436 1.375056 24
0.1247 0 0 164.231 25997 20000 14639 1.398396 26
0.1248 0 0 164.241 25999 20000 14533 1.3878268 26
0.1249 0 0 164.242 26000 20000 14636 1.3966728 19
0.125 0 0 164.252 26002 20000 14670 1.4034892 27
0.1251 0 0 164.257 26004 20000 14506 1.3844532 18
0.1252 0 0 164.259 26006 20000 14678 1.3991892 21
0.1253 0 0 164.264 26007 20000 14512 1.383616 23
0.1254 0 0 164.259 26009 20000 14452 1.379168 16
0.1255 0 0 164.262 26011 20000 14740 1.4064888 30
0.1256 0 0 164.253 26013 20000 14530 1.3875996 24
0.1257 0 0 164.257 26014 20000 14545 1.386468 31
0.1258 0 0 164.248 26016 20000 14656 1.393334 33
0.1259 0 0 164.257 26018 20000 14388 1.3742484 25
0.126 0 0 164.253 26019 20000 14844 1.4117216 37
0.1261 0 0 164.263 26021 20000 14547 1.3875148 40
0.1262 0 0 164.26 26023 20000 14607 1.390556 58
0.1263 0 0 164.268 26024 20000 14421 1.3774576 74
0.1264 0 0 164.266 26026 20000 14549 1.3900452 98
0.1265 0 0 164.27 26028 20000 14602 1.394762 115
0.1266 0 0 164.27 26030 20000 14534 1.3872756 149
0.1267 0 0 164.267 26031 20000 14621 1.3935072 150
0.1268 0 0 164.27 26033 20000 14593 1.3922696 136
0.1269 0 0 164.263 26035 20000 14477 1.3780148 143
0.127 0 0 164.269 26037 20000 14541 1.3836932 162
0.1271 0 0 164.26 26038 20000 14669 1.3956088 177
0.1272 0 0 164.268 26040 20000 14604 1.391946 219
0.1273 0 0 164.261 26042 20000 14515 1.3840276 273
0.1274 0 0 164.266 26044 20000 14635 1.396348 390
0.1275 0 0 164.262 26045 20000 14740 1.4041056 527
0.1276 0 0 164.264 26047 20000 14483 1.380358 733
0.1277 0 0 164.264 26049 20000 14481 1.3828044 872
0.1278 0 0 164.262 26051 20000 14558 1.3863472 1106
0.1279 0 0 164.268 26052 20000 14637 1.3915468 1355
0.128 0 0 164.261 26054 20000 14621 1.39289 1636
0.1281 0 0 164.271 26056 20000 14657 1.3933824 1848
0.1282 0 0 164.265 26058 20000 14528 1.3814224 2094
0.1283 0 0 164.275 26059 20000 14506 1.3723252 2498
0.1284 0 0 164.27 26061 20000 14750 1.3967676 2874
0.1285 0 0 164.28 26063 20000 14738 1.3981272 3144
0.1286 0 0 164.278 26064 20000 14683 1.39445 3225
0.1287 0 0 164.284 26066 20000 14791 1.3995704 2597
0.1288 0 0 164.282 26068 20000 14500 1.377398 1690
0.1289 0 0 164.283 26069 20000 14689 1.3996588 1001
0.129 0 0 164.282 26071 20000 14561 1.38686 599
0.1291 0 0 164.279 26073 20000 14562 1.3886924 436
0.1292 0 0 164.279 26075 20000 14651 1.3960572 337
0.1293 0 0 164.271 26076 20000 14506 1.3848224 279
0.1294 0 0 164.274 26078 20000 14474 1.3825728 209
0.1295 0 0 164.265 26079 20000 14515 1.3850588 203
0.1296 0 0 164.27 26081 20000 14509 1.3848236 154
0.1297 0 0 164.264 26083 20000 14647 1.4009772 157
0.1298 0 0 164.274 26085 20000 14897 1.4216936 155
0.1299 0 0 164.269 26087 20000 14497 1.3831056 139
0.13 0 0 164.278 26088 20000 14523 1.3893236 87
0.1301 0 0 164.272 26090 20000 14463 1.380992 100
0.1302 0 0 164.275 26092 20000 14596 1.397192 79
0.1303 0 0 164.273 26093 20000 14444 1.3795084 95
0.1304 0 0 164.275 26095 20000 14520 1.3885172 80
0.1305 0 0 164.275 26097 20000 14496 1.3832148 88
0.1306 0 0 164.273 26099 20000 14507 1.3821688 82
0.1307 0 0 164.279 26100 20000 14408 1.3742292 76
0.1308 0 0 164.274 26102 20000 14628 1.3979112 73
0.1309 0 0 164.282 26104 20000 14542 1.3899376 60
0.131 0 0 164.275 26106 20000 14498 1.3849684 57
0.1311 0 0 164.279 26107 20000 14586 1.3960312 50
0.1312 0 0 164.267 26109 20000 14472 1.3855312 58
0.1313 0 0 164.272 26110 20000 14630 1.3971764 63
0.1314 0 0 164.263 26112 20000 14450 1.3811248 56
0.1315 0 0 164.27 26114 20000 14618 1.3979108 54
0.1316 0 0 164.265 26116 20000 14444 1.3830432 50
0.1317 0 0 164.271 26117 20000 14410 1.377892 37
0.1318 0 0 164.266 26119 20000 14532 1.3902568 48
0.1319 0 0 164.269 26121 20000 14457 1.3772736 49
0.132 0 0 164.268 26122 20000 14506 1.3906744 62
0.1321 0 0 164.265 26124 20000 14429 1.374932 34
0.1322 0 0 164.269 26126 20000 14698 1.4007804 35
0.1323 0 0 164.262 26128 20000 14623 1.3988796 44
0.1324 0 0 164.27 26129 20000 14569 1.3904836 35
0.1325 0 0 164.265 26131 20000 14566 1.393866 37
0.1326 0 0 164.277 26133 20000 14541 1.3887116 39
0.1327 0 0 164.275 26135 20000 14631 1.3954992 43
0.1328 0 0 164.284 26136 20000 14511 1.387228 31
0.1329 0 0 164.281 26138 20000 14486 1.3866668 41
0.133 0 0 164.285 26140 20000 14571 1.392408 37
0.1331 0 0 164.28 26141 20000 14474 1.3829196 30
0.1332 0 0 164.28 26143 20000 14632 1.398686 31
0.1333 0 0 164.275 26145 20000 14644 1.3991892 33
0.1334 0 0 164.269 26146 20000 14616 1.3985856 45
0.1335 0 0 164.268 26148 20000 14485 1.3838256 37
0.1336 0 0 164.262 26150 20000 14486 1.387784 47
0.1337 0 0 164.269 26152 20000 14545 1.3904268 23
0.1338 0 0 164.265 26153 20000 14559 1.3905172 25
0.1339 0 0 164.275 26155 20000 14684 1.4038148 36
0.134 0 0 164.272 26157 20000 14516 1.3870004 34
0.1341 0 0 164.281 26159 20000 14670 1.399814 29
0.1342 0 0 164.277 26160 20000 14544 1.3892496 29
0.1343 0 0 164.28 26162 20000 14508 1.3917984 30
0.1344 0 0 164.278 26164 20000 14468 1.3813768 34
0.1345 0 0 164.277 26166 20000 14664 1.4035956 22
0.1346 0 0 164.281 26167 20000 14603 1.389778 29
0.1347 0 0 164.279 26169 20000 14624 1.396876 32
0.1348 0 0 164.283 26171 20000 14876 1.4220796 31
0.1349 0 0 164.276 26173 20000 14598 1.3963612 34
0.135 0 0 164.284 26174 20000 14705 1.4035396 31
0.1351 0 0 164.277 26176 20000 14570 1.3909756 35
0.1352 0 0 164.287 26178 20000 14622 1.3963276 31
0.1353 0 0 164.285 26180 20000 14601 1.3934288 31
0.1354 0 0 164.292 26181 20000 14542 1.390486 35
0.1355 0 0 164.29 26183 20000 14460 1.3801688 25
0.1356 0 0 164.292 26185 20000 14547 1.3895056 22
0.1357 0 0 164.289 26186 20000 14682 1.4002132 32
0.1358 0 0 164.284 26188 20000 14614 1.3913776 32
0.1359 0 0 164.282 26190 20000 14766 1.4135636 24
0.136 0 0 164.273 26192 20000 14482 1.3843552 38
0.1361 0 0 164.279 26193 20000 14459 1.3857072 29
0.1362 0 0 164.272 26195 20000 14659 1.3991104 27
0.1363 0 0 164.282 26197 20000 14689 1.406412 30
0.1364 0 0 164.276 26199 20000 14477 1.3793388 16
0.1365 0 0 164.288 26200 20000 14440 1.381504 25
0.1366 0 0 164.286 26202 20000 14677 1.4019388 22
0.1367 0 0 164.291 26204 20000 14431 1.379824 33
0.1368 0 0 164.288 26205 20000 14611 1.400546 20
0.1369 0 0 164.287 26207 20000 14626 1.3947172 19
0.137 0 0 164.285 26209 20000 14675 1.4038196 16
0.1371 0 0 164.281 26211 20000 14633 1.396128 19
0.1372 0 0 164.284 26212 20000 14556 1.3923488 27
0.1373 0 0 164.28 26214 20000 14590 1.3946944 26
0.1374 0 0 164.288 26216 20000 14628 1.3958184 24
0.1375 0 0 164.286 26217 20000 14754 1.4088436 16
0.1376 0 0 164.296 26219 20000 14572 1.3934532 35
0.1377 0 0 164.292 26221 20000 14358 1.374564 22
0.1378 0 0 164.299 26222 20000 14521 1.3886084 24
0.1379 0 0 164.29 26224 20000 14670 1.4047064 18
0.138 0 0 164.294 26226 20000 14492 1.3932476 21
0.1381 0 0 164.284 26228 20000 14701 1.4056472 25
0.1382 0 0 164.288 26229 20000 14439 1.380418 39
0.1383 0 0 164.28 26231 20000 14579 1.39435 21
0.1384 0 0 164.282 26233 20000 14553 1.3928852 25
0.1385 0 0 164.281 26234 20000 14549 1.3929416 24
0.1386 0 0 164.28 26236 20000 14581 1.3936684 31
0.1387 0 0 164.284 26238 20000 14529 1.388388 21
0.1388 0 0 164.279 26240 20000 14708 1.4091736 26
0.1389 0 0 164.289 26242 20000 14583 1.3961328 25
0.139 0 0 164.284 26243 20000 14487 1.3909296 17
0.1391 0 0 164.295 26245 20000 14566 1.3950596 21
0.1392 0 0 164.291 26247 20000 14518 1.3908908 22
0.1393 0 0 164.3 26248 20000 14496 1.38175 17
0.1394 0 0 164.293 26250 20000 14500 1.3913436 16
0.1395 0 0 164.296 26252 20000 14386 1.375318 30
0.1396 0 0 164.288 26253 20000 14311 1.3706676 12
0.1397 0 0 164.284 26255 20000 14510 1.3886052 17
0.1398 0 0 164.279 26257 20000 14600 1.3992472 27
0.1399 0 0 164.276 26259 20000 14658 1.401826 22
0.14 0 0 164.279 26260 20000 14617 1.3970616 17
