0.11 0 0 96.3695 46431 15000 9437 1.1821116 6
0.1101 0 0 96.3713 46432 15000 9445 1.18044 4
0.1102 0 0 96.3681 46434 15000 9498 1.1851152 6
0.1103 0 0 96.3713 46435 15000 9433 1.1746784 6
0.1104 0 0 96.3681 46437 15000 9380 1.1664828 6
0.1105 0 0 96.3708 46439 15000 9508 1.183038 4
0.1106 0 0 96.3659 46440 15000 9427 1.1747388 9
0.1107 0 0 96.3668 46442 15000 9410 1.1766032 9
0.1108 0 0 96.3619 46443 15000 9498 1.1844764 3
0.1109 0 0 96.3645 46445 15000 9512 1.1835512 3
0.111 0 0 96.3641 46446 15000 9379 1.1681624 1
0.1111 0 0 96.3708 46448 15000 9525 1.184758 9
0.1112 0 0 96.3749 46449 15000 9408 1.173102 6
0.1113 0 0 96.3825 46451 15000 9434 1.1753316 8
0.1114 0 0 96.3861 46452 15000 9386 1.167956 8
0.1115 0 0 96.3919 46454 15000 9444 1.176808 2
0.1116 0 0 96.396 46455 15000 9497 1.180532 4
0.1117 0 0 96.3996 46457 15000 9464 1.1794644 5
0.1118 0 0 96.4014 46459 15000 9407 1.1740668 8
0.1119 0 0 96.4027 46460 15000 9297 1.161166 6
0.112 0 0 96.4045 46461 15000 9468 1.1826896 5
0.1121 0 0 96.4032 46463 15000 9524 1.184752 8
0.1122 0 0 96.4041 46465 15000 9465 1.178134 3
0.1123 0 0 96.4009 46466 15000 9339 1.1647604 6
0.1124 0 0 96.4023 46467 15000 9426 1.1752224 2
0.1125 0 0 96.3987 46469 15000 9540 1.1870812 9
0.1126 0 0 96.4032 46471 15000 9384 1.1686888 10
0.1127 0 0 96.4018 46472 15000 9536 1.1899212 6
0.1128 0 0 96.4068 46474 15000 9398 1.1694316 7
0.1129 0 0 96.4054 46475 15000 9426 1.1757612 10
0.113 0 0 96.4081 46477 15000 9497 1.1825012 6
0.1131 0 0 96.4036 46478 15000 9463 1.1808336 11
0.1132 0 0 96.4032 46480 15000 9562 1.1905312 4
0.1133 0 0 96.3969 46481 15000 9434 1.17754 11
0.1134 0 0 96.3973 46483 15000 9539 1.1916464 9
0.1135 0 0 96.3937 46485 15000 9459 1.1825012 7
0.1136 0 0 96.3964 46486 15000 9484 1.1805556 9
0.1137 0 0 96.3951 46488 15000 9251 1.1519848 10
0.1138 0 0 96.3982 46489 15000 9452 1.1783428 10
0.1139 0 0 96.4005 46491 15000 9447 1.1726004 5
0.114 0 0 96.4023 46492 15000 9437 1.1753484 5
0.1141 0 0 96.4036 46494 15000 9365 1.1693328 6
0.1142 0 0 96.4041 46495 15000 9290 1.1547924 9
0.1143 0 0 96.4072 46496 15000 9484 1.1856676 11
0.1144 0 0 96.4059 46498 15000 9496 1.1784648 8
0.1145 0 0 96.4077 46499 15000 9420 1.1748424 8
0.1146 0 0 96.4036 46501 15000 9385 1.1718772 9
0.1147 0 0 96.4059 46503 15000 9493 1.18355 11
0.1148 0 0 96.4023 46504 15000 9449 1.1803848 13
0.1149 0 0 96.4041 46506 15000 9347 1.1691292 12
0.115 0 0 96.3991 46507 15000 9376 1.1724348 17
0.1151 0 0 96.3996 46509 15000 9365 1.1642228 8
0.1152 0 0 96.3955 46510 15000 9354 1.1711856 11
0.1153 0 0 96.3987 46512 15000 9481 1.1807448 21
0.1154 0 0 96.4009 46513 15000 9373 1.1706584 24
0.1155 0 0 96.4081 46515 15000 9290 1.1607128 42
0.1156 0 0 96.4144 46516 15000 9470 1.1835392 40
0.1157 0 0 96.422 46518 15000 9408 1.1729892 56
0.1158 0 0 96.4279 46519 15000 9262 1.1555272 55
0.1159 0 0 96.4306 46521 15000 9435 1.1723308 92
0.116 0 0 96.431 46522 15000 9309 1.161876 100
0.1161 0 0 96.4283 46524 15000 9421 1.1713732 142
0.1162 0 0 96.4261 46526 15000 9393 1.1707704 153
0.1163 0 0 96.4229 46527 15000 9463 1.1809248 185
0.1164 0 0 96.4256 46529 15000 9536 1.1882448 248
0.1165 0 0 96.4279 46530 15000 9469 1.1831416 384
0.1166 0 0 96.4364 46532 15000 9575 1.1907956 588
0.1167 0 0 96.4414 46533 15000 9322 1.160102 869
0.1168 0 0 96.4508 46535 15000 9403 1.1649512 1240
0.1169 0 0 96.4531 46536 15000 9582 1.1879752 1866
0.117 0 0 96.4594 46538 15000 9408 1.1714272 2286
0.1171 0 0 96.458 46539 15000 9354 1.1629908 2729
0.1172 0 0 96.4621 46541 15000 9600 1.189242 3067
0.1173 0 0 96.4612 46542 15000 9561 1.1830196 3384
0.1174 0 0 96.4648 46544 15000 9402 1.16305 3580
0.1175 0 0 96.4634 46545 15000 9637 1.1945932 3956
0.1176 0 0 96.4639 46547 15000 9476 1.173232 4199
0.1177 0 0 96.4589 46548 15000 9763 1.1962284 4953
0.1178 0 0 96.4553 46550 15000 9564 1.1732948 5858
0.1179 0 0 96.4499 46551 15000 9773 1.199478 5817
0.118 0 0 96.4463 46553 15000 9605 1.1794012 4196
0.1181 0 0 96.4427 46555 15000 9515 1.178398 2433
0.1182 0 0 96.4427 46556 15000 9477 1.1794884 1238
0.1183 0 0 96.4454 46558 15000 9566 1.1846708 768
0.1184 0 0 96.449 46559 15000 9479 1.179076 566
0.1185 0 0 96.4571 46561 15000 9567 1.191794 359
0.1186 0 0 96.463 46562 15000 9564 1.1909088 341
0.1187 0 0 96.4697 46564 15000 9524 1.1838916 283
0.1188 0 0 96.472 46565 15000 9524 1.186592 266
0.1189 0 0 96.4738 46567 15000 9619 1.1978136 217
0.119 0 0 96.4711 46568 15000 9692 1.2054856 194
0.1191 0 0 96.4724 46570 15000 9653 1.201058 156
0.1192 0 0 96.4684 46572 15000 9555 1.1891556 118
0.1193 0 0 96.4697 46573 15000 9514 1.183274 121
0.1194 0 0 96.4657 46575 15000 9505 1.1824488 130
0.1195 0 0 96.4679 46576 15000 9563 1.1887816 113
0.1196 0 0 96.4652 46578 15000 9512 1.182332 86
0.1197 0 0 96.4675 46579 15000 9391 1.1715632 94
0.1198 0 0 96.463 46581 15000 9673 1.2042936 95
0.1199 0 0 96.4625 46582 15000 9466 1.1751356 73
0.12 0 0 96.4558 46584 15000 9285 1.1597528 61
0.1201 0 0 96.4571 46586 15000 9486 1.1790544 45
0.1202 0 0 96.4526 46587 15000 9466 1.1735812 56
0.1203 0 0 96.4553 46589 15000 9404 1.1710284 47
0.1204 0 0 96.4513 46590 15000 9517 1.1852916 49
0.1205 0 0 96.454 46592 15000 9530 1.187412 38
0.1206 0 0 96.4508 46593 15000 9424 1.1733716 28
0.1207 0 0 96.4513 46595 15000 9488 1.1798736 30
0.1208 0 0 96.4472 46596 15000 9393 1.1696004 24
0.1209 0 0 96.4441 46598 15000 9549 1.1891016 31
0.121 0 0 96.4396 46599 15000 9502 1.1842592 24
0.1211 0 0 96.4364 46601 15000 9543 1.1916936 24
0.1212 0 0 96.4364 46602 15000 9548 1.1883192 15
0.1213 0 0 96.4369 46604 15000 9658 1.2081628 16
0.1214 0 0 96.4418 46605 15000 9435 1.176856 20
0.1215 0 0 96.445 46607 15000 9485 1.1832028 20
0.1216 0 0 96.4549 46609 15000 9598 1.1976296 18
0.1217 0 0 96.4603 46610 15000 9435 1.1762008 21
0.1218 0 0 96.4684 46612 15000 9528 1.188032 17
0.1219 0 0 96.4702 46613 15000 9453 1.1787768 21
0.122 0 0 96.4733 46615 15000 9449 1.1766124 12
0.1221 0 0 96.4697 46616 15000 9317 1.161664 17
0.1222 0 0 96.4697 46618 15000 9466 1.181162 19
0.1223 0 0 96.4639 46619 15000 9371 1.1689064 15
0.1224 0 0 96.4652 46621 15000 9651 1.2021228 13
0.1225 0 0 96.4603 46623 15000 9522 1.192226 18
0.1226 0 0 96.463 46624 15000 9584 1.192426 10
0.1227 0 0 96.4594 46626 15000 9443 1.1739372 22
0.1228 0 0 96.4639 46627 15000 9589 1.1977436 9
0.1229 0 0 96.4634 46629 15000 9454 1.1810948 16
0.123 0 0 96.4675 46630 15000 9355 1.1684688 18
0.1231 0 0 96.4657 46632 15000 9499 1.1854072 9
0.1232 0 0 96.4675 46633 15000 9576 1.194692 14
0.1233 0 0 96.4643 46635 15000 9569 1.1935444 13
0.1234 0 0 96.4657 46636 15000 9467 1.180212 16
0.1235 0 0 96.4657 46638 15000 9421 1.17122 18
0.1236 0 0 96.4675 46639 15000 9451 1.1787424 10
0.1237 0 0 96.4684 46641 15000 9489 1.1835648 15
0.1238 0 0 96.4679 46643 15000 9424 1.17445 12
0.1239 0 0 96.4666 46644 15000 9541 1.1909648 17
0.124 0 0 96.4634 46646 15000 9533 1.1863184 17
0.1241 0 0 96.4612 46647 15000 9482 1.183002 11
0.1242 0 0 96.4562 46649 15000 9564 1.1902492 16
0.1243 0 0 96.4544 46650 15000 9420 1.1763424 14
0.1244 0 0 96.4499 46652 15000 9410 1.1740048 11
0.1245 0 0 96.4499 46653 15000 9457 1.1781744 14
0.1246 0 0 96.4472 46655 15000 9476 1.1803416 11
0.1247 0 0 96.4504 46657 15000 9388 1.1699696 7
0.1248 0 0 96.4495 46658 15000 9407 1.1733868 7
0.1249 0 0 96.4531 46660 15000 9512 1.1861888 9
0.125 0 0 96.4513 46661 15000 9338 1.163064 10
0.1251 0 0 96.4544 46663 15000 9453 1.1748276 11
0.1252 0 0 96.4504 46664 15000 9490 1.1839336 10
0.1253 0 0 96.4522 46666 15000 9505 1.1872028 7
0.1254 0 0 96.4472 46667 15000 9410 1.1721156 8
0.1255 0 0 96.4495 46668 15000 9297 1.157168 15
0.1256 0 0 96.4481 46670 15000 9438 1.1792116 9
0.1257 0 0 96.4513 46672 15000 9533 1.1873784 5
0.1258 0 0 96.4517 46673 15000 9431 1.1768668 7
0.1259 0 0 96.4526 46674 15000 9470 1.1832832 7
0.126 0 0 96.4513 46676 15000 9485 1.1844204 9
0.1261 0 0 96.4477 46678 15000 9555 1.1925888 8
0.1262 0 0 96.4423 46679 15000 9511 1.1879028 9
0.1263 0 0 96.4364 46681 15000 9499 1.1858776 10
0.1264 0 0 96.4346 46682 15000 9477 1.1826364 10
0.1265 0 0 96.4324 46684 15000 9629 1.200514 14
0.1266 0 0 96.4414 46685 15000 9465 1.1815224 9
0.1267 0 0 96.4481 46687 15000 9474 1.1827008 8
0.1268 0 0 96.4598 46689 15000 9467 1.1837264 8
0.1269 0 0 96.4652 46690 15000 9442 1.174842 14
0.127 0 0 96.4706 46692 15000 9571 1.1931948 7
0.1271 0 0 96.4684 46693 15000 9493 1.1863076 8
0.1272 0 0 96.4661 46695 15000 9641 1.2056272 11
0.1273 0 0 96.4562 46696 15000 9514 1.1879928 11
0.1274 0 0 96.4513 46698 15000 9509 1.189256 7
0.1275 0 0 96.4405 46699 15000 9473 1.1850748 2
0.1276 0 0 96.4414 46701 15000 9419 1.1768712 14
0.1277 0 0 96.4382 46702 15000 9458 1.1791948 6
0.1278 0 0 96.4468 46704 15000 9599 1.1990776 8
0.1279 0 0 96.4508 46705 15000 9397 1.1735976 17
0.128 0 0 96.4625 46707 15000 9388 1.1747168 8
0.1281 0 0 96.4702 46708 15000 9539 1.189138 9
0.1282 0 0 96.4783 46710 15000 9317 1.1634136 6
0.1283 0 0 96.4819 46711 15000 9396 1.1721652 13
0.1284 0 0 96.4819 46713 15000 9314 1.1657096 12
0.1285 0 0 96.4756 46715 15000 9475 1.1815936 8
0.1286 0 0 96.4684 46716 15000 9499 1.1851068 14
0.1287 0 0 96.4589 46718 15000 9426 1.1770788 4
0.1288 0 0 96.4522 46719 15000 9604 1.1998276 6
0.1289 0 0 96.4486 46721 15000 9296 1.159736 6
0.129 0 0 96.4486 46722 15000 9451 1.1785152 5
0.1291 0 0 96.4562 46724 15000 9491 1.1859824 7
0.1292 0 0 96.4616 46725 15000 9550 1.193988 5
0.1293 0 0 96.472 46727 15000 9364 1.1717344 7
0.1294 0 0 96.4756 46728 15000 9400 1.1762392 10
0.1295 0 0 96.4801 46730 15000 9463 1.1854916 5
0.1296 0 0 96.4765 46731 15000 9442 1.1794636 6
0.1297 0 0 96.4769 46733 15000 9437 1.1768808 10
0.1298 0 0 96.4702 46735 15000 9541 1.186214 11
0.1299 0 0 96.4702 46736 15000 9547 1.1944396 11
0.13 0 0 96.4648 46738 15000 9429 1.176238 10
