0.105 0 0 34.5997 77586 20000 14047 1.2436164 9
0.1051 0 0 34.5986 77587 20000 13846 1.2210648 9
0.1052 0 0 34.5982 77589 20000 13963 1.23393 6
0.1053 0 0 34.5983 77590 20000 13943 1.2288648 4
0.1054 0 0 34.6008 77592 20000 13956 1.2333072 4
0.1055 0 0 34.6064 77593 20000 13629 1.2039248 6
0.1056 0 0 34.6145 77595 20000 13761 1.216386 5
0.1057 0 0 34.6248 77597 20000 13880 1.2316276 5
0.1058 0 0 34.6334 77598 20000 13717 1.2119524 6
0.1059 0 0 34.6413 77600 20000 13852 1.2246048 3
0.106 0 0 34.6487 77601 20000 13949 1.2334004 6
0.1061 0 0 34.6531 77603 20000 13806 1.2200392 4
0.1062 0 0 34.6558 77604 20000 13882 1.2293592 6
0.1063 0 0 34.658 77606 20000 13828 1.2257112 5
0.1064 0 0 34.6585 77608 20000 13989 1.233076 6
0.1065 0 0 34.6582 77609 20000 13954 1.2368784 9
0.1066 0 0 34.6571 77611 20000 13820 1.2208016 7
0.1067 0 0 34.6565 77612 20000 13864 1.2284748 6
0.1068 0 0 34.6555 77614 20000 13960 1.2333748 6
0.1069 0 0 34.6562 77615 20000 13876 1.2266908 3
0.107 0 0 34.6566 77617 20000 13896 1.2279188 6
0.1071 0 0 34.6578 77618 20000 13892 1.2301208 3
0.1072 0 0 34.658 77620 20000 13806 1.2240576 8
0.1073 0 0 34.6569 77622 20000 13907 1.2303748 4
0.1074 0 0 34.6546 77623 20000 13896 1.2283592 9
0.1075 0 0 34.6519 77625 20000 13790 1.2212784 4
0.1076 0 0 34.6486 77626 20000 13871 1.2310256 10
0.1077 0 0 34.648 77628 20000 13817 1.2224588 4
0.1078 0 0 34.6481 77629 20000 13846 1.224838 7
0.1079 0 0 34.6537 77631 20000 13933 1.2308624 6
0.108 0 0 34.6597 77633 20000 13849 1.2240704 5
0.1081 0 0 34.6704 77634 20000 13929 1.232592 3
0.1082 0 0 34.6789 77636 20000 13961 1.2321312 4
0.1083 0 0 34.6894 77637 20000 13571 1.202386 6
0.1084 0 0 34.6965 77639 20000 13877 1.2254692 11
0.1085 0 0 34.7017 77640 20000 13919 1.2356236 7
0.1086 0 0 34.7051 77642 20000 13902 1.2361176 5
0.1087 0 0 34.707 77643 20000 14035 1.2424264 13
0.1088 0 0 34.7069 77645 20000 13935 1.2354644 5
0.1089 0 0 34.7058 77647 20000 13844 1.2269888 8
0.109 0 0 34.7036 77648 20000 13816 1.2233772 5
0.1091 0 0 34.7024 77650 20000 13984 1.2361224 6
0.1092 0 0 34.7016 77651 20000 13994 1.2392432 4
0.1093 0 0 34.7013 77653 20000 13830 1.2246744 6
0.1094 0 0 34.7009 77655 20000 13805 1.2225116 9
0.1095 0 0 34.7001 77656 20000 13951 1.2351136 6
0.1096 0 0 34.6987 77658 20000 13920 1.2338076 4
0.1097 0 0 34.6985 77659 20000 13916 1.2344452 7
0.1098 0 0 34.6998 77661 20000 13806 1.2216176 8
0.1099 0 0 34.7016 77662 20000 13885 1.2272332 7
0.11 0 0 34.7046 77664 20000 13798 1.2248696 8
0.1101 0 0 34.7074 77665 20000 13857 1.2303072 5
0.1102 0 0 34.7104 77667 20000 13811 1.2229132 5
0.1103 0 0 34.712 77668 20000 13952 1.2358836 9
0.1104 0 0 34.712 77670 20000 13948 1.2316016 8
0.1105 0 0 34.7106 77672 20000 13878 1.2256692 12
0.1106 0 0 34.7076 77673 20000 13990 1.2351936 7
0.1107 0 0 34.7038 77675 20000 13812 1.2241544 8
0.1108 0 0 34.7006 77676 20000 13887 1.2292336 5
0.1109 0 0 34.6978 77678 20000 13849 1.2270608 11
0.111 0 0 34.6985 77679 20000 13903 1.2354948 11
0.1111 0 0 34.6999 77681 20000 13860 1.2253548 11
0.1112 0 0 34.7028 77682 20000 13884 1.2282184 8
0.1113 0 0 34.7057 77684 20000 13945 1.2345228 8
0.1114 0 0 34.7072 77685 20000 13816 1.2254636 5
0.1115 0 0 34.7074 77687 20000 13971 1.2374988 13
0.1116 0 0 34.7068 77688 20000 13974 1.2352508 7
0.1117 0 0 34.7054 77690 20000 13864 1.2273796 9
0.1118 0 0 34.7046 77691 20000 13920 1.2377244 6
0.1119 0 0 34.7045 77693 20000 13821 1.223396 9
0.112 0 0 34.7051 77694 20000 13945 1.2394252 9
0.1121 0 0 34.7066 77696 20000 13774 1.219402 13
0.1122 0 0 34.7075 77697 20000 13687 1.2156796 10
0.1123 0 0 34.708 77699 20000 13894 1.2308208 11
0.1124 0 0 34.707 77701 20000 13895 1.2312932 8
0.1125 0 0 34.7047 77702 20000 13913 1.2306416 6
0.1126 0 0 34.7026 77704 20000 13750 1.2196472 20
0.1127 0 0 34.7026 77705 20000 13746 1.2171628 14
0.1128 0 0 34.7034 77707 20000 13990 1.2404152 13
0.1129 0 0 34.7066 77708 20000 13835 1.226076 12
0.113 0 0 34.7104 77710 20000 14014 1.2426344 12
0.1131 0 0 34.7149 77712 20000 13971 1.2358148 11
0.1132 0 0 34.7185 77713 20000 13909 1.2318524 10
0.1133 0 0 34.7204 77715 20000 14074 1.247694 11
0.1134 0 0 34.7208 77716 20000 13954 1.2368108 17
0.1135 0 0 34.7206 77718 20000 13851 1.2276336 12
0.1136 0 0 34.7197 77720 20000 13754 1.2170956 10
0.1137 0 0 34.7202 77721 20000 14010 1.239404 11
0.1138 0 0 34.7203 77723 20000 13787 1.2194112 18
0.1139 0 0 34.7211 77724 20000 13891 1.2324452 17
0.114 0 0 34.7212 77726 20000 13814 1.2216484 8
0.1141 0 0 34.7209 77727 20000 13850 1.2270284 17
0.1142 0 0 34.7195 77729 20000 13824 1.2241324 26
0.1143 0 0 34.7179 77731 20000 14046 1.2455044 25
0.1144 0 0 34.7151 77732 20000 13768 1.2202408 21
0.1145 0 0 34.7105 77734 20000 14077 1.2456896 32
0.1146 0 0 34.7063 77735 20000 13886 1.2302864 27
0.1147 0 0 34.7048 77737 20000 13641 1.2121556 30
0.1148 0 0 34.7035 77738 20000 13763 1.2205808 35
0.1149 0 0 34.708 77740 20000 14012 1.2386564 29
0.115 0 0 34.7123 77741 20000 13947 1.2343592 25
0.1151 0 0 34.719 77743 20000 13867 1.230008 35
0.1152 0 0 34.727 77744 20000 13850 1.2232712 37
0.1153 0 0 34.734 77746 20000 13707 1.2172752 45
0.1154 0 0 34.7409 77748 20000 13850 1.225212 51
0.1155 0 0 34.7443 77749 20000 14029 1.2404732 58
0.1156 0 0 34.7469 77751 20000 13860 1.2270636 49
0.1157 0 0 34.7475 77752 20000 14052 1.2464396 58
0.1158 0 0 34.7465 77754 20000 14041 1.2433984 52
0.1159 0 0 34.7438 77755 20000 13832 1.2283748 67
0.116 0 0 34.7393 77757 20000 13879 1.2320564 60
0.1161 0 0 34.7368 77758 20000 14059 1.24976 49
0.1162 0 0 34.7366 77760 20000 13931 1.2348612 60
0.1163 0 0 34.7393 77761 20000 13758 1.2217628 54
0.1164 0 0 34.7452 77763 20000 13865 1.2274144 43
0.1165 0 0 34.7514 77765 20000 13769 1.2171184 43
0.1166 0 0 34.7575 77766 20000 14104 1.2461808 47
0.1167 0 0 34.7613 77768 20000 13933 1.2356096 53
0.1168 0 0 34.7641 77769 20000 13920 1.2340596 35
0.1169 0 0 34.7651 77771 20000 13816 1.226748 46
0.117 0 0 34.7642 77772 20000 14016 1.2436464 40
0.1171 0 0 34.7617 77774 20000 13989 1.2391568 42
0.1172 0 0 34.757 77776 20000 13943 1.2404092 58
0.1173 0 0 34.7535 77777 20000 13970 1.2380384 50
0.1174 0 0 34.7529 77779 20000 13947 1.242668 50
0.1175 0 0 34.753 77780 20000 13899 1.2331576 53
0.1176 0 0 34.7562 77782 20000 13922 1.232982 50
0.1177 0 0 34.7591 77783 20000 13748 1.2182688 63
0.1178 0 0 34.7616 77785 20000 14000 1.2375024 55
0.1179 0 0 34.7629 77786 20000 13775 1.2224056 74
0.118 0 0 34.7636 77788 20000 13941 1.239808 84
0.1181 0 0 34.763 77790 20000 13884 1.2256008 93
0.1182 0 0 34.7609 77791 20000 13768 1.2251596 98
0.1183 0 0 34.7573 77793 20000 13798 1.2204336 96
0.1184 0 0 34.7518 77794 20000 13816 1.2266212 112
0.1185 0 0 34.7472 77796 20000 13946 1.2381888 152
0.1186 0 0 34.7444 77797 20000 13874 1.2303428 174
0.1187 0 0 34.7422 77799 20000 13993 1.2412948 231
0.1188 0 0 34.7443 77800 20000 13858 1.2293784 233
0.1189 0 0 34.7484 77802 20000 13955 1.2344112 287
0.119 0 0 34.7542 77804 20000 13651 1.2113468 330
0.1191 0 0 34.7597 77805 20000 13987 1.2381324 421
0.1192 0 0 34.7634 77807 20000 13904 1.2324656 510
0.1193 0 0 34.7658 77808 20000 13897 1.2313424 585
0.1194 0 0 34.7661 77810 20000 13682 1.211266 763
0.1195 0 0 34.7648 77811 20000 13768 1.2183372 797
0.1196 0 0 34.7628 77813 20000 14029 1.240432 1166
0.1197 0 0 34.7599 77814 20000 13875 1.2311388 1402
0.1198 0 0 34.7575 77816 20000 13753 1.2153524 1678
0.1199 0 0 34.7561 77817 20000 13892 1.2273744 1948
0.12 0 0 34.7544 77819 20000 13798 1.2199572 2394
0.1201 0 0 34.7526 77820 20000 13842 1.2218768 2729
0.1202 0 0 34.7502 77822 20000 14015 1.234612 3216
0.1203 0 0 34.7474 77823 20000 13742 1.2126168 3531
0.1204 0 0 34.7434 77825 20000 14015 1.2351676 3931
0.1205 0 0 34.7377 77826 20000 14080 1.2353396 4309
0.1206 0 0 34.7332 77828 20000 13859 1.2170324 4690
0.1207 0 0 34.7252 77830 20000 14045 1.2326788 5057
0.1208 0 0 34.7181 77831 20000 14004 1.2300404 5115
0.1209 0 0 34.7156 77833 20000 14071 1.2348724 4932
0.121 0 0 34.7137 77834 20000 14083 1.2432408 4318
0.1211 0 0 34.7169 77836 20000 13939 1.2265088 3698
0.1212 0 0 34.7225 77837 20000 14005 1.236294 2958
0.1213 0 0 34.7283 77839 20000 13970 1.2321252 2344
0.1214 0 0 34.7337 77840 20000 13980 1.2382636 1750
0.1215 0 0 34.7368 77842 20000 13884 1.2313664 1310
0.1216 0 0 34.7393 77844 20000 13885 1.2292072 1045
0.1217 0 0 34.7397 77845 20000 13887 1.22761 845
0.1218 0 0 34.7384 77847 20000 13834 1.2274056 636
0.1219 0 0 34.7359 77848 20000 13854 1.2273472 559
0.122 0 0 34.7317 77850 20000 13747 1.2169312 429
0.1221 0 0 34.7286 77851 20000 13914 1.2337316 396
0.1222 0 0 34.726 77853 20000 13760 1.2142284 322
0.1223 0 0 34.7247 77854 20000 13929 1.237058 266
0.1224 0 0 34.7255 77856 20000 13914 1.233886 267
0.1225 0 0 34.7268 77858 20000 13714 1.2181812 198
0.1226 0 0 34.7281 77859 20000 13900 1.2321384 205
0.1227 0 0 34.7297 77861 20000 13909 1.2307348 155
0.1228 0 0 34.7325 77862 20000 13936 1.234932 136
0.1229 0 0 34.7345 77864 20000 13839 1.2313304 127
0.123 0 0 34.7358 77865 20000 13835 1.2295728 114
0.1231 0 0 34.7358 77867 20000 13757 1.218768 113
0.1232 0 0 34.7341 77868 20000 13948 1.2362364 88
0.1233 0 0 34.731 77870 20000 13922 1.2356632 89
0.1234 0 0 34.726 77871 20000 13724 1.221268 88
0.1235 0 0 34.7219 77873 20000 13946 1.24255 82
0.1236 0 0 34.7177 77875 20000 13944 1.2362016 69
0.1237 0 0 34.7133 77876 20000 13679 1.2176096 50
0.1238 0 0 34.71 77878 20000 14026 1.243754 54
0.1239 0 0 34.7066 77879 20000 13784 1.2260524 53
0.124 0 0 34.7053 77881 20000 14151 1.2558084 41
0.1241 0 0 34.7039 77883 20000 13903 1.2369364 49
0.1242 0 0 34.7024 77884 20000 13956 1.23925 33
0.1243 0 0 34.7 77886 20000 13727 1.2207652 44
0.1244 0 0 34.696 77887 20000 13793 1.2245856 21
0.1245 0 0 34.6923 77889 20000 13818 1.227226 30
0.1246 0 0 34.6908 77890 20000 13784 1.2276184 22
0.1247 0 0 34.69 77892 20000 13856 1.2327564 21
0.1248 0 0 34.6957 77894 20000 13842 1.229408 18
0.1249 0 0 34.7014 77895 20000 14010 1.2435912 21
0.125 0 0 34.7088 77897 20000 14026 1.2444888 16
0.1251 0 0 34.7155 77898 20000 14044 1.2473528 9
0.1252 0 0 34.7212 77900 20000 13827 1.2274076 15
0.1253 0 0 34.7242 77902 20000 13979 1.238202 17
0.1254 0 0 34.7256 77903 20000 13807 1.226778 15
0.1255 0 0 34.7254 77905 20000 13779 1.2238004 11
0.1256 0 0 34.7254 77906 20000 14034 1.2446336 10
0.1257 0 0 34.7245 77908 20000 13770 1.2224832 16
0.1258 0 0 34.7222 77909 20000 13886 1.2325924 21
0.1259 0 0 34.719 77911 20000 13818 1.2272164 10
0.126 0 0 34.716 77912 20000 13755 1.219536 16
0.1261 0 0 34.7128 77914 20000 13975 1.2389388 13
0.1262 0 0 34.7119 77916 20000 13919 1.2330004 15
0.1263 0 0 34.7121 77917 20000 13812 1.2243068 12
0.1264 0 0 34.7144 77919 20000 13881 1.2327752 11
0.1265 0 0 34.7178 77920 20000 13682 1.2164644 18
0.1266 0 0 34.7234 77922 20000 13936 1.2388108 12
0.1267 0 0 34.7274 77923 20000 13833 1.2304696 10
0.1268 0 0 34.73 77925 20000 13853 1.228612 13
0.1269 0 0 34.7315 77927 20000 13910 1.237506 6
0.127 0 0 34.7318 77928 20000 13791 1.2271232 15
0.1271 0 0 34.7312 77930 20000 13853 1.2337512 11
0.1272 0 0 34.7297 77931 20000 13717 1.2234948 6
0.1273 0 0 34.7275 77933 20000 13660 1.2173432 6
0.1274 0 0 34.7254 77934 20000 13696 1.21912 4
0.1275 0 0 34.7236 77936 20000 13793 1.2263824 18
0.1276 0 0 34.722 77937 20000 13686 1.2132552 8
0.1277 0 0 34.7218 77939 20000 13681 1.2156756 11
0.1278 0 0 34.7211 77941 20000 13830 1.2297936 7
0.1279 0 0 34.7202 77942 20000 13841 1.2310408 8
0.128 0 0 34.718 77944 20000 13839 1.2330256 14
0.1281 0 0 34.7137 77945 20000 13657 1.217028 8
0.1282 0 0 34.711 77947 20000 13783 1.2268808 11
0.1283 0 0 34.7092 77948 20000 13816 1.2285876 4
0.1284 0 0 34.7078 77950 20000 13923 1.2374188 10
0.1285 0 0 34.7102 77951 20000 13962 1.2396192 9
0.1286 0 0 34.7138 77953 20000 13845 1.2319024 6
0.1287 0 0 34.7196 77955 20000 13795 1.22955 7
0.1288 0 0 34.7249 77956 20000 13845 1.2332176 5
0.1289 0 0 34.7306 77958 20000 13644 1.2132752 6
0.129 0 0 34.734 77959 20000 13905 1.237024 7
0.1291 0 0 34.7367 77961 20000 13661 1.2164712 10
0.1292 0 0 34.7376 77962 20000 13760 1.2238536 15
0.1293 0 0 34.7366 77964 20000 13802 1.2268412 6
0.1294 0 0 34.7342 77966 20000 13857 1.2332056 8
0.1295 0 0 34.7332 77967 20000 13578 1.2104568 5
0.1296 0 0 34.7322 77968 20000 13901 1.2365 6
0.1297 0 0 34.7325 77970 20000 13823 1.2277104 3
0.1298 0 0 34.7331 77972 20000 13830 1.230114 7
0.1299 0 0 34.7325 77973 20000 13831 1.2291348 7
0.13 0 0 34.7306 77975 20000 13690 1.2222916 5
0.1301 0 0 34.729 77976 20000 13649 1.2163612 3
0.1302 0 0 34.7273 77978 20000 13930 1.2422476 6
0.1303 0 0 34.7263 77979 20000 13875 1.2348132 6
0.1304 0 0 34.7262 77981 20000 13966 1.2438056 10
0.1305 0 0 34.7263 77982 20000 13846 1.2344608 3
0.1306 0 0 34.7266 77984 20000 13709 1.21971 6
0.1307 0 0 34.7257 77986 20000 13770 1.2277504 4
0.1308 0 0 34.7235 77987 20000 14039 1.2509032 7
0.1309 0 0 34.7212 77989 20000 13773 1.2245532 7
0.131 0 0 34.7191 77990 20000 13781 1.2305048 9
0.1311 0 0 34.7172 77992 20000 13642 1.2135724 1
0.1312 0 0 34.7167 77993 20000 13677 1.2175216 6
0.1313 0 0 34.7166 77995 20000 13828 1.232748 9
0.1314 0 0 34.718 77996 20000 13790 1.2273384 4
0.1315 0 0 34.7192 77998 20000 13745 1.2241644 9
0.1316 0 0 34.7208 78000 20000 13847 1.2323984 6
0.1317 0 0 34.7214 78001 20000 13679 1.2185992 7
0.1318 0 0 34.7205 78003 20000 13802 1.2299852 4
0.1319 0 0 34.7181 78004 20000 13676 1.2137 10
0.132 0 0 34.7133 78006 20000 13616 1.2121504 6
0.1321 0 0 34.7102 78008 20000 13870 1.2324992 6
0.1322 0 0 34.7087 78009 20000 13847 1.234498 8
0.1323 0 0 34.708 78011 20000 13783 1.2277424 10
0.1324 0 0 34.7107 78012 20000 13705 1.2186168 6
0.1325 0 0 34.7159 78014 20000 13761 1.223726 9
0.1326 0 0 34.7239 78015 20000 13578 1.2088564 5
0.1327 0 0 34.7333 78017 20000 13756 1.2257352 4
0.1328 0 0 34.7403 78018 20000 13796 1.2330816 3
0.1329 0 0 34.746 78020 20000 13908 1.2390252 4
0.133 0 0 34.7495 78021 20000 13684 1.2172392 6
0.1331 0 0 34.7517 78023 20000 13651 1.2177196 9
0.1332 0 0 34.752 78024 20000 13824 1.2314636 6
0.1333 0 0 34.7505 78026 20000 13737 1.2258248 6
0.1334 0 0 34.7482 78028 20000 13816 1.2314004 3
0.1335 0 0 34.7449 78029 20000 13715 1.2236696 6
0.1336 0 0 34.7438 78031 20000 13750 1.2263984 11
0.1337 0 0 34.7434 78032 20000 13921 1.242858 7
0.1338 0 0 34.7454 78034 20000 13858 1.2317248 3
0.1339 0 0 34.7483 78035 20000 13724 1.2247032 7
0.134 0 0 34.7544 78037 20000 13838 1.2329268 4
0.1341 0 0 34.7598 78039 20000 13578 1.2111552 7
0.1342 0 0 34.7637 78040 20000 13693 1.219724 5
0.1343 0 0 34.7673 78042 20000 13784 1.2288372 5
0.1344 0 0 34.7692 78043 20000 13700 1.2194872 7
0.1345 0 0 34.7693 78045 20000 13649 1.2150188 7
0.1346 0 0 34.768 78046 20000 13710 1.2215764 3
0.1347 0 0 34.7649 78048 20000 14021 1.249106 5
0.1348 0 0 34.7614 78050 20000 13663 1.2192756 5
0.1349 0 0 34.7582 78051 20000 13741 1.2253348 6
0.135 0 0 34.7546 78053 20000 13654 1.2190052 5
