0.11 0 0 90.4179 49104 15000 9269 1.1926136 8
0.1101 0 0 90.4182 49105 15000 9295 1.19784 11
0.1102 0 0 90.4207 49107 15000 9249 1.1892864 7
0.1103 0 0 90.42 49108 15000 9266 1.1930872 5
0.1104 0 0 90.4204 49110 15000 9479 1.2154176 5
0.1105 0 0 90.4204 49112 15000 9288 1.1964816 5
0.1106 0 0 90.4207 49113 15000 9246 1.1893592 7
0.1107 0 0 90.4222 49115 15000 9281 1.1943056 6
0.1108 0 0 90.4225 49116 15000 9245 1.1916944 6
0.1109 0 0 90.4258 49118 15000 9272 1.1943304 6
0.111 0 0 90.4261 49119 15000 9330 1.20328 6
0.1111 0 0 90.4319 49121 15000 9234 1.1897632 4
0.1112 0 0 90.4341 49122 15000 9325 1.2023944 4
0.1113 0 0 90.4387 49124 15000 9225 1.18621 5
0.1114 0 0 90.4387 49126 15000 9370 1.2054088 7
0.1115 0 0 90.4427 49127 15000 9263 1.1948492 2
0.1116 0 0 90.4416 49129 15000 9201 1.1847636 6
0.1117 0 0 90.4467 49130 15000 9254 1.1892588 5
0.1118 0 0 90.4463 49132 15000 9231 1.1901292 1
0.1119 0 0 90.4517 49133 15000 9312 1.2021816 8
0.112 0 0 90.4506 49135 15000 9347 1.204278 6
0.1121 0 0 90.4549 49136 15000 9295 1.1973452 6
0.1122 0 0 90.4531 49138 15000 9302 1.2012128 5
0.1123 0 0 90.456 49139 15000 9336 1.200396 5
0.1124 0 0 90.4528 49141 15000 9248 1.1900432 2
0.1125 0 0 90.4549 49142 15000 9342 1.2025372 11
0.1126 0 0 90.4517 49144 15000 9367 1.2062968 6
0.1127 0 0 90.4546 49146 15000 9331 1.2016356 5
0.1128 0 0 90.4531 49147 15000 9346 1.2047764 3
0.1129 0 0 90.4578 49149 15000 9406 1.210396 6
0.113 0 0 90.4596 49150 15000 9233 1.1919148 7
0.1131 0 0 90.4636 49152 15000 9269 1.196222 7
0.1132 0 0 90.4654 49153 15000 9350 1.2026936 6
0.1133 0 0 90.4668 49155 15000 9271 1.1970772 8
0.1134 0 0 90.4661 49156 15000 9382 1.2125816 10
0.1135 0 0 90.4632 49158 15000 9383 1.2080044 8
0.1136 0 0 90.46 49159 15000 9355 1.206888 5
0.1137 0 0 90.4546 49161 15000 9411 1.2137464 6
0.1138 0 0 90.4531 49162 15000 9270 1.1986904 4
0.1139 0 0 90.4503 49164 15000 9341 1.20701 5
0.114 0 0 90.4531 49166 15000 9302 1.1971824 10
0.1141 0 0 90.4542 49167 15000 9306 1.1964268 10
0.1142 0 0 90.46 49169 15000 9392 1.208394 5
0.1143 0 0 90.4618 49170 15000 9357 1.20531 4
0.1144 0 0 90.4665 49172 15000 9331 1.203518 11
0.1145 0 0 90.465 49173 15000 9330 1.2008712 9
0.1146 0 0 90.4672 49175 15000 9288 1.1968456 8
0.1147 0 0 90.464 49176 15000 9263 1.1916948 10
0.1148 0 0 90.4676 49178 15000 9352 1.2062388 16
0.1149 0 0 90.4654 49179 15000 9287 1.1970956 21
0.115 0 0 90.4701 49181 15000 9390 1.2094732 25
0.1151 0 0 90.4686 49183 15000 9361 1.2075552 26
0.1152 0 0 90.4748 49184 15000 9126 1.1748672 46
0.1153 0 0 90.4748 49186 15000 9177 1.1819864 48
0.1154 0 0 90.4802 49187 15000 9307 1.1982516 52
0.1155 0 0 90.4805 49189 15000 9281 1.1956668 70
0.1156 0 0 90.4841 49190 15000 9402 1.2085644 112
0.1157 0 0 90.4852 49192 15000 9313 1.19911 109
0.1158 0 0 90.4885 49193 15000 9282 1.1945956 173
0.1159 0 0 90.4906 49195 15000 9243 1.1873008 194
0.116 0 0 90.4921 49196 15000 9336 1.2035256 266
0.1161 0 0 90.4921 49198 15000 9412 1.2092172 423
0.1162 0 0 90.4906 49199 15000 9398 1.2078864 582
0.1163 0 0 90.4903 49201 15000 9331 1.1992492 812
0.1164 0 0 90.4881 49203 15000 9288 1.187464 1233
0.1165 0 0 90.487 49204 15000 9274 1.1923368 1666
0.1166 0 0 90.4852 49206 15000 9463 1.214822 2121
0.1167 0 0 90.4881 49207 15000 9488 1.2146108 2658
0.1168 0 0 90.4885 49209 15000 9418 1.2042712 3130
0.1169 0 0 90.4946 49210 15000 9401 1.1980472 3755
0.117 0 0 90.4953 49212 15000 9467 1.2094056 4040
0.1171 0 0 90.4975 49213 15000 9418 1.202876 4268
0.1172 0 0 90.4939 49215 15000 9458 1.2033984 4620
0.1173 0 0 90.4942 49216 15000 9272 1.1858896 4983
0.1174 0 0 90.4888 49218 15000 9414 1.1972556 6156
0.1175 0 0 90.4892 49220 15000 9429 1.2008244 6113
0.1176 0 0 90.4841 49221 15000 9380 1.1999332 4438
0.1177 0 0 90.4867 49223 15000 9361 1.1990064 2513
0.1178 0 0 90.4849 49224 15000 9322 1.2019508 1306
0.1179 0 0 90.4896 49226 15000 9309 1.198614 807
0.118 0 0 90.4896 49227 15000 9375 1.2105428 551
0.1181 0 0 90.4942 49229 15000 9354 1.2063292 463
0.1182 0 0 90.4939 49230 15000 9289 1.1995168 337
0.1183 0 0 90.4982 49232 15000 9302 1.200418 276
0.1184 0 0 90.4975 49233 15000 9436 1.218594 241
0.1185 0 0 90.5011 49235 15000 9329 1.2034328 239
0.1186 0 0 90.5007 49237 15000 9348 1.2045556 183
0.1187 0 0 90.5015 49238 15000 9304 1.2032456 167
0.1188 0 0 90.4989 49240 15000 9388 1.2106288 141
0.1189 0 0 90.4971 49241 15000 9333 1.2082504 129
0.119 0 0 90.4932 49243 15000 9240 1.1899428 118
0.1191 0 0 90.4906 49244 15000 9266 1.197752 103
0.1192 0 0 90.4881 49246 15000 9329 1.2047864 96
0.1193 0 0 90.4874 49247 15000 9353 1.2076432 74
0.1194 0 0 90.4874 49249 15000 9262 1.1981244 72
0.1195 0 0 90.487 49251 15000 9236 1.189046 73
0.1196 0 0 90.4892 49252 15000 9224 1.1923596 60
0.1197 0 0 90.4892 49254 15000 9332 1.206512 69
0.1198 0 0 90.4932 49255 15000 9371 1.2082064 39
0.1199 0 0 90.4939 49257 15000 9235 1.1911724 39
0.12 0 0 90.4971 49258 15000 9284 1.2012096 28
0.1201 0 0 90.4971 49260 15000 9285 1.198218 28
0.1202 0 0 90.5004 49261 15000 9408 1.21414 27
0.1203 0 0 90.4986 49263 15000 9299 1.1989428 26
0.1204 0 0 90.4997 49265 15000 9418 1.2125712 25
0.1205 0 0 90.4946 49266 15000 9344 1.2059164 25
0.1206 0 0 90.4953 49268 15000 9274 1.194434 23
0.1207 0 0 90.4903 49269 15000 9246 1.1922472 20
0.1208 0 0 90.4917 49271 15000 9230 1.1903612 15
0.1209 0 0 90.4881 49272 15000 9211 1.1917868 14
0.121 0 0 90.4914 49274 15000 9369 1.2035972 16
0.1211 0 0 90.4892 49275 15000 9297 1.2009308 15
0.1212 0 0 90.4928 49277 15000 9255 1.1964304 13
0.1213 0 0 90.4906 49279 15000 9346 1.2035044 10
0.1214 0 0 90.495 49280 15000 9180 1.1876808 9
0.1215 0 0 90.4939 49282 15000 9404 1.2147012 8
0.1216 0 0 90.4982 49283 15000 9339 1.2077788 18
0.1217 0 0 90.4993 49285 15000 9202 1.1884272 11
0.1218 0 0 90.5033 49286 15000 9173 1.1861704 13
0.1219 0 0 90.504 49288 15000 9403 1.2101852 16
0.122 0 0 90.5054 49289 15000 9330 1.2027776 14
0.1221 0 0 90.504 49291 15000 9258 1.1972948 10
0.1222 0 0 90.5011 49292 15000 9318 1.2006684 15
0.1223 0 0 90.4968 49294 15000 9235 1.19191 12
0.1224 0 0 90.4914 49295 15000 9121 1.1771532 5
0.1225 0 0 90.491 49297 15000 9329 1.206068 10
0.1226 0 0 90.4888 49298 15000 9356 1.208318 10
0.1227 0 0 90.4896 49300 15000 9258 1.1945464 8
0.1228 0 0 90.4874 49301 15000 9348 1.2106716 11
0.1229 0 0 90.4892 49303 15000 9340 1.2053952 14
0.123 0 0 90.4867 49305 15000 9273 1.1986344 14
0.1231 0 0 90.4903 49306 15000 9303 1.2010208 13
0.1232 0 0 90.4885 49308 15000 9251 1.1928836 7
0.1233 0 0 90.4921 49309 15000 9171 1.1827304 13
0.1234 0 0 90.4896 49311 15000 9042 1.1713484 10
0.1235 0 0 90.4935 49312 15000 9356 1.2068796 9
0.1236 0 0 90.4906 49314 15000 9226 1.192488 8
0.1237 0 0 90.4928 49316 15000 9315 1.1993244 7
0.1238 0 0 90.4885 49317 15000 9178 1.1854912 5
0.1239 0 0 90.4899 49319 15000 9417 1.215966 6
0.124 0 0 90.4856 49320 15000 9387 1.2085316 10
0.1241 0 0 90.4881 49322 15000 9415 1.2165444 11
0.1242 0 0 90.4856 49323 15000 9292 1.2030116 7
0.1243 0 0 90.4896 49325 15000 9311 1.2046088 3
0.1244 0 0 90.4903 49326 15000 9326 1.2047124 9
0.1245 0 0 90.4957 49328 15000 9222 1.1893956 4
0.1246 0 0 90.4979 49329 15000 9355 1.2095012 9
0.1247 0 0 90.5018 49331 15000 9340 1.2063336 11
0.1248 0 0 90.5029 49332 15000 9201 1.1903092 10
0.1249 0 0 90.5043 49334 15000 9317 1.2049228 9
0.125 0 0 90.504 49336 15000 9363 1.2080452 8
0.1251 0 0 90.504 49337 15000 9240 1.1940016 8
0.1252 0 0 90.5029 49339 15000 9370 1.2114216 13
0.1253 0 0 90.5022 49340 15000 9271 1.2003536 9
0.1254 0 0 90.5025 49342 15000 9456 1.2257772 10
0.1255 0 0 90.5011 49343 15000 9379 1.2131384 9
0.1256 0 0 90.5036 49345 15000 9236 1.1935228 13
0.1257 0 0 90.5033 49346 15000 9238 1.1910348 10
0.1258 0 0 90.5054 49348 15000 9134 1.1804356 10
0.1259 0 0 90.5047 49350 15000 9311 1.2016008 11
0.126 0 0 90.5072 49351 15000 9376 1.2101396 12
0.1261 0 0 90.5054 49353 15000 9280 1.1983968 11
0.1262 0 0 90.5069 49354 15000 9322 1.20676 6
0.1263 0 0 90.5033 49356 15000 9263 1.1974772 5
0.1264 0 0 90.5047 49357 15000 9320 1.205502 5
0.1265 0 0 90.5011 49359 15000 9266 1.1997684 7
0.1266 0 0 90.504 49360 15000 9280 1.2017144 7
0.1267 0 0 90.5011 49362 15000 9367 1.2117184 6
0.1268 0 0 90.5036 49363 15000 9310 1.2030948 12
0.1269 0 0 90.4997 49365 15000 9139 1.1843784 2
0.127 0 0 90.5018 49367 15000 9387 1.2133948 8
0.1271 0 0 90.4982 49368 15000 9163 1.1832364 11
0.1272 0 0 90.5 49370 15000 9292 1.202416 11
0.1273 0 0 90.4968 49371 15000 9262 1.195668 15
0.1274 0 0 90.5015 49373 15000 9349 1.2076716 10
0.1275 0 0 90.5022 49374 15000 9315 1.2033824 7
0.1276 0 0 90.5062 49376 15000 9202 1.1908256 7
0.1277 0 0 90.5062 49377 15000 9470 1.2220456 8
0.1278 0 0 90.5069 49379 15000 9306 1.2003252 11
0.1279 0 0 90.5022 49380 15000 9391 1.210824 12
0.128 0 0 90.4993 49382 15000 9213 1.1866444 11
0.1281 0 0 90.4946 49384 15000 9353 1.2063652 6
0.1282 0 0 90.4914 49385 15000 9517 1.226202 7
0.1283 0 0 90.4896 49387 15000 9326 1.20472 7
0.1284 0 0 90.4892 49388 15000 9416 1.2159944 3
0.1285 0 0 90.491 49390 15000 9473 1.2227656 3
0.1286 0 0 90.4928 49391 15000 9342 1.2050924 10
0.1287 0 0 90.4953 49393 15000 9409 1.2135532 10
0.1288 0 0 90.4957 49394 15000 9354 1.2067348 7
0.1289 0 0 90.4979 49396 15000 9435 1.2216788 8
0.129 0 0 90.4957 49398 15000 9427 1.2162348 11
0.1291 0 0 90.496 49399 15000 9379 1.2075408 7
0.1292 0 0 90.4921 49401 15000 9353 1.206942 7
0.1293 0 0 90.4928 49402 15000 9157 1.1811656 10
0.1294 0 0 90.4885 49404 15000 9385 1.2136108 9
0.1295 0 0 90.4906 49405 15000 9250 1.1947356 8
0.1296 0 0 90.4874 49407 15000 9426 1.2169704 9
0.1297 0 0 90.4924 49408 15000 9486 1.2215948 8
0.1298 0 0 90.4921 49410 15000 9200 1.1908716 8
0.1299 0 0 90.4975 49411 15000 9325 1.2018084 6
0.13 0 0 90.4968 49413 15000 9196 1.187596 5
