0.115 0 0 127.993 32256 15000 10494 1.0865924 12
0.1151 0 0 127.995 32257 15000 10422 1.0800184 7
0.1152 0 0 127.99 32259 15000 10446 1.084586 8
0.1153 0 0 127.983 32260 15000 10452 1.0839548 11
0.1154 0 0 127.979 32261 15000 10379 1.0795312 10
0.1155 0 0 127.967 32263 15000 10499 1.0889952 13
0.1156 0 0 127.97 32264 15000 10464 1.0863592 10
0.1157 0 0 127.965 32266 15000 10522 1.0934264 10
0.1158 0 0 127.976 32267 15000 10586 1.0992728 10
0.1159 0 0 127.981 32269 15000 10477 1.0902396 9
0.116 0 0 127.994 32270 15000 10426 1.0815036 21
0.1161 0 0 128.008 32271 15000 10448 1.0872508 10
0.1162 0 0 128.018 32273 15000 10439 1.0844088 11
0.1163 0 0 128.032 32274 15000 10600 1.0982632 9
0.1164 0 0 128.035 32276 15000 10464 1.085558 12
0.1165 0 0 128.041 32277 15000 10446 1.0871716 12
0.1166 0 0 128.034 32278 15000 10459 1.0857164 8
0.1167 0 0 128.033 32280 15000 10238 1.06369 10
0.1168 0 0 128.023 32281 15000 10486 1.0850244 10
0.1169 0 0 128.017 32283 15000 10387 1.0751056 20
0.117 0 0 128.016 32284 15000 10322 1.071972 10
0.1171 0 0 128.013 32285 15000 10372 1.0701804 10
0.1172 0 0 128.024 32287 15000 10479 1.0886084 9
0.1173 0 0 128.026 32288 15000 10531 1.0902976 14
0.1174 0 0 128.042 32290 15000 10364 1.0768028 15
0.1175 0 0 128.047 32291 15000 10509 1.0922952 11
0.1176 0 0 128.061 32293 15000 10472 1.0852288 10
0.1177 0 0 128.065 32294 15000 10491 1.0906996 9
0.1178 0 0 128.069 32296 15000 10430 1.0824852 17
0.1179 0 0 128.068 32297 15000 10463 1.0887976 11
0.118 0 0 128.062 32298 15000 10419 1.0847884 13
0.1181 0 0 128.06 32300 15000 10503 1.0902792 12
0.1182 0 0 128.048 32301 15000 10461 1.0857728 11
0.1183 0 0 128.049 32303 15000 10514 1.094724 15
0.1184 0 0 128.039 32304 15000 10584 1.1018424 16
0.1185 0 0 128.045 32305 15000 10497 1.093144 10
0.1186 0 0 128.045 32307 15000 10345 1.0727224 12
0.1187 0 0 128.052 32309 15000 10460 1.0847316 13
0.1188 0 0 128.057 32310 15000 10428 1.0854964 19
0.1189 0 0 128.061 32311 15000 10374 1.081018 21
0.119 0 0 128.067 32313 15000 10303 1.0731408 15
0.1191 0 0 128.064 32314 15000 10523 1.0930044 15
0.1192 0 0 128.068 32316 15000 10542 1.091242 19
0.1193 0 0 128.059 32317 15000 10480 1.088944 20
0.1194 0 0 128.06 32319 15000 10209 1.0620764 14
0.1195 0 0 128.052 32320 15000 10317 1.07276 26
0.1196 0 0 128.052 32321 15000 10436 1.0824032 19
0.1197 0 0 128.049 32323 15000 10489 1.0851212 26
0.1198 0 0 128.05 32324 15000 10425 1.0854568 40
0.1199 0 0 128.053 32326 15000 10461 1.0845832 37
0.12 0 0 128.05 32327 15000 10423 1.0820224 36
0.1201 0 0 128.057 32329 15000 10348 1.0783576 68
0.1202 0 0 128.054 32330 15000 10515 1.0961048 95
0.1203 0 0 128.06 32331 15000 10440 1.0902064 108
0.1204 0 0 128.057 32333 15000 10467 1.0869828 135
0.1205 0 0 128.06 32334 15000 10405 1.0816268 147
0.1206 0 0 128.059 32335 15000 10501 1.0957376 176
0.1207 0 0 128.056 32337 15000 10577 1.098872 207
0.1208 0 0 128.054 32338 15000 10375 1.0779936 243
0.1209 0 0 128.045 32340 15000 10422 1.0811944 282
0.121 0 0 128.047 32341 15000 10449 1.0837296 305
0.1211 0 0 128.039 32343 15000 10447 1.083172 337
0.1212 0 0 128.04 32344 15000 10454 1.0830228 508
0.1213 0 0 128.035 32345 15000 10428 1.0814156 787
0.1214 0 0 128.032 32347 15000 10641 1.1006144 1092
0.1215 0 0 128.031 32348 15000 10436 1.0789616 1281
0.1216 0 0 128.025 32349 15000 10352 1.0715544 1566
0.1217 0 0 128.03 32351 15000 10315 1.0675324 1802
0.1218 0 0 128.025 32352 15000 10567 1.0939084 2014
0.1219 0 0 128.032 32354 15000 10447 1.078942 2334
0.122 0 0 128.032 32355 15000 10665 1.1005184 2649
0.1221 0 0 128.037 32356 15000 10320 1.0673676 2958
0.1222 0 0 128.042 32358 15000 10604 1.0915732 3539
0.1223 0 0 128.045 32359 15000 10585 1.0900612 3861
0.1224 0 0 128.051 32361 15000 10683 1.0996848 3173
0.1225 0 0 128.05 32362 15000 10522 1.0894408 2072
0.1226 0 0 128.054 32363 15000 10405 1.0802916 1141
0.1227 0 0 128.048 32365 15000 10481 1.0860524 674
0.1228 0 0 128.049 32366 15000 10552 1.0935168 483
0.1229 0 0 128.041 32368 15000 10469 1.0883936 362
0.123 0 0 128.038 32369 15000 10517 1.0895496 270
0.1231 0 0 128.036 32370 15000 10510 1.0945264 253
0.1232 0 0 128.031 32372 15000 10287 1.072128 206
0.1233 0 0 128.037 32373 15000 10623 1.103 192
0.1234 0 0 128.034 32375 15000 10464 1.0852268 184
0.1235 0 0 128.043 32376 15000 10420 1.0819212 152
0.1236 0 0 128.041 32378 15000 10463 1.0874624 173
0.1237 0 0 128.048 32379 15000 10291 1.0700372 118
0.1238 0 0 128.052 32380 15000 10483 1.087336 110
0.1239 0 0 128.054 32382 15000 10485 1.089408 114
0.124 0 0 128.059 32383 15000 10512 1.090132 109
0.1241 0 0 128.057 32385 15000 10445 1.0867004 98
0.1242 0 0 128.06 32386 15000 10533 1.0950376 95
0.1243 0 0 128.052 32387 15000 10302 1.073654 69
0.1244 0 0 128.054 32389 15000 10376 1.0794252 57
0.1245 0 0 128.049 32390 15000 10254 1.0668648 82
0.1246 0 0 128.048 32392 15000 10435 1.0867068 66
0.1247 0 0 128.048 32393 15000 10451 1.0888752 53
0.1248 0 0 128.048 32395 15000 10506 1.0915384 53
0.1249 0 0 128.055 32396 15000 10542 1.098908 67
0.125 0 0 128.055 32397 15000 10592 1.100594 61
0.1251 0 0 128.066 32399 15000 10581 1.098854 48
0.1252 0 0 128.066 32400 15000 10724 1.1114072 45
0.1253 0 0 128.075 32402 15000 10525 1.0906756 47
0.1254 0 0 128.075 32403 15000 10397 1.0753696 46
0.1255 0 0 128.077 32404 15000 10393 1.079014 45
0.1256 0 0 128.075 32406 15000 10498 1.088486 50
0.1257 0 0 128.069 32407 15000 10567 1.096248 36
0.1258 0 0 128.066 32409 15000 10472 1.0875432 33
0.1259 0 0 128.055 32410 15000 10611 1.1012296 35
0.126 0 0 128.057 32412 15000 10585 1.1015684 42
0.1261 0 0 128.05 32413 15000 10445 1.0840704 41
0.1262 0 0 128.057 32414 15000 10490 1.0904816 37
0.1263 0 0 128.058 32416 15000 10481 1.0900004 36
0.1264 0 0 128.067 32417 15000 10497 1.0925136 35
0.1265 0 0 128.075 32419 15000 10437 1.083058 36
0.1266 0 0 128.081 32420 15000 10656 1.105108 25
0.1267 0 0 128.091 32421 15000 10433 1.0827776 28
0.1268 0 0 128.091 32423 15000 10676 1.1081912 32
0.1269 0 0 128.098 32424 15000 10364 1.0750796 28
0.127 0 0 128.094 32426 15000 10480 1.088138 24
0.1271 0 0 128.098 32427 15000 10487 1.0921868 36
0.1272 0 0 128.091 32429 15000 10537 1.0940512 25
0.1273 0 0 128.091 32430 15000 10560 1.0958852 17
0.1274 0 0 128.083 32432 15000 10495 1.0894048 19
0.1275 0 0 128.076 32433 15000 10500 1.0945568 20
0.1276 0 0 128.071 32435 15000 10604 1.1034128 29
0.1277 0 0 128.063 32436 15000 10513 1.0902324 24
0.1278 0 0 128.066 32437 15000 10450 1.0845244 25
0.1279 0 0 128.059 32439 15000 10420 1.08371 24
0.128 0 0 128.067 32440 15000 10472 1.0912988 17
0.1281 0 0 128.066 32442 15000 10513 1.0925724 32
0.1282 0 0 128.074 32443 15000 10592 1.0985 25
0.1283 0 0 128.078 32444 15000 10611 1.1026392 23
0.1284 0 0 128.081 32446 15000 10611 1.1029904 17
0.1285 0 0 128.087 32447 15000 10527 1.0966928 39
0.1286 0 0 128.085 32448 15000 10514 1.0920928 28
0.1287 0 0 128.087 32450 15000 10470 1.0873272 28
0.1288 0 0 128.077 32451 15000 10368 1.0744424 23
0.1289 0 0 128.074 32453 15000 10534 1.0955808 24
0.129 0 0 128.063 32454 15000 10404 1.0835564 11
0.1291 0 0 128.055 32455 15000 10541 1.095602 34
0.1292 0 0 128.052 32457 15000 10241 1.0625916 22
0.1293 0 0 128.044 32458 15000 10526 1.092196 22
0.1294 0 0 128.048 32460 15000 10415 1.0827568 17
0.1295 0 0 128.045 32461 15000 10390 1.080078 22
0.1296 0 0 128.057 32462 15000 10594 1.1019312 15
0.1297 0 0 128.062 32464 15000 10432 1.0845176 17
0.1298 0 0 128.075 32465 15000 10635 1.1047172 27
0.1299 0 0 128.087 32467 15000 10396 1.0832092 29
0.13 0 0 128.096 32468 15000 10556 1.0940256 16
0.1301 0 0 128.101 32470 15000 10257 1.0645476 25
0.1302 0 0 128.098 32471 15000 10508 1.0949468 20
0.1303 0 0 128.099 32472 15000 10532 1.0958084 25
0.1304 0 0 128.089 32474 15000 10543 1.1005784 20
0.1305 0 0 128.089 32475 15000 10432 1.087528 27
0.1306 0 0 128.081 32477 15000 10490 1.0931928 28
0.1307 0 0 128.079 32478 15000 10545 1.0994788 21
0.1308 0 0 128.075 32480 15000 10592 1.1041532 18
0.1309 0 0 128.07 32481 15000 10538 1.095664 13
0.131 0 0 128.07 32482 15000 10412 1.084774 19
0.1311 0 0 128.063 32484 15000 10449 1.0857292 20
0.1312 0 0 128.063 32485 15000 10680 1.1101664 22
0.1313 0 0 128.052 32487 15000 10445 1.0877624 27
0.1314 0 0 128.052 32488 15000 10591 1.0994688 24
0.1315 0 0 128.044 32490 15000 10523 1.091496 17
0.1316 0 0 128.047 32491 15000 10370 1.0796868 23
0.1317 0 0 128.047 32492 15000 10497 1.091312 24
0.1318 0 0 128.047 32494 15000 10427 1.0857396 18
0.1319 0 0 128.053 32495 15000 10356 1.076372 22
0.132 0 0 128.051 32497 15000 10494 1.0944716 20
0.1321 0 0 128.059 32498 15000 10642 1.1111588 16
0.1322 0 0 128.057 32499 15000 10387 1.0823936 17
0.1323 0 0 128.063 32501 15000 10529 1.0973724 13
0.1324 0 0 128.057 32503 15000 10545 1.1001844 24
0.1325 0 0 128.06 32504 15000 10521 1.09398 17
0.1326 0 0 128.056 32505 15000 10499 1.0944092 19
0.1327 0 0 128.054 32507 15000 10453 1.0870456 12
0.1328 0 0 128.05 32508 15000 10617 1.1064456 15
0.1329 0 0 128.045 32510 15000 10405 1.0831964 26
0.133 0 0 128.046 32511 15000 10497 1.0905692 18
0.1331 0 0 128.041 32513 15000 10481 1.0909996 21
0.1332 0 0 128.046 32514 15000 10358 1.07922 23
0.1333 0 0 128.042 32515 15000 10393 1.0809512 18
0.1334 0 0 128.05 32517 15000 10480 1.0932756 17
0.1335 0 0 128.051 32518 15000 10551 1.0968868 13
0.1336 0 0 128.058 32520 15000 10619 1.1052304 14
0.1337 0 0 128.062 32521 15000 10327 1.0740452 15
0.1338 0 0 128.064 32523 15000 10364 1.0780488 19
0.1339 0 0 128.07 32524 15000 10576 1.0985548 21
0.134 0 0 128.066 32525 15000 10334 1.0758812 17
0.1341 0 0 128.071 32527 15000 10546 1.0979944 20
0.1342 0 0 128.065 32528 15000 10589 1.107238 11
0.1343 0 0 128.069 32530 15000 10414 1.0830988 20
0.1344 0 0 128.063 32531 15000 10470 1.0929224 17
0.1345 0 0 128.063 32532 15000 10555 1.1018084 7
0.1346 0 0 128.059 32534 15000 10450 1.0861512 14
0.1347 0 0 128.054 32535 15000 10491 1.091896 16
0.1348 0 0 128.057 32537 15000 10449 1.0856812 13
0.1349 0 0 128.053 32538 15000 10628 1.104802 16
0.135 0 0 128.062 32539 15000 10325 1.0773848 13
