0.105 0 0 74.4009 54805 15000 9091 1.2542532 4
0.1051 0 0 74.4015 54806 15000 8974 1.2381404 1
0.1052 0 0 74.4034 54808 15000 9080 1.2506416 4
0.1053 0 0 74.4038 54809 15000 9076 1.2488648 2
0.1054 0 0 74.4067 54811 15000 9175 1.2676824 5
0.1055 0 0 74.4084 54812 15000 9043 1.2454404 5
0.1056 0 0 74.414 54814 15000 8999 1.2412512 4
0.1057 0 0 74.4184 54816 15000 9146 1.2628244 1
0.1058 0 0 74.4271 54817 15000 9025 1.2435316 3
0.1059 0 0 74.4327 54819 15000 9093 1.2537936 2
0.106 0 0 74.439 54821 15000 9101 1.2568568 5
0.1061 0 0 74.4412 54822 15000 9225 1.2698852 5
0.1062 0 0 74.4421 54824 15000 8923 1.2308676 4
0.1063 0 0 74.4404 54825 15000 9115 1.2549108 5
0.1064 0 0 74.4398 54827 15000 9101 1.259268 7
0.1065 0 0 74.4369 54828 15000 9236 1.2733528 5
0.1066 0 0 74.4371 54830 15000 9134 1.2653296 5
0.1067 0 0 74.4358 54832 15000 9097 1.2596452 4
0.1068 0 0 74.4392 54833 15000 9193 1.2692436 6
0.1069 0 0 74.4429 54835 15000 9232 1.2727148 7
0.107 0 0 74.4491 54837 15000 9190 1.2742076 3
0.1071 0 0 74.4547 54838 15000 9095 1.2566796 3
0.1072 0 0 74.4614 54840 15000 9044 1.2532648 3
0.1073 0 0 74.4661 54842 15000 9094 1.253672 3
0.1074 0 0 74.4688 54843 15000 9160 1.2634068 4
0.1075 0 0 74.4684 54845 15000 8912 1.2327956 6
0.1076 0 0 74.4637 54846 15000 9092 1.2565356 4
0.1077 0 0 74.4572 54848 15000 8987 1.2452848 4
0.1078 0 0 74.4475 54850 15000 9038 1.2478684 4
0.1079 0 0 74.441 54851 15000 9066 1.2493988 7
0.108 0 0 74.4381 54853 15000 9121 1.2591228 6
0.1081 0 0 74.4408 54854 15000 9140 1.2609696 3
0.1082 0 0 74.4506 54856 15000 9045 1.252758 6
0.1083 0 0 74.463 54858 15000 9023 1.2464024 5
0.1084 0 0 74.4734 54859 15000 9152 1.2594432 3
0.1085 0 0 74.4817 54861 15000 9053 1.25431 5
0.1086 0 0 74.4861 54862 15000 9043 1.2472136 7
0.1087 0 0 74.4869 54864 15000 9021 1.2494904 4
0.1088 0 0 74.4834 54865 15000 9055 1.2491476 4
0.1089 0 0 74.4794 54867 15000 9083 1.254298 4
0.109 0 0 74.4757 54869 15000 9254 1.2785744 3
0.1091 0 0 74.4734 54870 15000 8974 1.2392736 3
0.1092 0 0 74.4747 54872 15000 8918 1.233702 2
0.1093 0 0 74.478 54873 15000 8950 1.2329968 7
0.1094 0 0 74.4859 54875 15000 9004 1.2424832 6
0.1095 0 0 74.4939 54877 15000 8985 1.2434256 7
0.1096 0 0 74.5047 54878 15000 9024 1.246528 7
0.1097 0 0 74.512 54880 15000 9134 1.2631472 5
0.1098 0 0 74.5171 54881 15000 8998 1.2483812 3
0.1099 0 0 74.518 54883 15000 9152 1.2645492 4
0.11 0 0 74.5157 54885 15000 8968 1.2377476 2
0.1101 0 0 74.5105 54886 15000 9208 1.26986 5
0.1102 0 0 74.5047 54888 15000 9069 1.2536008 10
0.1103 0 0 74.5002 54890 15000 9080 1.2594164 4
0.1104 0 0 74.4983 54891 15000 9101 1.2546852 10
0.1105 0 0 74.4985 54893 15000 9133 1.25759 3
0.1106 0 0 74.5004 54894 15000 9020 1.2457216 5
0.1107 0 0 74.5035 54896 15000 8917 1.2313324 6
0.1108 0 0 74.5068 54898 15000 8994 1.2418848 6
0.1109 0 0 74.5097 54899 15000 8989 1.2422888 1
0.111 0 0 74.512 54901 15000 8967 1.2389516 4
0.1111 0 0 74.5118 54902 15000 9057 1.2529028 1
0.1112 0 0 74.5089 54904 15000 9101 1.2586016 5
0.1113 0 0 74.5031 54905 15000 9102 1.2570612 3
0.1114 0 0 74.4952 54907 15000 9050 1.2513828 11
0.1115 0 0 74.4873 54909 15000 8998 1.2459252 5
0.1116 0 0 74.483 54910 15000 9056 1.250814 4
0.1117 0 0 74.4801 54912 15000 9112 1.2547624 5
0.1118 0 0 74.483 54913 15000 9066 1.2506204 3
0.1119 0 0 74.4869 54915 15000 9166 1.2662584 3
0.112 0 0 74.4964 54916 15000 9031 1.2490352 3
0.1121 0 0 74.5043 54918 15000 9161 1.2651244 11
0.1122 0 0 74.5132 54920 15000 9179 1.2674352 4
0.1123 0 0 74.5173 54921 15000 9065 1.2540336 3
0.1124 0 0 74.519 54923 15000 9148 1.2626496 7
0.1125 0 0 74.5155 54924 15000 8970 1.24013 12
0.1126 0 0 74.5113 54926 15000 8900 1.2317608 4
0.1127 0 0 74.5033 54927 15000 8955 1.2370948 6
0.1128 0 0 74.4991 54929 15000 9046 1.2486108 8
0.1129 0 0 74.4931 54931 15000 9198 1.2710188 8
0.113 0 0 74.4952 54932 15000 9096 1.2553968 9
0.1131 0 0 74.4958 54934 15000 9015 1.2441848 6
0.1132 0 0 74.5058 54935 15000 9140 1.2630364 12
0.1133 0 0 74.5136 54937 15000 9056 1.2560524 11
0.1134 0 0 74.5275 54938 15000 9165 1.2662056 7
0.1135 0 0 74.537 54940 15000 9061 1.25363 8
0.1136 0 0 74.5449 54942 15000 9173 1.2653492 10
0.1137 0 0 74.5463 54943 15000 8998 1.2426228 9
0.1138 0 0 74.5471 54945 15000 8997 1.243498 7
0.1139 0 0 74.5418 54946 15000 9051 1.2509876 8
0.114 0 0 74.5387 54948 15000 9248 1.2747368 7
0.1141 0 0 74.531 54949 15000 9114 1.2593452 18
0.1142 0 0 74.5277 54951 15000 8938 1.2385096 10
0.1143 0 0 74.5213 54953 15000 9176 1.269152 22
0.1144 0 0 74.5223 54954 15000 9063 1.2515276 31
0.1145 0 0 74.5213 54956 15000 9206 1.2710056 27
0.1146 0 0 74.5256 54957 15000 9168 1.266776 59
0.1147 0 0 74.5271 54959 15000 9075 1.2477516 64
0.1148 0 0 74.5325 54960 15000 9147 1.2615564 72
0.1149 0 0 74.5343 54962 15000 9055 1.2507644 102
0.115 0 0 74.5395 54964 15000 9145 1.266244 130
0.1151 0 0 74.5414 54965 15000 9034 1.2473964 157
0.1152 0 0 74.5444 54967 15000 8927 1.232494 240
0.1153 0 0 74.5436 54968 15000 9173 1.270612 320
0.1154 0 0 74.542 54970 15000 8987 1.239096 440
0.1155 0 0 74.536 54971 15000 9091 1.2550384 676
0.1156 0 0 74.5322 54973 15000 9171 1.2620996 1042
0.1157 0 0 74.5267 54975 15000 9218 1.2706228 1601
0.1158 0 0 74.5254 54976 15000 9107 1.2504764 1936
0.1159 0 0 74.5233 54978 15000 9151 1.2566388 2490
0.116 0 0 74.5275 54979 15000 9229 1.2664908 2835
0.1161 0 0 74.5308 54981 15000 9057 1.2440356 3164
0.1162 0 0 74.537 54983 15000 9168 1.2576412 3593
0.1163 0 0 74.5409 54984 15000 9157 1.2549448 3824
0.1164 0 0 74.5445 54986 15000 9197 1.263036 4333
0.1165 0 0 74.5442 54987 15000 9181 1.2551472 4800
0.1166 0 0 74.5418 54989 15000 9136 1.2476404 5414
0.1167 0 0 74.5351 54991 15000 9195 1.2557324 6582
0.1168 0 0 74.5296 54992 15000 9196 1.2434552 7075
0.1169 0 0 74.5233 54994 15000 9226 1.2625416 5552
0.117 0 0 74.5209 54995 15000 9252 1.2692772 3309
0.1171 0 0 74.5204 54997 15000 9138 1.2581876 1639
0.1172 0 0 74.5244 54998 15000 9054 1.2500684 950
0.1173 0 0 74.5318 55000 15000 8980 1.2407692 622
0.1174 0 0 74.5403 55002 15000 9071 1.2537308 462
0.1175 0 0 74.5486 55003 15000 8951 1.2345272 343
0.1176 0 0 74.5535 55005 15000 9094 1.2603448 274
0.1177 0 0 74.5546 55006 15000 9016 1.2422376 254
0.1178 0 0 74.5515 55008 15000 9180 1.2674708 224
0.1179 0 0 74.5453 55009 15000 8836 1.2185 189
0.118 0 0 74.5374 55011 15000 9084 1.2556164 163
0.1181 0 0 74.5302 55013 15000 8993 1.2419476 148
0.1182 0 0 74.5238 55014 15000 9105 1.2611176 161
0.1183 0 0 74.5219 55016 15000 9082 1.2550592 118
0.1184 0 0 74.5211 55017 15000 9080 1.2598928 96
0.1185 0 0 74.5252 55019 15000 9093 1.2546904 94
0.1186 0 0 74.5287 55020 15000 9151 1.2672 85
0.1187 0 0 74.5343 55022 15000 9130 1.2632916 79
0.1188 0 0 74.5374 55024 15000 9014 1.2506868 57
0.1189 0 0 74.5418 55025 15000 9135 1.2635376 62
0.119 0 0 74.5424 55027 15000 8967 1.240388 49
0.1191 0 0 74.5424 55028 15000 9099 1.2521544 34
0.1192 0 0 74.5397 55030 15000 9028 1.2491768 32
0.1193 0 0 74.5399 55032 15000 9128 1.2603288 36
0.1194 0 0 74.5368 55033 15000 8985 1.2482296 26
0.1195 0 0 74.5364 55035 15000 9081 1.2580356 19
0.1196 0 0 74.5333 55036 15000 9130 1.2624264 32
0.1197 0 0 74.536 55038 15000 9045 1.2450872 17
0.1198 0 0 74.5356 55039 15000 9016 1.246266 21
0.1199 0 0 74.5401 55041 15000 9204 1.2675616 16
0.12 0 0 74.5401 55043 15000 9175 1.2699612 13
0.1201 0 0 74.5434 55044 15000 9123 1.2598 15
0.1202 0 0 74.542 55046 15000 9190 1.2721028 21
0.1203 0 0 74.5424 55047 15000 9162 1.2632248 10
0.1204 0 0 74.5384 55049 15000 9198 1.268852 10
0.1205 0 0 74.5353 55051 15000 9164 1.2638636 12
0.1206 0 0 74.5277 55052 15000 9207 1.2748748 15
0.1207 0 0 74.5227 55054 15000 9202 1.2731816 9
0.1208 0 0 74.513 55056 15000 9173 1.2666008 13
0.1209 0 0 74.5055 55057 15000 9258 1.2794732 8
0.121 0 0 74.497 55059 15000 9204 1.2675104 14
0.1211 0 0 74.4935 55060 15000 9055 1.2519392 10
0.1212 0 0 74.4881 55062 15000 9179 1.2692908 14
0.1213 0 0 74.4898 55063 15000 9073 1.2488068 15
0.1214 0 0 74.491 55065 15000 9057 1.2519116 14
0.1215 0 0 74.4995 55067 15000 9047 1.2479488 13
0.1216 0 0 74.5057 55068 15000 9030 1.2489432 11
0.1217 0 0 74.5171 55070 15000 9220 1.2713588 11
0.1218 0 0 74.5234 55072 15000 9068 1.2549656 9
0.1219 0 0 74.5294 55073 15000 9089 1.2546116 7
0.122 0 0 74.5306 55075 15000 9078 1.2584232 7
0.1221 0 0 74.5323 55076 15000 9152 1.2670352 6
0.1222 0 0 74.5294 55078 15000 9026 1.2479624 6
0.1223 0 0 74.5242 55080 15000 9357 1.2932756 10
0.1224 0 0 74.5149 55081 15000 9228 1.2721444 10
0.1225 0 0 74.5093 55083 15000 9188 1.2701852 14
0.1226 0 0 74.5029 55084 15000 9051 1.2495412 18
0.1227 0 0 74.5039 55086 15000 9229 1.2745944 14
0.1228 0 0 74.5049 55088 15000 9088 1.258322 6
0.1229 0 0 74.5149 55089 15000 9192 1.2669068 5
0.123 0 0 74.5236 55091 15000 9081 1.259232 6
0.1231 0 0 74.5376 55092 15000 9083 1.2548108 11
0.1232 0 0 74.5471 55094 15000 8972 1.2421296 10
0.1233 0 0 74.5554 55095 15000 9132 1.2626208 4
0.1234 0 0 74.5573 55097 15000 9145 1.26008 7
0.1235 0 0 74.5573 55098 15000 9082 1.2551348 6
0.1236 0 0 74.5515 55100 15000 9215 1.2767536 4
0.1237 0 0 74.5467 55102 15000 9182 1.2718148 9
0.1238 0 0 74.5376 55103 15000 9038 1.251168 11
0.1239 0 0 74.5341 55105 15000 9204 1.2741032 10
0.124 0 0 74.5279 55106 15000 9163 1.26451 9
0.1241 0 0 74.5308 55108 15000 9064 1.2494484 13
0.1242 0 0 74.5316 55110 15000 9129 1.2648056 9
0.1243 0 0 74.5391 55111 15000 9049 1.254718 9
0.1244 0 0 74.5432 55113 15000 9064 1.2548364 10
0.1245 0 0 74.5505 55114 15000 9053 1.2560972 12
0.1246 0 0 74.5529 55116 15000 9118 1.2608516 8
0.1247 0 0 74.5552 55117 15000 9154 1.2615356 8
0.1248 0 0 74.5515 55119 15000 9223 1.2717536 6
0.1249 0 0 74.5492 55121 15000 9188 1.272262 3
0.125 0 0 74.5418 55122 15000 9112 1.2570024 10
