0.115 0 0 159.447 27068 20000 14473 1.4003976 15
0.1151 0 0 159.445 27069 20000 14343 1.3854608 15
0.1152 0 0 159.449 27071 20000 14605 1.4138868 12
0.1153 0 0 159.444 27073 20000 14578 1.4132096 12
0.1154 0 0 159.437 27074 20000 14548 1.408648 10
0.1155 0 0 159.43 27076 20000 14572 1.4119272 14
0.1156 0 0 159.414 27078 20000 14557 1.404676 11
0.1157 0 0 159.408 27080 20000 14357 1.3909532 13
0.1158 0 0 159.385 27081 20000 14530 1.4064348 17
0.1159 0 0 159.381 27083 20000 14761 1.4249332 9
0.116 0 0 159.364 27085 20000 14515 1.4075776 9
0.1161 0 0 159.371 27086 20000 14663 1.4186324 8
0.1162 0 0 159.366 27088 20000 14511 1.4005084 9
0.1163 0 0 159.385 27090 20000 14668 1.4240032 14
0.1164 0 0 159.391 27092 20000 14522 1.4072264 4
0.1165 0 0 159.409 27093 20000 14242 1.380736 13
0.1166 0 0 159.418 27095 20000 14590 1.4104016 8
0.1167 0 0 159.421 27097 20000 14444 1.4001812 11
0.1168 0 0 159.422 27099 20000 14455 1.4038212 14
0.1169 0 0 159.41 27100 20000 14542 1.410664 15
0.117 0 0 159.409 27102 20000 14474 1.3991928 13
0.1171 0 0 159.395 27104 20000 14488 1.4060996 21
0.1172 0 0 159.401 27106 20000 14477 1.402032 16
0.1173 0 0 159.397 27107 20000 14358 1.3895248 5
0.1174 0 0 159.411 27109 20000 14560 1.4099868 20
0.1175 0 0 159.415 27111 20000 14510 1.4062884 16
0.1176 0 0 159.425 27113 20000 14493 1.4008184 15
0.1177 0 0 159.43 27114 20000 14586 1.4120448 15
0.1178 0 0 159.432 27116 20000 14558 1.4071712 14
0.1179 0 0 159.437 27118 20000 14641 1.4149284 16
0.118 0 0 159.435 27120 20000 14633 1.4195936 13
0.1181 0 0 159.441 27121 20000 14696 1.4252384 12
0.1182 0 0 159.435 27123 20000 14492 1.405324 11
0.1183 0 0 159.441 27125 20000 14639 1.4172716 13
0.1184 0 0 159.433 27127 20000 14583 1.4093676 18
0.1185 0 0 159.441 27128 20000 14599 1.418052 15
0.1186 0 0 159.439 27130 20000 14676 1.423638 17
0.1187 0 0 159.441 27132 20000 14598 1.414558 15
0.1188 0 0 159.442 27134 20000 14525 1.4108308 24
0.1189 0 0 159.438 27135 20000 14494 1.401404 22
0.119 0 0 159.44 27137 20000 14417 1.3973568 19
0.1191 0 0 159.431 27139 20000 14468 1.3962888 16
0.1192 0 0 159.434 27141 20000 14544 1.4091256 23
0.1193 0 0 159.423 27142 20000 14481 1.40135 19
0.1194 0 0 159.426 27144 20000 14552 1.4079828 16
0.1195 0 0 159.417 27146 20000 14447 1.3956516 20
0.1196 0 0 159.424 27148 20000 14364 1.3942912 12
0.1197 0 0 159.42 27149 20000 14412 1.3955932 14
0.1198 0 0 159.427 27151 20000 14490 1.4035692 11
0.1199 0 0 159.428 27153 20000 14852 1.4375736 18
0.12 0 0 159.432 27154 20000 14554 1.4122792 20
0.1201 0 0 159.437 27156 20000 14477 1.4012168 8
0.1202 0 0 159.435 27158 20000 14600 1.4181292 11
0.1203 0 0 159.44 27160 20000 14428 1.3975232 16
0.1204 0 0 159.432 27161 20000 14556 1.41283 14
0.1205 0 0 159.436 27163 20000 14558 1.405142 15
0.1206 0 0 159.428 27165 20000 14510 1.4033556 19
0.1207 0 0 159.432 27166 20000 14577 1.4086832 23
0.1208 0 0 159.424 27168 20000 14439 1.3990764 11
0.1209 0 0 159.431 27170 20000 14555 1.4149712 11
0.121 0 0 159.426 27172 20000 14660 1.4236664 16
0.1211 0 0 159.431 27173 20000 14632 1.4163536 18
0.1212 0 0 159.429 27175 20000 14646 1.4185436 13
0.1213 0 0 159.432 27177 20000 14575 1.4147536 18
0.1214 0 0 159.436 27179 20000 14547 1.412682 13
0.1215 0 0 159.434 27180 20000 14541 1.4113256 11
0.1216 0 0 159.44 27182 20000 14450 1.4055044 18
0.1217 0 0 159.432 27184 20000 14551 1.4127512 14
0.1218 0 0 159.435 27186 20000 14518 1.4104756 19
0.1219 0 0 159.422 27187 20000 14410 1.3951724 14
0.122 0 0 159.423 27189 20000 14723 1.4324924 17
0.1221 0 0 159.409 27191 20000 14335 1.3901744 20
0.1222 0 0 159.414 27192 20000 14581 1.4122552 15
0.1223 0 0 159.408 27194 20000 14634 1.4222276 19
0.1224 0 0 159.416 27196 20000 14513 1.410004 19
0.1225 0 0 159.419 27198 20000 14710 1.4209724 24
0.1226 0 0 159.426 27199 20000 14572 1.4145856 19
0.1227 0 0 159.43 27201 20000 14449 1.4062456 7
0.1228 0 0 159.429 27203 20000 14406 1.3981484 22
0.1229 0 0 159.43 27204 20000 14465 1.4033992 24
0.123 0 0 159.419 27206 20000 14667 1.4205616 24
0.1231 0 0 159.418 27208 20000 14370 1.3900824 23
0.1232 0 0 159.398 27210 20000 14499 1.4112336 22
0.1233 0 0 159.396 27211 20000 14497 1.40837 24
0.1234 0 0 159.382 27213 20000 14438 1.39824 23
0.1235 0 0 159.388 27215 20000 14557 1.4123624 24
0.1236 0 0 159.387 27217 20000 14557 1.4077992 27
0.1237 0 0 159.396 27218 20000 14634 1.417174 26
0.1238 0 0 159.403 27220 20000 14501 1.4059388 21
0.1239 0 0 159.407 27222 20000 14582 1.4151544 22
0.124 0 0 159.414 27224 20000 14531 1.4084992 16
0.1241 0 0 159.409 27225 20000 14365 1.3939448 19
0.1242 0 0 159.413 27227 20000 14306 1.3858952 15
0.1243 0 0 159.403 27229 20000 14583 1.4150596 23
0.1244 0 0 159.407 27230 20000 14477 1.4016568 34
0.1245 0 0 159.396 27232 20000 14499 1.4067764 23
0.1246 0 0 159.401 27234 20000 14447 1.4008448 32
0.1247 0 0 159.395 27236 20000 14427 1.4008208 29
0.1248 0 0 159.401 27238 20000 14504 1.4086996 34
0.1249 0 0 159.402 27239 20000 14423 1.3988616 36
0.125 0 0 159.406 27241 20000 14411 1.3987648 43
0.1251 0 0 159.414 27243 20000 14674 1.4186228 42
0.1252 0 0 159.412 27244 20000 14525 1.4102336 54
0.1253 0 0 159.42 27246 20000 14497 1.404688 60
0.1254 0 0 159.413 27248 20000 14472 1.4040404 90
0.1255 0 0 159.418 27250 20000 14486 1.3986072 110
0.1256 0 0 159.409 27251 20000 14333 1.3912768 155
0.1257 0 0 159.412 27253 20000 14415 1.3973676 157
0.1258 0 0 159.404 27255 20000 14432 1.4008452 159
0.1259 0 0 159.404 27257 20000 14489 1.4013132 172
0.126 0 0 159.402 27258 20000 14541 1.4103212 166
0.1261 0 0 159.401 27260 20000 14467 1.4021164 194
0.1262 0 0 159.405 27262 20000 14510 1.4058344 255
0.1263 0 0 159.402 27264 20000 14693 1.4214824 318
0.1264 0 0 159.413 27266 20000 14609 1.415752 403
0.1265 0 0 159.41 27267 20000 14759 1.4304536 600
0.1266 0 0 159.422 27269 20000 14702 1.4237968 851
0.1267 0 0 159.421 27271 20000 14399 1.3938632 1150
0.1268 0 0 159.429 27272 20000 14569 1.4091696 1489
0.1269 0 0 159.424 27274 20000 14605 1.4091072 1756
0.127 0 0 159.423 27276 20000 14604 1.409718 2002
0.1271 0 0 159.42 27278 20000 14525 1.4064448 2293
0.1272 0 0 159.414 27280 20000 14690 1.4176412 2634
0.1273 0 0 159.415 27281 20000 14728 1.4226952 3226
0.1274 0 0 159.409 27283 20000 14598 1.403944 3842
0.1275 0 0 159.415 27285 20000 14662 1.4121 4105
0.1276 0 0 159.408 27286 20000 14492 1.3983588 3390
0.1277 0 0 159.418 27288 20000 14610 1.4113352 2777
0.1278 0 0 159.415 27290 20000 14405 1.394158 1559
0.1279 0 0 159.423 27292 20000 14459 1.4006348 823
0.128 0 0 159.424 27293 20000 14701 1.4251436 519
0.1281 0 0 159.427 27295 20000 14426 1.4007868 381
0.1282 0 0 159.431 27297 20000 14353 1.3956572 315
0.1283 0 0 159.428 27299 20000 14685 1.4264192 257
0.1284 0 0 159.433 27300 20000 14581 1.4142596 221
0.1285 0 0 159.425 27302 20000 14500 1.4132904 199
0.1286 0 0 159.427 27304 20000 14754 1.4299564 176
0.1287 0 0 159.415 27306 20000 14520 1.4068084 186
0.1288 0 0 159.415 27308 20000 14414 1.397808 147
0.1289 0 0 159.403 27309 20000 14382 1.3975776 131
0.129 0 0 159.403 27311 20000 14585 1.415652 126
0.1291 0 0 159.396 27313 20000 14642 1.4204104 117
0.1292 0 0 159.399 27314 20000 14434 1.3996484 111
0.1293 0 0 159.402 27316 20000 14386 1.400134 81
0.1294 0 0 159.407 27318 20000 14426 1.4007696 96
0.1295 0 0 159.415 27319 20000 14513 1.4126736 76
0.1296 0 0 159.418 27321 20000 14693 1.4296172 72
0.1297 0 0 159.426 27323 20000 14548 1.4117988 71
0.1298 0 0 159.421 27325 20000 14608 1.4194544 59
0.1299 0 0 159.425 27326 20000 14627 1.4232896 61
0.13 0 0 159.413 27328 20000 14467 1.4079448 64
0.1301 0 0 159.413 27330 20000 14565 1.4162568 60
0.1302 0 0 159.4 27332 20000 14388 1.3993992 68
0.1303 0 0 159.393 27333 20000 14503 1.411778 59
0.1304 0 0 159.38 27335 20000 14395 1.3990156 51
0.1305 0 0 159.371 27337 20000 14232 1.3858724 53
0.1306 0 0 159.366 27339 20000 14461 1.4053184 51
0.1307 0 0 159.361 27340 20000 14656 1.4211236 42
0.1308 0 0 159.367 27342 20000 14501 1.4118172 40
0.1309 0 0 159.367 27344 20000 14375 1.3938944 35
0.131 0 0 159.382 27345 20000 14466 1.4032888 31
0.1311 0 0 159.386 27347 20000 14479 1.4099436 39
0.1312 0 0 159.403 27349 20000 14457 1.4086416 41
0.1313 0 0 159.402 27350 20000 14365 1.3962396 48
0.1314 0 0 159.412 27352 20000 14487 1.4059808 32
0.1315 0 0 159.403 27354 20000 14557 1.415876 40
0.1316 0 0 159.405 27355 20000 14393 1.4015656 41
0.1317 0 0 159.393 27357 20000 14708 1.4322408 45
0.1318 0 0 159.39 27359 20000 14472 1.4073008 36
0.1319 0 0 159.38 27361 20000 14456 1.4069052 33
0.132 0 0 159.381 27362 20000 14633 1.421524 41
0.1321 0 0 159.382 27364 20000 14448 1.40763 39
0.1322 0 0 159.389 27366 20000 14620 1.4206236 33
0.1323 0 0 159.401 27368 20000 14686 1.4273228 26
0.1324 0 0 159.408 27369 20000 14647 1.4249692 41
0.1325 0 0 159.421 27371 20000 14526 1.4099808 32
0.1326 0 0 159.417 27373 20000 14613 1.4183496 32
0.1327 0 0 159.424 27375 20000 14428 1.3974192 35
0.1328 0 0 159.414 27376 20000 14563 1.4170108 29
0.1329 0 0 159.414 27378 20000 14594 1.4189424 41
0.133 0 0 159.4 27380 20000 14463 1.4042372 36
0.1331 0 0 159.396 27381 20000 14405 1.4026664 35
0.1332 0 0 159.386 27383 20000 14424 1.4035836 35
0.1333 0 0 159.383 27385 20000 14592 1.4190172 41
0.1334 0 0 159.386 27387 20000 14543 1.4124356 27
0.1335 0 0 159.389 27388 20000 14383 1.4004376 23
0.1336 0 0 159.401 27390 20000 14570 1.418678 20
0.1337 0 0 159.402 27392 20000 14630 1.424602 28
0.1338 0 0 159.416 27394 20000 14650 1.4247572 36
0.1339 0 0 159.415 27396 20000 14617 1.4228444 34
0.134 0 0 159.423 27397 20000 14563 1.4180264 33
0.1341 0 0 159.42 27399 20000 14572 1.4154636 32
0.1342 0 0 159.423 27401 20000 14459 1.405036 30
0.1343 0 0 159.419 27402 20000 14385 1.39907 32
0.1344 0 0 159.415 27404 20000 14420 1.4057068 26
0.1345 0 0 159.414 27406 20000 14471 1.4034944 22
0.1346 0 0 159.41 27407 20000 14306 1.3920192 34
0.1347 0 0 159.414 27409 20000 14651 1.4268608 23
0.1348 0 0 159.411 27411 20000 14430 1.40678 40
0.1349 0 0 159.422 27413 20000 14510 1.4143604 38
0.135 0 0 159.42 27414 20000 14466 1.4081648 26
