0.15 0 0 109.412 5051 1 8796 14752 1
0.1502 0 0 109.415 5052 1 8812 14706 4
0.1504 0 0 109.413 5054 1 8810 14946 2
0.1506 0 0 109.411 5055 1 8786 14753 3
0.1508 0 0 109.413 5056 1 8832 14736 3
0.151 0 0 109.408 5058 1 8815 14943 4
0.1512 0 0 109.413 5059 1 8814 14756 4
0.1514 0 0 109.411 5060 1 8827 14789 1
0.1516 0 0 109.413 5062 1 8814 14727 3
0.1518 0 0 109.416 5063 1 8821 14590 2
0.152 0 0 109.413 5064 1 8809 14850 5
0.1522 0 0 109.416 5066 1 8825 14731 5
0.1524 0 0 109.412 5067 1 8827 14631 2
0.1526 0 0 109.415 5069 1 8823 14639 0
0.1528 0 0 109.412 5070 1 8837 14784 8
0.153 0 0 109.413 5071 1 8814 14704 3
0.1532 0 0 109.414 5073 1 8800 14813 4
0.1534 0 0 109.412 5074 1 8794 14830 2
0.1536 0 0 109.418 5075 1 8779 14697 0
0.1538 0 0 109.415 5077 1 8834 14682 1
0.154 0 0 109.418 5078 1 8828 14695 2
0.1542 0 0 109.416 5079 1 8829 14860 4
0.1544 0 0 109.415 5081 1 8835 14740 5
0.1546 0 0 109.415 5082 1 8830 14808 4
0.1548 0 0 109.41 5084 1 8839 14841 1
0.155 0 0 109.413 5085 1 8817 14715 2
0.1552 0 0 109.408 5086 1 8833 14913 1
0.1554 0 0 109.411 5088 1 8810 14924 1
0.1556 0 0 109.411 5089 1 8821 14662 2
0.1558 0 0 109.41 5090 1 8824 14779 3
0.156 0 0 109.413 5092 1 8809 14904 1
0.1562 0 0 109.41 5093 1 8816 14936 3
0.1564 0 0 109.414 5094 1 8835 14838 2
0.1566 0 0 109.412 5096 1 8831 14572 5
0.1568 0 0 109.413 5097 1 8816 14795 0
0.157 0 0 109.415 5098 1 8795 14807 3
0.1572 0 0 109.413 5100 1 8829 14973 3
0.1574 0 0 109.418 5101 1 8809 14497 6
0.1576 0 0 109.416 5103 1 8791 14867 4
0.1578 0 0 109.421 5104 1 8818 14848 1
0.158 0 0 109.418 5105 1 8801 14717 0
0.1582 0 0 109.418 5107 1 8821 15038 3
0.1584 0 0 109.416 5108 1 8779 14611 2
0.1586 0 0 109.41 5109 1 8827 14566 4
0.1588 0 0 109.411 5110 1 8804 14765 1
0.159 0 0 109.405 5112 1 8813 14607 1
0.1592 0 0 109.404 5113 1 8820 14913 1
0.1594 0 0 109.404 5114 1 8810 14705 3
0.1596 0 0 109.401 5116 1 8831 14831 4
0.1598 0 0 109.408 5117 1 8796 14776 3
0.16 0 0 109.407 5119 1 8821 14585 3
0.1602 0 0 109.413 5120 1 8786 14535 2
0.1604 0 0 109.413 5121 1 8792 14635 0
0.1606 0 0 109.416 5123 1 8798 14674 1
0.1608 0 0 109.416 5124 1 8815 14614 3
0.161 0 0 109.413 5125 1 8832 14694 1
0.1612 0 0 109.413 5127 1 8788 14454 3
0.1614 0 0 109.406 5128 1 8804 14541 1
0.1616 0 0 109.407 5129 1 8805 14796 4
0.1618 0 0 109.406 5130 1 8800 14722 1
0.162 0 0 109.404 5132 1 8831 14903 1
0.1622 0 0 109.408 5133 1 8800 14655 4
0.1624 0 0 109.406 5135 1 8815 14870 4
0.1626 0 0 109.412 5136 1 8807 14602 1
0.1628 0 0 109.411 5137 1 8843 15012 0
0.163 0 0 109.416 5139 1 8803 14610 1
0.1632 0 0 109.416 5140 1 8818 14800 0
0.1634 0 0 109.415 5142 1 8815 14533 3
0.1636 0 0 109.415 5143 1 8805 14758 1
0.1638 0 0 109.409 5144 1 8810 14833 0
0.164 0 0 109.411 5146 1 8802 14695 3
0.1642 0 0 109.406 5147 1 8795 14670 1
0.1644 0 0 109.406 5148 1 8817 14682 4
0.1646 0 0 109.406 5150 1 8804 14779 3
0.1648 0 0 109.406 5151 1 8826 14849 4
0.165 0 0 109.411 5152 1 8813 14891 3
0.1652 0 0 109.41 5154 1 8794 14476 1
0.1654 0 0 109.417 5155 1 8820 14780 2
0.1656 0 0 109.416 5157 1 8803 14638 2
0.1658 0 0 109.42 5158 1 8793 14800 5
0.166 0 0 109.419 5159 1 8827 14867 1
0.1662 0 0 109.417 5160 1 8823 14860 3
0.1664 0 0 109.419 5162 1 8821 14772 2
0.1666 0 0 109.414 5163 1 8808 15049 5
0.1668 0 0 109.417 5165 1 8800 14776 1
0.167 0 0 109.413 5166 1 8841 14828 4
0.1672 0 0 109.415 5167 1 8791 14902 4
0.1674 0 0 109.414 5169 1 8791 14900 0
0.1676 0 0 109.413 5170 1 8826 14448 3
0.1678 0 0 109.415 5172 1 8796 14742 2
0.168 0 0 109.411 5173 1 8798 14711 4
0.1682 0 0 109.416 5174 1 8833 14798 1
0.1684 0 0 109.413 5176 1 8793 14826 1
0.1686 0 0 109.416 5177 1 8807 14717 3
0.1688 0 0 109.419 5178 1 8837 14769 1
0.169 0 0 109.418 5180 1 8783 14619 4
0.1692 0 0 109.423 5181 1 8819 14647 1
0.1694 0 0 109.419 5183 1 8809 14782 4
0.1696 0 0 109.423 5184 1 8806 14493 2
0.1698 0 0 109.417 5185 1 8819 14900 2
0.17 0 0 109.418 5187 1 8781 14387 0
0.1702 0 0 109.416 5188 1 8811 14737 1
0.1704 0 0 109.412 5189 1 8814 14967 1
0.1706 0 0 109.414 5191 1 8830 14665 0
0.1708 0 0 109.409 5192 1 8838 14486 2
0.171 0 0 109.411 5193 1 8796 14850 2
0.1712 0 0 109.41 5194 1 8809 14848 2
0.1714 0 0 109.408 5196 1 8804 14601 3
0.1716 0 0 109.413 5197 1 8806 14873 0
0.1718 0 0 109.411 5199 1 8802 14423 4
0.172 0 0 109.418 5200 1 8779 14602 0
0.1722 0 0 109.416 5201 1 8801 14657 2
0.1724 0 0 109.42 5203 1 8806 14705 2
0.1726 0 0 109.42 5204 1 8837 14640 1
0.1728 0 0 109.418 5205 1 8809 14808 2
0.173 0 0 109.42 5207 1 8819 14900 1
0.1732 0 0 109.413 5208 1 8862 14877 4
0.1734 0 0 109.413 5209 1 8813 14707 2
0.1736 0 0 109.407 5211 1 8822 14927 3
0.1738 0 0 109.403 5212 1 8810 14643 1
0.174 0 0 109.404 5213 1 8823 14686 3
0.1742 0 0 109.399 5215 1 8821 14717 3
0.1744 0 0 109.403 5216 1 8826 14756 0
0.1746 0 0 109.402 5217 1 8814 14896 3
0.1748 0 0 109.405 5219 1 8802 14722 2
0.175 0 0 109.406 5220 1 8783 14829 6
0.1752 0 0 109.405 5221 1 8839 14749 4
0.1754 0 0 109.408 5223 1 8825 14624 3
0.1756 0 0 109.405 5224 1 8796 14913 2
0.1758 0 0 109.408 5226 1 8818 14736 2
0.176 0 0 109.406 5227 1 8812 14729 1
0.1762 0 0 109.408 5228 1 8835 14577 2
0.1764 0 0 109.411 5229 1 8823 14805 1
0.1766 0 0 109.408 5231 1 8761 14884 2
0.1768 0 0 109.413 5232 1 8793 14646 2
0.177 0 0 109.408 5234 1 8793 14557 0
0.1772 0 0 109.411 5235 1 8803 14669 1
0.1774 0 0 109.408 5236 1 8812 14621 6
0.1776 0 0 109.406 5238 1 8821 14833 0
0.1778 0 0 109.408 5239 1 8785 14593 4
0.178 0 0 109.404 5240 1 8782 14835 0
0.1782 0 0 109.406 5242 1 8806 14422 3
0.1784 0 0 109.401 5243 1 8818 14599 3
0.1786 0 0 109.404 5244 1 8787 14700 2
0.1788 0 0 109.405 5246 1 8806 14613 3
0.179 0 0 109.404 5247 1 8796 14631 4
0.1792 0 0 109.408 5248 1 8816 14603 4
0.1794 0 0 109.403 5250 1 8795 14689 4
0.1796 0 0 109.407 5251 1 8797 14533 3
0.1798 0 0 109.406 5252 1 8818 15040 4
0.18 0 0 109.405 5254 1 8778 14507 1
0.1802 0 0 109.407 5255 1 8840 14770 5
0.1804 0 0 109.403 5256 1 8814 14750 2
0.1806 0 0 109.408 5258 1 8804 14689 2
0.1808 0 0 109.406 5259 1 8834 14464 1
0.181 0 0 109.408 5260 1 8819 14888 3
0.1812 0 0 109.408 5262 1 8809 14663 4
0.1814 0 0 109.407 5263 1 8817 14660 2
0.1816 0 0 109.41 5265 1 8807 14784 1
0.1818 0 0 109.406 5266 1 8804 14558 6
0.182 0 0 109.408 5267 1 8814 14736 1
0.1822 0 0 109.404 5268 1 8788 14696 2
0.1824 0 0 109.404 5270 1 8809 14679 1
0.1826 0 0 109.403 5271 1 8769 14790 5
0.1828 0 0 109.398 5273 1 8829 14888 2
0.183 0 0 109.401 5274 1 8803 14686 4
0.1832 0 0 109.396 5275 1 8793 14628 3
0.1834 0 0 109.402 5277 1 8794 14845 0
0.1836 0 0 109.401 5278 1 8786 14401 2
0.1838 0 0 109.407 5280 1 8788 14758 0
0.184 0 0 109.411 5281 1 8812 14762 5
0.1842 0 0 109.413 5282 1 8782 14703 0
0.1844 0 0 109.418 5283 1 8814 14471 2
0.1846 0 0 109.414 5285 1 8818 14973 1
0.1848 0 0 109.417 5286 1 8808 14840 2
0.185 0 0 109.413 5287 1 8798 14660 1
0.1852 0 0 109.41 5289 1 8820 14697 1
0.1854 0 0 109.407 5290 1 8837 14931 4
0.1856 0 0 109.4 5292 1 8833 14764 5
0.1858 0 0 109.401 5293 1 8799 14580 1
0.186 0 0 109.393 5294 1 8813 14902 3
0.1862 0 0 109.398 5296 1 8801 14742 1
0.1864 0 0 109.398 5297 1 8773 14702 5
0.1866 0 0 109.4 5298 1 8816 14558 4
0.1868 0 0 109.404 5300 1 8802 14844 2
0.187 0 0 109.403 5301 1 8829 14772 1
0.1872 0 0 109.408 5302 1 8777 14847 3
0.1874 0 0 109.405 5304 1 8832 14884 0
0.1876 0 0 109.405 5305 1 8787 14752 0
0.1878 0 0 109.403 5306 1 8788 14731 0
0.188 0 0 109.397 5308 1 8816 14776 2
0.1882 0 0 109.398 5309 1 8778 14687 3
0.1884 0 0 109.393 5311 1 8842 14901 4
0.1886 0 0 109.397 5312 1 8809 14845 1
0.1888 0 0 109.395 5313 1 8796 14699 2
0.189 0 0 109.398 5315 1 8813 14680 2
0.1892 0 0 109.4 5316 1 8802 14719 2
0.1894 0 0 109.398 5317 1 8817 14746 1
0.1896 0 0 109.405 5318 1 8814 14616 2
0.1898 0 0 109.403 5320 1 8817 14672 5
0.19 0 0 109.408 5321 1 8794 14562 1
0.1902 0 0 109.41 5322 1 8815 14814 3
0.1904 0 0 109.409 5324 1 8796 14844 5
0.1906 0 0 109.412 5325 1 8768 14646 0
0.1908 0 0 109.406 5327 1 8807 14544 3
0.191 0 0 109.408 5328 1 8813 14759 2
0.1912 0 0 109.401 5329 1 8803 14649 4
0.1914 0 0 109.402 5331 1 8794 14423 4
0.1916 0 0 109.4 5332 1 8808 14450 4
0.1918 0 0 109.396 5333 1 8802 14671 2
0.192 0 0 109.398 5335 1 8774 14514 4
0.1922 0 0 109.393 5336 1 8792 14602 2
0.1924 0 0 109.399 5337 1 8820 14976 7
0.1926 0 0 109.4 5339 1 8822 14550 3
0.1928 0 0 109.403 5340 1 8820 14685 3
0.193 0 0 109.406 5341 1 8828 14698 3
0.1932 0 0 109.402 5343 1 8792 14667 2
0.1934 0 0 109.404 5344 1 8803 14560 2
0.1936 0 0 109.397 5346 1 8804 14860 3
0.1938 0 0 109.396 5347 1 8796 14595 3
0.194 0 0 109.39 5348 1 8801 14688 1
0.1942 0 0 109.388 5350 1 8811 14678 6
0.1944 0 0 109.387 5351 1 8791 14779 2
0.1946 0 0 109.383 5352 1 8781 14585 3
0.1948 0 0 109.388 5354 1 8788 14610 2
0.195 0 0 109.387 5355 1 8786 14655 2
0.1952 0 0 109.393 5356 1 8815 14732 4
0.1954 0 0 109.396 5358 1 8795 14765 1
0.1956 0 0 109.399 5359 1 8789 14589 2
0.1958 0 0 109.406 5360 1 8814 14634 1
0.196 0 0 109.404 5362 1 8802 14914 3
0.1962 0 0 109.407 5363 1 8807 14710 2
0.1964 0 0 109.401 5365 1 8820 14721 1
0.1966 0 0 109.401 5366 1 8806 14588 1
0.1968 0 0 109.396 5367 1 8822 14757 2
0.197 0 0 109.391 5369 1 8816 14818 4
0.1972 0 0 109.391 5370 1 8793 14739 1
0.1974 0 0 109.383 5371 1 8797 14769 1
0.1976 0 0 109.387 5373 1 8796 14649 6
0.1978 0 0 109.386 5374 1 8822 14641 1
0.198 0 0 109.388 5375 1 8801 14828 3
0.1982 0 0 109.393 5377 1 8790 14678 2
0.1984 0 0 109.393 5378 1 8810 14706 3
0.1986 0 0 109.398 5379 1 8826 14768 2
0.1988 0 0 109.394 5381 1 8816 14873 5
0.199 0 0 109.397 5382 1 8797 14844 3
0.1992 0 0 109.393 5383 1 8753 14528 3
0.1994 0 0 109.391 5385 1 8780 14546 1
0.1996 0 0 109.391 5386 1 8800 14877 3
0.1998 0 0 109.383 5387 1 8806 14552 2
0.2 0 0 109.385 5389 1 8822 14594 1
0.2002 0 0 109.381 5390 1 8826 14638 2
0.2004 0 0 109.383 5391 1 8790 14609 4
0.2006 0 0 109.386 5393 1 8833 14689 4
0.2008 0 0 109.386 5394 1 8805 14502 6
0.201 0 0 109.395 5395 1 8780 14502 7
0.2012 0 0 109.396 5397 1 8829 14610 1
0.2014 0 0 109.404 5398 1 8781 14886 3
0.2016 0 0 109.406 5400 1 8786 14807 3
0.2018 0 0 109.408 5401 1 8807 14652 1
0.202 0 0 109.409 5402 1 8798 14398 4
0.2022 0 0 109.405 5404 1 8792 14469 2
0.2024 0 0 109.406 5405 1 8785 14592 6
0.2026 0 0 109.398 5406 1 8777 14587 4
0.2028 0 0 109.399 5408 1 8811 14393 6
0.203 0 0 109.397 5409 1 8839 14486 9
0.2032 0 0 109.393 5410 1 8787 14780 9
0.2034 0 0 109.397 5411 1 8775 14597 5
0.2036 0 0 109.393 5413 1 8784 14653 6
0.2038 0 0 109.397 5414 1 8808 14683 2
0.204 0 0 109.396 5416 1 8806 14704 6
0.2042 0 0 109.397 5417 1 8777 14586 5
0.2044 0 0 109.398 5418 1 8807 14708 12
0.2046 0 0 109.395 5420 1 8810 14726 15
0.2048 0 0 109.398 5421 1 8789 14698 15
0.205 0 0 109.394 5422 1 8793 14683 17
0.2052 0 0 109.396 5424 1 8826 14662 26
0.2054 0 0 109.393 5425 1 8814 14701 34
0.2056 0 0 109.391 5426 1 8784 14789 50
0.2058 0 0 109.391 5428 1 8798 14778 79
0.206 0 0 109.385 5429 1 8804 14456 134
0.2062 0 0 109.388 5430 1 8804 14478 176
0.2064 0 0 109.385 5432 1 8800 14619 231
0.2066 0 0 109.387 5433 1 8790 14782 276
0.2068 0 0 109.388 5435 1 8785 14696 375
0.207 0 0 109.387 5436 1 8810 14961 309
0.2072 0 0 109.392 5437 1 8817 14832 253
0.2074 0 0 109.39 5439 1 8837 14860 200
0.2076 0 0 109.395 5440 1 8807 14731 129
0.2078 0 0 109.393 5441 1 8822 14594 116
0.208 0 0 109.395 5443 1 8811 14644 82
0.2082 0 0 109.396 5444 1 8787 14810 68
0.2084 0 0 109.392 5445 1 8781 14593 76
0.2086 0 0 109.393 5446 1 8828 14752 49
0.2088 0 0 109.388 5448 1 8816 14483 39
0.209 0 0 109.388 5449 1 8754 14803 49
0.2092 0 0 109.386 5451 1 8789 14748 53
0.2094 0 0 109.384 5452 1 8805 14733 41
0.2096 0 0 109.386 5453 1 8821 14675 34
0.2098 0 0 109.383 5455 1 8793 14485 31
0.21 0 0 109.39 5456 1 8793 14776 14
0.2102 0 0 109.389 5458 1 8799 14465 16
0.2104 0 0 109.397 5459 1 8824 14660 16
0.2106 0 0 109.398 5460 1 8781 14539 14
0.2108 0 0 109.402 5462 1 8778 14561 13
0.211 0 0 109.405 5463 1 8801 14640 11
0.2112 0 0 109.402 5464 1 8802 14838 7
0.2114 0 0 109.406 5466 1 8817 14927 4
0.2116 0 0 109.401 5467 1 8776 14786 6
0.2118 0 0 109.403 5468 1 8798 14465 1
0.212 0 0 109.401 5470 1 8803 14584 3
0.2122 0 0 109.4 5471 1 8777 14613 2
0.2124 0 0 109.403 5473 1 8825 14663 5
0.2126 0 0 109.4 5474 1 8776 14493 4
0.2128 0 0 109.404 5475 1 8794 14693 3
0.213 0 0 109.401 5477 1 8789 14662 3
0.2132 0 0 109.403 5478 1 8772 14623 5
0.2134 0 0 109.403 5479 1 8780 14557 4
0.2136 0 0 109.401 5481 1 8781 14631 1
0.2138 0 0 109.401 5482 1 8784 14595 1
0.214 0 0 109.395 5483 1 8756 14617 4
0.2142 0 0 109.398 5485 1 8797 14690 4
0.2144 0 0 109.396 5486 1 8800 14658 1
0.2146 0 0 109.4 5487 1 8778 14385 3
0.2148 0 0 109.401 5489 1 8807 14569 3
0.215 0 0 109.401 5490 1 8821 14523 2
0.2152 0 0 109.404 5491 1 8820 14551 1
0.2154 0 0 109.401 5493 1 8788 14666 4
0.2156 0 0 109.406 5494 1 8788 14315 2
0.2158 0 0 109.407 5495 1 8809 14643 1
0.216 0 0 109.408 5497 1 8823 14654 1
0.2162 0 0 109.413 5498 1 8778 14705 1
0.2164 0 0 109.411 5499 1 8790 14697 0
0.2166 0 0 109.416 5501 1 8803 14629 5
0.2168 0 0 109.413 5502 1 8802 14600 1
0.217 0 0 109.413 5503 1 8806 14547 4
0.2172 0 0 109.411 5505 1 8786 14683 2
0.2174 0 0 109.406 5506 1 8770 14373 2
0.2176 0 0 109.405 5508 1 8814 14681 1
0.2178 0 0 109.398 5509 1 8783 14712 3
0.218 0 0 109.398 5510 1 8820 14738 0
0.2182 0 0 109.392 5512 1 8775 14671 0
0.2184 0 0 109.392 5513 1 8799 14515 3
0.2186 0 0 109.395 5514 1 8812 14761 5
0.2188 0 0 109.393 5516 1 8810 14715 2
0.219 0 0 109.401 5517 1 8812 14602 5
0.2192 0 0 109.401 5518 1 8781 14736 2
0.2194 0 0 109.406 5520 1 8800 14512 4
0.2196 0 0 109.407 5521 1 8813 14673 1
0.2198 0 0 109.407 5522 1 8777 14762 3
0.22 0 0 109.408 5524 1 8818 14642 3
0.2202 0 0 109.404 5525 1 8832 14687 2
0.2204 0 0 109.407 5526 1 8772 14625 3
0.2206 0 0 109.403 5528 1 8809 14674 1
0.2208 0 0 109.405 5529 1 8778 14610 3
0.221 0 0 109.404 5530 1 8788 14657 2
0.2212 0 0 109.401 5532 1 8782 14585 0
0.2214 0 0 109.405 5533 1 8818 14833 1
0.2216 0 0 109.401 5534 1 8779 14595 1
0.2218 0 0 109.405 5536 1 8793 14681 1
0.222 0 0 109.401 5537 1 8799 14702 4
0.2222 0 0 109.401 5539 1 8793 14589 2
0.2224 0 0 109.4 5540 1 8791 14525 3
0.2226 0 0 109.396 5541 1 8778 14650 1
0.2228 0 0 109.397 5543 1 8751 14694 5
0.223 0 0 109.391 5544 1 8808 14635 2
0.2232 0 0 109.396 5545 1 8784 14543 2
0.2234 0 0 109.393 5547 1 8790 14605 3
0.2236 0 0 109.396 5548 1 8800 14617 2
0.2238 0 0 109.4 5550 1 8804 14676 2
0.224 0 0 109.399 5551 1 8805 14622 1
0.2242 0 0 109.403 5552 1 8783 14687 2
0.2244 0 0 109.401 5554 1 8787 14635 3
0.2246 0 0 109.403 5555 1 8798 14559 2
0.2248 0 0 109.398 5556 1 8776 14822 1
0.225 0 0 109.399 5558 1 8796 14365 3
0.2252 0 0 109.398 5559 1 8796 14563 1
0.2254 0 0 109.396 5560 1 8779 14623 3
0.2256 0 0 109.399 5562 1 8769 14770 0
0.2258 0 0 109.397 5563 1 8806 14749 1
0.226 0 0 109.401 5564 1 8779 14693 1
0.2262 0 0 109.403 5566 1 8791 14792 4
0.2264 0 0 109.404 5567 1 8796 14600 0
0.2266 0 0 109.408 5568 1 8772 14584 2
0.2268 0 0 109.404 5570 1 8795 14473 3
0.227 0 0 109.408 5571 1 8758 14797 1
0.2272 0 0 109.404 5573 1 8811 14597 4
0.2274 0 0 109.404 5574 1 8807 14196 2
0.2276 0 0 109.401 5575 1 8781 14477 2
0.2278 0 0 109.396 5577 1 8774 14698 1
0.228 0 0 109.397 5578 1 8753 14707 2
0.2282 0 0 109.391 5579 1 8788 14611 3
0.2284 0 0 109.396 5581 1 8776 14740 4
0.2286 0 0 109.398 5582 1 8781 14579 1
0.2288 0 0 109.399 5583 1 8777 14615 2
0.229 0 0 109.405 5584 1 8794 14536 2
0.2292 0 0 109.403 5586 1 8801 14632 2
0.2294 0 0 109.408 5587 1 8785 14435 1
0.2296 0 0 109.405 5589 1 8771 14564 0
0.2298 0 0 109.406 5590 1 8764 14777 1
0.23 0 0 109.403 5591 1 8801 14670 1
0.2302 0 0 109.401 5593 1 8778 14614 3
0.2304 0 0 109.401 5594 1 8773 14562 5
0.2306 0 0 109.396 5596 1 8792 14736 3
0.2308 0 0 109.399 5597 1 8792 14556 1
0.231 0 0 109.396 5598 1 8818 14593 2
0.2312 0 0 109.397 5599 1 8768 14658 3
0.2314 0 0 109.396 5601 1 8794 14645 0
0.2316 0 0 109.393 5602 1 8795 14573 4
0.2318 0 0 109.396 5604 1 8783 14681 0
0.232 0 0 109.392 5605 1 8771 14608 3
0.2322 0 0 109.398 5606 1 8775 14677 3
0.2324 0 0 109.396 5608 1 8800 14797 5
0.2326 0 0 109.399 5609 1 8774 14638 1
0.2328 0 0 109.397 5611 1 8795 14747 0
0.233 0 0 109.396 5612 1 8807 14652 4
0.2332 0 0 109.398 5613 1 8799 14563 4
0.2334 0 0 109.393 5615 1 8783 14616 4
0.2336 0 0 109.397 5616 1 8797 14563 4
0.2338 0 0 109.396 5617 1 8780 14491 0
0.234 0 0 109.398 5619 1 8772 14547 2
0.2342 0 0 109.399 5620 1 8769 14624 1
0.2344 0 0 109.398 5621 1 8748 14655 3
0.2346 0 0 109.403 5623 1 8809 14801 1
0.2348 0 0 109.4 5624 1 8783 14596 1
0.235 0 0 109.405 5626 1 8803 14716 0
0.2352 0 0 109.403 5627 1 8781 14595 0
0.2354 0 0 109.405 5628 1 8772 14400 1
0.2356 0 0 109.408 5629 1 8768 14656 5
0.2358 0 0 109.406 5631 1 8790 14457 3
0.236 0 0 109.412 5632 1 8789 14552 2
0.2362 0 0 109.41 5633 1 8801 14514 2
0.2364 0 0 109.413 5635 1 8801 14541 3
0.2366 0 0 109.414 5636 1 8797 14523 0
0.2368 0 0 109.413 5638 1 8791 14638 2
0.237 0 0 109.416 5639 1 8754 14525 1
0.2372 0 0 109.413 5640 1 8801 14347 1
0.2374 0 0 109.417 5642 1 8794 14644 3
0.2376 0 0 109.413 5643 1 8760 14298 3
0.2378 0 0 109.417 5644 1 8748 14518 3
0.238 0 0 109.415 5646 1 8764 14638 2
0.2382 0 0 109.413 5647 1 8753 14644 1
0.2384 0 0 109.413 5648 1 8748 14615 1
0.2386 0 0 109.406 5650 1 8806 14611 1
0.2388 0 0 109.406 5651 1 8801 14693 0
0.239 0 0 109.4 5653 1 8766 14532 3
0.2392 0 0 109.402 5654 1 8766 14460 0
0.2394 0 0 109.402 5655 1 8769 14381 0
0.2396 0 0 109.403 5657 1 8777 14517 0
0.2398 0 0 109.407 5658 1 8809 14728 4
0.24 0 0 109.407 5660 1 8792 14525 2
0.2402 0 0 109.413 5661 1 8797 14741 1
0.2404 0 0 109.411 5662 1 8785 14859 4
0.2406 0 0 109.414 5664 1 8802 14680 1
0.2408 0 0 109.413 5665 1 8780 14209 1
0.241 0 0 109.41 5666 1 8773 14582 2
0.2412 0 0 109.411 5668 1 8794 14709 1
0.2414 0 0 109.406 5669 1 8780 14542 4
0.2416 0 0 109.408 5670 1 8771 14709 3
0.2418 0 0 109.403 5672 1 8803 14495 1
0.242 0 0 109.406 5673 1 8765 14495 2
0.2422 0 0 109.404 5675 1 8761 14539 2
0.2424 0 0 109.403 5676 1 8760 14440 0
0.2426 0 0 109.403 5677 1 8774 14550 1
0.2428 0 0 109.397 5678 1 8792 14743 3
0.243 0 0 109.398 5680 1 8792 14670 1
0.2432 0 0 109.396 5681 1 8771 14455 4
0.2434 0 0 109.393 5682 1 8791 14575 4
0.2436 0 0 109.393 5684 1 8763 14677 2
0.2438 0 0 109.388 5685 1 8808 14579 1
0.244 0 0 109.393 5687 1 8757 14522 1
0.2442 0 0 109.389 5688 1 8791 14725 0
0.2444 0 0 109.393 5689 1 8746 14589 0
0.2446 0 0 109.394 5691 1 8777 14288 1
0.2448 0 0 109.396 5692 1 8762 14519 1
0.245 0 0 109.399 5693 1 8754 14491 0
0.2452 0 0 109.396 5695 1 8786 14709 3
0.2454 0 0 109.401 5696 1 8757 14688 2
0.2456 0 0 109.398 5697 1 8785 14868 2
0.2458 0 0 109.399 5699 1 8805 14595 2
0.246 0 0 109.397 5700 1 8766 14630 2
0.2462 0 0 109.393 5701 1 8794 14666 1
0.2464 0 0 109.392 5703 1 8764 14533 1
0.2466 0 0 109.386 5704 1 8778 14577 3
0.2468 0 0 109.388 5706 1 8757 14555 2
0.247 0 0 109.384 5707 1 8774 14769 5
0.2472 0 0 109.388 5708 1 8764 14774 0
0.2474 0 0 109.391 5710 1 8757 14648 1
0.2476 0 0 109.391 5711 1 8749 14571 1
0.2478 0 0 109.398 5712 1 8784 14644 1
0.248 0 0 109.396 5714 1 8772 14592 3
0.2482 0 0 109.398 5715 1 8762 14452 1
0.2484 0 0 109.396 5716 1 8789 14602 3
0.2486 0 0 109.391 5718 1 8771 14596 1
0.2488 0 0 109.386 5719 1 8793 14653 0
0.249 0 0 109.375 5720 1 8760 14412 2
0.2492 0 0 109.371 5722 1 8764 14640 0
0.2494 0 0 109.361 5723 1 8789 14499 3
0.2496 0 0 109.361 5725 1 8777 14501 3
0.2498 0 0 109.359 5726 1 8775 14482 1
0.25 0 0 109.361 5727 1 8774 14469 0
