0.11 0 0 89.4129 49552 15000 9355 1.2067552 4
0.1101 0 0 89.4105 49553 15000 9390 1.2145748 5
0.1102 0 0 89.4063 49555 15000 9274 1.1986128 7
0.1103 0 0 89.4032 49556 15000 9394 1.2122372 5
0.1104 0 0 89.4001 49558 15000 9316 1.2012392 1
0.1105 0 0 89.4049 49559 15000 9380 1.2130576 5
0.1106 0 0 89.407 49561 15000 9259 1.1967392 4
0.1107 0 0 89.4184 49562 15000 9381 1.2124564 6
0.1108 0 0 89.4254 49564 15000 9310 1.2031084 5
0.1109 0 0 89.4358 49565 15000 9511 1.2305232 7
0.111 0 0 89.4406 49567 15000 9362 1.2122408 4
0.1111 0 0 89.4458 49568 15000 9239 1.19841 5
0.1112 0 0 89.4441 49570 15000 9233 1.19688 2
0.1113 0 0 89.4448 49572 15000 9316 1.201804 7
0.1114 0 0 89.4389 49573 15000 9212 1.1930064 11
0.1115 0 0 89.4396 49575 15000 9231 1.1926076 4
0.1116 0 0 89.4358 49576 15000 9389 1.2115772 4
0.1117 0 0 89.4392 49578 15000 9313 1.2071872 3
0.1118 0 0 89.4389 49579 15000 9366 1.2089464 4
0.1119 0 0 89.4458 49581 15000 9372 1.2089348 5
0.112 0 0 89.4486 49582 15000 9185 1.187276 4
0.1121 0 0 89.4559 49584 15000 9317 1.2072184 8
0.1122 0 0 89.4576 49586 15000 9436 1.2192108 5
0.1123 0 0 89.4611 49587 15000 9239 1.1954056 7
0.1124 0 0 89.4593 49588 15000 9283 1.2002724 8
0.1125 0 0 89.4593 49590 15000 9284 1.2002844 2
0.1126 0 0 89.4576 49592 15000 9471 1.2242316 5
0.1127 0 0 89.4569 49593 15000 9360 1.2085336 9
0.1128 0 0 89.4583 49595 15000 9330 1.2091752 8
0.1129 0 0 89.4597 49596 15000 9306 1.2005456 6
0.113 0 0 89.4621 49598 15000 9259 1.1950496 8
0.1131 0 0 89.4621 49599 15000 9415 1.2166072 6
0.1132 0 0 89.4645 49601 15000 9349 1.212302 9
0.1133 0 0 89.4635 49602 15000 9291 1.1994212 6
0.1134 0 0 89.4659 49604 15000 9233 1.197356 4
0.1135 0 0 89.4649 49605 15000 9376 1.2102128 9
0.1136 0 0 89.4687 49607 15000 9285 1.1986604 7
0.1137 0 0 89.4684 49608 15000 9437 1.218974 10
0.1138 0 0 89.4746 49610 15000 9416 1.21894 10
0.1139 0 0 89.4756 49612 15000 9299 1.20438 7
0.114 0 0 89.4819 49613 15000 9381 1.2137168 6
0.1141 0 0 89.4826 49615 15000 9503 1.2306048 9
0.1142 0 0 89.4882 49616 15000 9283 1.2010984 8
0.1143 0 0 89.4864 49618 15000 9219 1.1920632 9
0.1144 0 0 89.4902 49619 15000 9400 1.213714 8
0.1145 0 0 89.4878 49621 15000 9227 1.194424 15
0.1146 0 0 89.4916 49623 15000 9420 1.21876 9
0.1147 0 0 89.4906 49624 15000 9330 1.205716 14
0.1148 0 0 89.4941 49626 15000 9317 1.2086252 21
0.1149 0 0 89.492 49627 15000 9352 1.2103372 30
0.115 0 0 89.4934 49629 15000 9387 1.217946 23
0.1151 0 0 89.4899 49630 15000 9379 1.2139128 26
0.1152 0 0 89.4895 49632 15000 9262 1.1955472 46
0.1153 0 0 89.4868 49633 15000 9224 1.195594 54
0.1154 0 0 89.4875 49635 15000 9293 1.203898 66
0.1155 0 0 89.4871 49636 15000 9263 1.1989956 59
0.1156 0 0 89.4906 49638 15000 9223 1.1946344 114
0.1157 0 0 89.4965 49640 15000 9370 1.209588 129
0.1158 0 0 89.5024 49641 15000 9216 1.1949652 187
0.1159 0 0 89.5083 49643 15000 9379 1.2145812 228
0.116 0 0 89.5107 49644 15000 9369 1.2129292 368
0.1161 0 0 89.5111 49646 15000 9348 1.210556 553
0.1162 0 0 89.5076 49647 15000 9274 1.2022316 740
0.1163 0 0 89.5034 49649 15000 9424 1.216174 1089
0.1164 0 0 89.4979 49650 15000 9263 1.1929912 1456
0.1165 0 0 89.4965 49652 15000 9224 1.1888192 1917
0.1166 0 0 89.492 49654 15000 9329 1.20187 2449
0.1167 0 0 89.493 49655 15000 9507 1.2207192 3068
0.1168 0 0 89.4909 49657 15000 9454 1.21118 3627
0.1169 0 0 89.4948 49658 15000 9421 1.2110888 4037
0.117 0 0 89.4941 49660 15000 9315 1.1948288 4329
0.1171 0 0 89.4986 49661 15000 9499 1.2160776 4559
0.1172 0 0 89.4979 49663 15000 9495 1.213082 5009
0.1173 0 0 89.5021 49664 15000 9462 1.2110332 5923
0.1174 0 0 89.5 49666 15000 9399 1.206644 6449
0.1175 0 0 89.5027 49667 15000 9447 1.20888 5321
0.1176 0 0 89.5 49669 15000 9558 1.2291524 3480
0.1177 0 0 89.5027 49671 15000 9407 1.2114856 1798
0.1178 0 0 89.5003 49672 15000 9415 1.2141172 982
0.1179 0 0 89.5048 49674 15000 9372 1.2103036 651
0.118 0 0 89.5059 49675 15000 9394 1.2126728 517
0.1181 0 0 89.5107 49677 15000 9154 1.18597 364
0.1182 0 0 89.5107 49678 15000 9407 1.2176076 315
0.1183 0 0 89.5121 49680 15000 9271 1.1979084 237
0.1184 0 0 89.508 49681 15000 9232 1.1901312 238
0.1185 0 0 89.5062 49683 15000 9344 1.2066488 197
0.1186 0 0 89.5003 49685 15000 9188 1.189132 181
0.1187 0 0 89.4968 49686 15000 9338 1.2087184 150
0.1188 0 0 89.4923 49688 15000 9270 1.1993184 146
0.1189 0 0 89.4906 49689 15000 9169 1.1865468 124
0.119 0 0 89.4902 49691 15000 9286 1.2073316 94
0.1191 0 0 89.4906 49692 15000 9261 1.1999368 79
0.1192 0 0 89.4934 49694 15000 9441 1.2198092 82
0.1193 0 0 89.4954 49695 15000 9256 1.1994592 75
0.1194 0 0 89.5003 49697 15000 9390 1.21494 71
0.1195 0 0 89.5021 49699 15000 9379 1.2112196 58
0.1196 0 0 89.5048 49700 15000 9273 1.2009752 52
0.1197 0 0 89.5041 49702 15000 9392 1.2156128 42
0.1198 0 0 89.5055 49703 15000 9276 1.203692 35
0.1199 0 0 89.5031 49705 15000 9311 1.205056 38
0.12 0 0 89.5066 49706 15000 9343 1.2100812 30
0.1201 0 0 89.5052 49708 15000 9344 1.2138044 27
0.1202 0 0 89.509 49709 15000 9340 1.2111076 28
0.1203 0 0 89.5076 49711 15000 9401 1.2157216 24
0.1204 0 0 89.5118 49713 15000 9324 1.2059176 25
0.1205 0 0 89.5104 49714 15000 9317 1.2076828 19
0.1206 0 0 89.5125 49715 15000 9335 1.21177 21
0.1207 0 0 89.5087 49717 15000 9239 1.1955324 19
0.1208 0 0 89.5104 49719 15000 9327 1.21017 17
0.1209 0 0 89.5069 49720 15000 9354 1.21346 21
0.121 0 0 89.509 49722 15000 9321 1.2100192 13
0.1211 0 0 89.5062 49723 15000 9332 1.2140144 14
0.1212 0 0 89.509 49725 15000 9268 1.2043748 9
0.1213 0 0 89.509 49726 15000 9295 1.2075508 19
0.1214 0 0 89.5104 49728 15000 9320 1.2099164 9
0.1215 0 0 89.5087 49729 15000 9277 1.2026472 12
0.1216 0 0 89.5083 49731 15000 9356 1.2106068 21
0.1217 0 0 89.5076 49732 15000 9468 1.2299944 12
0.1218 0 0 89.5069 49734 15000 9206 1.19275 15
0.1219 0 0 89.5083 49735 15000 9398 1.2137852 14
0.122 0 0 89.5097 49737 15000 9316 1.2079224 14
0.1221 0 0 89.5142 49739 15000 9359 1.2116676 13
0.1222 0 0 89.5163 49740 15000 9286 1.204012 5
0.1223 0 0 89.5191 49742 15000 9366 1.2149864 7
0.1224 0 0 89.518 49743 15000 9301 1.2039588 12
0.1225 0 0 89.5198 49745 15000 9302 1.2070496 15
0.1226 0 0 89.517 49746 15000 9311 1.2096104 7
0.1227 0 0 89.5187 49748 15000 9332 1.2094972 10
0.1228 0 0 89.5156 49749 15000 9411 1.2199676 9
0.1229 0 0 89.516 49751 15000 9289 1.2029268 14
0.123 0 0 89.5104 49752 15000 9340 1.2112212 16
0.1231 0 0 89.5107 49754 15000 9344 1.213146 12
0.1232 0 0 89.5055 49756 15000 9178 1.1884644 10
0.1233 0 0 89.5069 49757 15000 9308 1.2039496 15
0.1234 0 0 89.5031 49759 15000 9394 1.2195228 8
0.1235 0 0 89.508 49760 15000 9393 1.2184224 15
0.1236 0 0 89.5083 49762 15000 9303 1.204106 10
0.1237 0 0 89.5128 49763 15000 9463 1.2280312 10
0.1238 0 0 89.5111 49765 15000 9339 1.2111728 15
0.1239 0 0 89.5135 49766 15000 9297 1.2038968 19
0.124 0 0 89.5107 49768 15000 9382 1.218616 11
0.1241 0 0 89.5114 49770 15000 9362 1.2160468 12
0.1242 0 0 89.5076 49771 15000 9416 1.2198724 11
0.1243 0 0 89.5083 49773 15000 9320 1.2104008 13
0.1244 0 0 89.5052 49774 15000 9409 1.2181924 12
0.1245 0 0 89.5052 49776 15000 9201 1.194546 10
0.1246 0 0 89.5024 49777 15000 9293 1.2034004 11
0.1247 0 0 89.5021 49779 15000 9350 1.216368 10
0.1248 0 0 89.5017 49780 15000 9437 1.2238648 14
0.1249 0 0 89.5031 49782 15000 9252 1.1994316 6
0.125 0 0 89.5052 49783 15000 9145 1.1860116 13
0.1251 0 0 89.5062 49785 15000 9297 1.204854 9
0.1252 0 0 89.5087 49787 15000 9314 1.208378 8
0.1253 0 0 89.509 49788 15000 9426 1.22033 10
0.1254 0 0 89.5114 49790 15000 9405 1.2174624 9
0.1255 0 0 89.5121 49791 15000 9419 1.2210432 4
0.1256 0 0 89.5163 49793 15000 9375 1.2162592 8
0.1257 0 0 89.5167 49794 15000 9290 1.2057208 10
0.1258 0 0 89.518 49796 15000 9294 1.2048092 6
0.1259 0 0 89.5139 49797 15000 9355 1.2129952 14
0.126 0 0 89.5128 49799 15000 9264 1.2016712 13
0.1261 0 0 89.5066 49801 15000 9397 1.215292 8
0.1262 0 0 89.508 49802 15000 9245 1.1983928 10
0.1263 0 0 89.5045 49804 15000 9305 1.2083896 4
0.1264 0 0 89.5066 49805 15000 9406 1.2192876 7
0.1265 0 0 89.5024 49807 15000 9315 1.2085416 7
0.1266 0 0 89.5024 49808 15000 9332 1.2089096 7
0.1267 0 0 89.4961 49810 15000 9279 1.2020596 10
0.1268 0 0 89.4961 49811 15000 9326 1.213402 6
0.1269 0 0 89.4913 49813 15000 9418 1.2208236 4
0.127 0 0 89.4923 49814 15000 9337 1.2110416 8
0.1271 0 0 89.4888 49816 15000 9167 1.1899936 9
0.1272 0 0 89.4906 49818 15000 9320 1.2089916 11
0.1273 0 0 89.4895 49819 15000 9244 1.2031132 8
0.1274 0 0 89.4934 49821 15000 9188 1.1935696 7
0.1275 0 0 89.4941 49822 15000 9356 1.2151476 3
0.1276 0 0 89.4975 49824 15000 9302 1.2079584 11
0.1277 0 0 89.4975 49825 15000 9362 1.2158716 6
0.1278 0 0 89.5003 49827 15000 9249 1.1962728 8
0.1279 0 0 89.5007 49828 15000 9267 1.2019236 3
0.128 0 0 89.5021 49830 15000 9389 1.2171224 4
0.1281 0 0 89.5021 49832 15000 9224 1.1962036 7
0.1282 0 0 89.5017 49833 15000 9282 1.2072176 8
0.1283 0 0 89.5007 49835 15000 9475 1.2295688 10
0.1284 0 0 89.4989 49836 15000 9222 1.1977144 7
0.1285 0 0 89.4993 49838 15000 9371 1.2167924 8
0.1286 0 0 89.4975 49839 15000 9216 1.1991396 7
0.1287 0 0 89.501 49841 15000 9262 1.2016576 2
0.1288 0 0 89.5017 49842 15000 9277 1.2050428 7
0.1289 0 0 89.5069 49844 15000 9420 1.2226172 7
0.129 0 0 89.5083 49846 15000 9426 1.2213432 8
0.1291 0 0 89.5114 49847 15000 9318 1.2059624 7
0.1292 0 0 89.5094 49849 15000 9301 1.2015588 6
0.1293 0 0 89.5125 49850 15000 9464 1.222676 6
0.1294 0 0 89.5097 49852 15000 9374 1.2188348 10
0.1295 0 0 89.5104 49853 15000 9351 1.2171604 6
0.1296 0 0 89.5052 49855 15000 9344 1.2127168 5
0.1297 0 0 89.5069 49856 15000 9311 1.2102144 4
0.1298 0 0 89.5031 49858 15000 9418 1.2261736 6
0.1299 0 0 89.5055 49859 15000 9266 1.2034628 12
0.13 0 0 89.5027 49861 15000 9331 1.2112524 4
