0.11 0 0 103.283 42223 15000 9619 1.140212 4
0.1101 0 0 103.279 42225 15000 9614 1.1381172 9
0.1102 0 0 103.282 42226 15000 9673 1.145654 6
0.1103 0 0 103.283 42228 15000 9843 1.158684 3
0.1104 0 0 103.289 42229 15000 9800 1.1606824 2
0.1105 0 0 103.298 42231 15000 9629 1.1403884 8
0.1106 0 0 103.306 42232 15000 9733 1.1480796 4
0.1107 0 0 103.318 42234 15000 9722 1.1472208 5
0.1108 0 0 103.324 42235 15000 9718 1.1517048 7
0.1109 0 0 103.332 42237 15000 9794 1.1582156 5
0.111 0 0 103.333 42238 15000 9829 1.1630452 1
0.1111 0 0 103.337 42240 15000 9874 1.166582 8
0.1112 0 0 103.332 42241 15000 9819 1.162958 5
0.1113 0 0 103.332 42243 15000 9678 1.144874 4
0.1114 0 0 103.327 42244 15000 9601 1.1355448 4
0.1115 0 0 103.326 42246 15000 9616 1.1370728 8
0.1116 0 0 103.324 42247 15000 9621 1.1375444 3
0.1117 0 0 103.325 42248 15000 9518 1.122912 3
0.1118 0 0 103.33 42250 15000 9618 1.1357048 5
0.1119 0 0 103.333 42252 15000 9690 1.147716 6
0.112 0 0 103.341 42253 15000 9653 1.1383112 5
0.1121 0 0 103.343 42255 15000 9728 1.1491808 5
0.1122 0 0 103.351 42256 15000 9727 1.149338 9
0.1123 0 0 103.351 42257 15000 9590 1.137552 5
0.1124 0 0 103.356 42259 15000 9726 1.15276 5
0.1125 0 0 103.354 42260 15000 9763 1.1541704 6
0.1126 0 0 103.354 42262 15000 9601 1.1388168 3
0.1127 0 0 103.348 42263 15000 9718 1.1528224 8
0.1128 0 0 103.345 42265 15000 9714 1.1493216 3
0.1129 0 0 103.339 42266 15000 9655 1.1420468 4
0.113 0 0 103.34 42268 15000 9764 1.1552476 8
0.1131 0 0 103.341 42269 15000 9709 1.1518272 6
0.1132 0 0 103.345 42271 15000 9907 1.1738508 7
0.1133 0 0 103.354 42272 15000 9658 1.1410496 5
0.1134 0 0 103.358 42274 15000 9556 1.1287192 10
0.1135 0 0 103.368 42275 15000 9776 1.1606096 9
0.1136 0 0 103.37 42277 15000 9783 1.15985 7
0.1137 0 0 103.375 42278 15000 9723 1.1508972 6
0.1138 0 0 103.37 42280 15000 9602 1.136322 10
0.1139 0 0 103.37 42281 15000 9767 1.1546104 9
0.114 0 0 103.363 42283 15000 9856 1.1654264 8
0.1141 0 0 103.361 42284 15000 9782 1.1580316 6
0.1142 0 0 103.358 42285 15000 9589 1.1365496 8
0.1143 0 0 103.357 42287 15000 9765 1.1566608 11
0.1144 0 0 103.358 42289 15000 9755 1.1547736 9
0.1145 0 0 103.358 42290 15000 9718 1.1445412 12
0.1146 0 0 103.363 42291 15000 9617 1.1411736 8
0.1147 0 0 103.363 42293 15000 9688 1.14383 4
0.1148 0 0 103.372 42294 15000 9815 1.1601008 13
0.1149 0 0 103.374 42296 15000 9683 1.1479212 7
0.115 0 0 103.384 42297 15000 9767 1.1576664 17
0.1151 0 0 103.386 42299 15000 9620 1.1371172 9
0.1152 0 0 103.393 42300 15000 9656 1.1435732 13
0.1153 0 0 103.39 42302 15000 9712 1.1500068 8
0.1154 0 0 103.393 42303 15000 9551 1.1311168 10
0.1155 0 0 103.389 42305 15000 9776 1.1577376 22
0.1156 0 0 103.387 42306 15000 9631 1.1401144 10
0.1157 0 0 103.38 42308 15000 9596 1.1367768 12
0.1158 0 0 103.373 42309 15000 9666 1.1440224 16
0.1159 0 0 103.369 42311 15000 9646 1.138946 19
0.116 0 0 103.363 42312 15000 9559 1.1337704 19
0.1161 0 0 103.364 42314 15000 9463 1.119232 29
0.1162 0 0 103.361 42315 15000 9674 1.1439452 32
0.1163 0 0 103.367 42317 15000 9713 1.1505968 43
0.1164 0 0 103.37 42318 15000 9721 1.150474 57
0.1165 0 0 103.381 42320 15000 9729 1.1500704 56
0.1166 0 0 103.385 42321 15000 9438 1.1169924 82
0.1167 0 0 103.395 42323 15000 9653 1.1450612 124
0.1168 0 0 103.396 42324 15000 9731 1.1530988 141
0.1169 0 0 103.398 42326 15000 9679 1.147754 193
0.117 0 0 103.392 42328 15000 9595 1.1341024 254
0.1171 0 0 103.392 42329 15000 9700 1.145806 388
0.1172 0 0 103.385 42331 15000 9716 1.1473908 522
0.1173 0 0 103.384 42332 15000 9694 1.1471652 721
0.1174 0 0 103.379 42334 15000 9823 1.1622052 946
0.1175 0 0 103.378 42335 15000 9750 1.1549972 1409
0.1176 0 0 103.378 42337 15000 9677 1.1405792 1742
0.1177 0 0 103.378 42338 15000 9718 1.1445748 2360
0.1178 0 0 103.381 42340 15000 9723 1.1437772 2832
0.1179 0 0 103.382 42341 15000 9687 1.1429272 3080
0.118 0 0 103.386 42343 15000 9853 1.1559628 3471
0.1181 0 0 103.385 42344 15000 9817 1.1518428 3599
0.1182 0 0 103.387 42346 15000 9822 1.1547652 4083
0.1183 0 0 103.382 42347 15000 9738 1.140646 4435
0.1184 0 0 103.384 42349 15000 9769 1.1461284 5221
0.1185 0 0 103.379 42350 15000 9913 1.1577776 5881
0.1186 0 0 103.381 42352 15000 9877 1.1595212 4738
0.1187 0 0 103.376 42353 15000 9776 1.1489176 3026
0.1188 0 0 103.379 42355 15000 9764 1.1558952 1727
0.1189 0 0 103.376 42356 15000 9699 1.1476532 958
0.119 0 0 103.377 42358 15000 9829 1.1601152 681
0.1191 0 0 103.376 42359 15000 9667 1.1442588 506
0.1192 0 0 103.375 42361 15000 9643 1.140332 398
0.1193 0 0 103.372 42362 15000 9757 1.1517152 352
0.1194 0 0 103.369 42364 15000 9791 1.1602664 348
0.1195 0 0 103.367 42365 15000 9818 1.1624456 262
0.1196 0 0 103.362 42367 15000 9805 1.1644004 237
0.1197 0 0 103.363 42368 15000 9936 1.1799404 203
0.1198 0 0 103.359 42370 15000 9737 1.155178 181
0.1199 0 0 103.362 42371 15000 9781 1.1597816 123
0.12 0 0 103.36 42373 15000 9765 1.1586104 145
0.1201 0 0 103.366 42374 15000 9626 1.1438504 126
0.1202 0 0 103.366 42376 15000 9594 1.1363372 103
0.1203 0 0 103.373 42377 15000 9657 1.1417712 102
0.1204 0 0 103.374 42379 15000 9751 1.1569092 82
0.1205 0 0 103.38 42380 15000 9736 1.1561352 94
0.1206 0 0 103.381 42382 15000 9660 1.1460736 84
0.1207 0 0 103.385 42383 15000 9710 1.1506648 87
0.1208 0 0 103.384 42385 15000 9694 1.1479672 68
0.1209 0 0 103.384 42386 15000 9722 1.1506416 54
0.121 0 0 103.381 42388 15000 9582 1.1375424 40
0.1211 0 0 103.377 42389 15000 9637 1.1427028 46
0.1212 0 0 103.373 42391 15000 9835 1.1611688 41
0.1213 0 0 103.366 42392 15000 9818 1.1610268 32
0.1214 0 0 103.363 42394 15000 9680 1.1461 36
0.1215 0 0 103.355 42395 15000 9647 1.1431324 33
0.1216 0 0 103.355 42396 15000 9565 1.1351124 38
0.1217 0 0 103.349 42398 15000 9600 1.136038 25
0.1218 0 0 103.352 42399 15000 9643 1.1419148 28
0.1219 0 0 103.35 42401 15000 9679 1.143906 18
0.122 0 0 103.355 42402 15000 9652 1.1423932 25
0.1221 0 0 103.36 42404 15000 9751 1.1542636 24
0.1222 0 0 103.366 42405 15000 9799 1.1565612 22
0.1223 0 0 103.375 42407 15000 9617 1.1381116 20
0.1224 0 0 103.381 42408 15000 9726 1.1489568 20
0.1225 0 0 103.389 42410 15000 9611 1.1383624 22
0.1226 0 0 103.39 42411 15000 9793 1.1634456 14
0.1227 0 0 103.393 42413 15000 9827 1.1665928 12
0.1228 0 0 103.388 42414 15000 9794 1.1590348 18
0.1229 0 0 103.389 42416 15000 9637 1.1432508 16
0.123 0 0 103.384 42417 15000 9793 1.159478 25
0.1231 0 0 103.386 42419 15000 9886 1.1719376 19
0.1232 0 0 103.382 42420 15000 9888 1.1730388 19
0.1233 0 0 103.386 42422 15000 9667 1.143782 13
0.1234 0 0 103.386 42423 15000 9705 1.1517212 12
0.1235 0 0 103.39 42425 15000 9709 1.1497544 16
0.1236 0 0 103.393 42426 15000 9690 1.1478448 18
0.1237 0 0 103.396 42428 15000 9681 1.1464076 24
0.1238 0 0 103.401 42429 15000 9736 1.1532452 19
0.1239 0 0 103.402 42431 15000 9676 1.1450476 13
0.124 0 0 103.407 42432 15000 9779 1.1577352 17
0.1241 0 0 103.405 42434 15000 9609 1.1398068 15
0.1242 0 0 103.408 42435 15000 9756 1.152266 20
0.1243 0 0 103.403 42437 15000 9769 1.1572904 19
0.1244 0 0 103.402 42438 15000 9654 1.1439052 21
0.1245 0 0 103.393 42440 15000 9675 1.1473748 10
0.1246 0 0 103.39 42441 15000 9775 1.1592228 13
0.1247 0 0 103.381 42443 15000 9752 1.1527236 11
0.1248 0 0 103.38 42444 15000 9592 1.1380524 12
0.1249 0 0 103.377 42445 15000 9689 1.1485228 14
0.125 0 0 103.377 42447 15000 9841 1.1675436 17
0.1251 0 0 103.381 42448 15000 9605 1.1380616 13
0.1252 0 0 103.384 42450 15000 9697 1.15082 18
0.1253 0 0 103.395 42452 15000 9763 1.1571048 5
0.1254 0 0 103.4 42453 15000 9676 1.1460112 10
0.1255 0 0 103.408 42455 15000 9789 1.1601704 11
0.1256 0 0 103.408 42456 15000 9652 1.1427472 13
0.1257 0 0 103.403 42458 15000 9678 1.1484016 11
0.1258 0 0 103.39 42459 15000 9721 1.1567364 15
0.1259 0 0 103.378 42461 15000 9647 1.140844 13
0.126 0 0 103.36 42462 15000 9679 1.1499084 12
0.1261 0 0 103.353 42464 15000 9655 1.1476996 15
0.1262 0 0 103.341 42465 15000 9734 1.153426 13
0.1263 0 0 103.345 42467 15000 9815 1.1613568 13
0.1264 0 0 103.345 42468 15000 9744 1.1578596 10
0.1265 0 0 103.355 42470 15000 9749 1.156696 10
0.1266 0 0 103.364 42471 15000 9610 1.1402952 8
0.1267 0 0 103.375 42473 15000 9642 1.1432108 15
0.1268 0 0 103.383 42474 15000 9729 1.1517008 9
0.1269 0 0 103.386 42475 15000 9713 1.1566732 9
0.127 0 0 103.386 42477 15000 9683 1.1502656 9
0.1271 0 0 103.379 42479 15000 9744 1.1566928 11
0.1272 0 0 103.375 42480 15000 9709 1.1546852 16
0.1273 0 0 103.366 42482 15000 9702 1.1503808 12
0.1274 0 0 103.363 42483 15000 9540 1.1342384 7
0.1275 0 0 103.356 42485 15000 9686 1.1466012 9
0.1276 0 0 103.359 42486 15000 9669 1.1473092 14
0.1277 0 0 103.356 42488 15000 9600 1.1343052 13
0.1278 0 0 103.364 42489 15000 9737 1.1560484 11
0.1279 0 0 103.367 42491 15000 9725 1.1547552 17
0.128 0 0 103.378 42492 15000 9542 1.1308956 11
0.1281 0 0 103.382 42494 15000 9787 1.161784 11
0.1282 0 0 103.391 42495 15000 9685 1.1503768 9
0.1283 0 0 103.394 42497 15000 9688 1.1444372 10
0.1284 0 0 103.395 42498 15000 9650 1.1465316 13
0.1285 0 0 103.395 42500 15000 9744 1.1533412 10
0.1286 0 0 103.388 42501 15000 9706 1.1524676 6
0.1287 0 0 103.386 42502 15000 9545 1.1342288 13
0.1288 0 0 103.377 42504 15000 9646 1.1422488 13
0.1289 0 0 103.377 42505 15000 9685 1.1495072 8
0.129 0 0 103.371 42507 15000 9573 1.13203 6
0.1291 0 0 103.374 42508 15000 9584 1.134514 10
0.1292 0 0 103.372 42510 15000 9744 1.1523176 8
0.1293 0 0 103.377 42511 15000 9675 1.1472724 15
0.1294 0 0 103.381 42513 15000 9647 1.145712 12
0.1295 0 0 103.386 42514 15000 9797 1.166344 13
0.1296 0 0 103.392 42516 15000 9711 1.1522888 11
0.1297 0 0 103.395 42517 15000 9710 1.1570444 13
0.1298 0 0 103.4 42518 15000 9726 1.1556732 5
0.1299 0 0 103.398 42520 15000 9653 1.1428596 9
0.13 0 0 103.403 42521 15000 9829 1.1699832 7
