0.12 0 0 174.1 24719 20000 14651 1.3717908 11
0.1201 0 0 174.1 24721 20000 14554 1.3584188 19
0.1202 0 0 174.092 24723 20000 14585 1.3646396 12
0.1203 0 0 174.093 24724 20000 14665 1.370296 11
0.1204 0 0 174.083 24726 20000 14525 1.3615052 19
0.1205 0 0 174.089 24728 20000 14695 1.3758604 14
0.1206 0 0 174.083 24729 20000 14718 1.3764884 14
0.1207 0 0 174.092 24731 20000 14477 1.354778 17
0.1208 0 0 174.086 24733 20000 14324 1.3392584 14
0.1209 0 0 174.095 24734 20000 14723 1.3779132 15
0.121 0 0 174.087 24736 20000 14587 1.362562 12
0.1211 0 0 174.094 24738 20000 14660 1.3703896 13
0.1212 0 0 174.083 24740 20000 14674 1.3727772 10
0.1213 0 0 174.086 24741 20000 14602 1.3677644 12
0.1214 0 0 174.079 24743 20000 14484 1.3581836 6
0.1215 0 0 174.074 24745 20000 14678 1.378242 17
0.1216 0 0 174.077 24746 20000 14488 1.3554292 15
0.1217 0 0 174.076 24748 20000 14641 1.37138 16
0.1218 0 0 174.083 24750 20000 14618 1.3703684 19
0.1219 0 0 174.08 24752 20000 14589 1.365862 24
0.122 0 0 174.089 24753 20000 14644 1.3704912 18
0.1221 0 0 174.085 24755 20000 14489 1.357366 12
0.1222 0 0 174.094 24757 20000 14499 1.3576836 21
0.1223 0 0 174.087 24758 20000 14625 1.3677536 19
0.1224 0 0 174.095 24760 20000 14712 1.379814 22
0.1225 0 0 174.085 24762 20000 14598 1.36742 13
0.1226 0 0 174.09 24763 20000 14621 1.3706596 23
0.1227 0 0 174.077 24765 20000 14713 1.3783172 9
0.1228 0 0 174.083 24767 20000 14384 1.3446256 22
0.1229 0 0 174.076 24768 20000 14593 1.3673892 22
0.123 0 0 174.079 24770 20000 14517 1.3595052 17
0.1231 0 0 174.08 24772 20000 14704 1.370754 22
0.1232 0 0 174.08 24774 20000 14531 1.359976 16
0.1233 0 0 174.086 24775 20000 14507 1.3607188 13
0.1234 0 0 174.08 24777 20000 14770 1.3811288 8
0.1235 0 0 174.085 24779 20000 14608 1.3667708 16
0.1236 0 0 174.073 24781 20000 14520 1.3584252 17
0.1237 0 0 174.077 24782 20000 14619 1.3726772 16
0.1238 0 0 174.062 24784 20000 14428 1.3544148 19
0.1239 0 0 174.067 24786 20000 14597 1.3648152 11
0.124 0 0 174.06 24787 20000 14734 1.3793148 20
0.1241 0 0 174.071 24789 20000 14380 1.3444596 21
0.1242 0 0 174.077 24791 20000 14536 1.3585368 15
0.1243 0 0 174.09 24792 20000 14323 1.3405748 20
0.1244 0 0 174.1 24794 20000 14757 1.38443 21
0.1245 0 0 174.113 24796 20000 14709 1.3731336 15
0.1246 0 0 174.123 24797 20000 14399 1.3480136 24
0.1247 0 0 174.127 24799 20000 14564 1.3679784 18
0.1248 0 0 174.133 24801 20000 14359 1.3462308 23
0.1249 0 0 174.126 24803 20000 14463 1.3592832 17
0.125 0 0 174.127 24804 20000 14426 1.3499632 25
0.1251 0 0 174.114 24806 20000 14462 1.355926 23
0.1252 0 0 174.118 24808 20000 14621 1.3727144 20
0.1253 0 0 174.105 24810 20000 14541 1.3618188 19
0.1254 0 0 174.106 24811 20000 14690 1.3793364 24
0.1255 0 0 174.091 24813 20000 14785 1.3858868 22
0.1256 0 0 174.096 24815 20000 14466 1.3541244 21
0.1257 0 0 174.093 24817 20000 14515 1.3599852 25
0.1258 0 0 174.097 24818 20000 14586 1.3682404 21
0.1259 0 0 174.104 24820 20000 14594 1.3662324 24
0.126 0 0 174.108 24822 20000 14457 1.3570548 15
0.1261 0 0 174.117 24823 20000 14649 1.376024 33
0.1262 0 0 174.114 24825 20000 14604 1.3666364 20
0.1263 0 0 174.12 24827 20000 14479 1.3549408 19
0.1264 0 0 174.109 24829 20000 14458 1.3546664 28
0.1265 0 0 174.115 24830 20000 14594 1.364528 20
0.1266 0 0 174.105 24832 20000 14431 1.3530848 26
0.1267 0 0 174.111 24834 20000 14455 1.35511 27
0.1268 0 0 174.1 24835 20000 14701 1.3769564 26
0.1269 0 0 174.102 24837 20000 14550 1.3616648 32
0.127 0 0 174.088 24839 20000 14376 1.3465812 33
0.1271 0 0 174.088 24840 20000 14609 1.3669696 20
0.1272 0 0 174.076 24842 20000 14731 1.3783516 21
0.1273 0 0 174.08 24844 20000 14625 1.3716424 24
0.1274 0 0 174.074 24845 20000 14611 1.3688188 25
0.1275 0 0 174.083 24847 20000 14427 1.3513324 23
0.1276 0 0 174.088 24849 20000 14583 1.36616 23
0.1277 0 0 174.097 24850 20000 14479 1.3571072 23
0.1278 0 0 174.1 24852 20000 14485 1.356392 27
0.1279 0 0 174.103 24854 20000 14793 1.3851372 27
0.128 0 0 174.105 24855 20000 14530 1.358126 27
0.1281 0 0 174.104 24857 20000 14553 1.3625772 24
0.1282 0 0 174.105 24859 20000 14536 1.365372 23
0.1283 0 0 174.098 24860 20000 14525 1.3586648 36
0.1284 0 0 174.1 24862 20000 14554 1.3666736 28
0.1285 0 0 174.089 24864 20000 14679 1.3745744 25
0.1286 0 0 174.095 24865 20000 14600 1.3723168 34
0.1287 0 0 174.086 24867 20000 14575 1.368066 35
0.1288 0 0 174.095 24869 20000 14455 1.35759 36
0.1289 0 0 174.089 24871 20000 14710 1.3821084 46
0.129 0 0 174.099 24872 20000 14490 1.35987 61
0.1291 0 0 174.095 24874 20000 14561 1.3672896 78
0.1292 0 0 174.104 24876 20000 14578 1.3673404 88
0.1293 0 0 174.105 24878 20000 14551 1.3643392 105
0.1294 0 0 174.105 24879 20000 14617 1.3675412 114
0.1295 0 0 174.107 24881 20000 14603 1.367564 147
0.1296 0 0 174.095 24883 20000 14533 1.36404 179
0.1297 0 0 174.097 24884 20000 14401 1.3530488 172
0.1298 0 0 174.084 24886 20000 14520 1.361826 202
0.1299 0 0 174.087 24888 20000 14545 1.3625812 244
0.13 0 0 174.075 24889 20000 14575 1.36855 359
0.1301 0 0 174.082 24891 20000 14633 1.3728828 545
0.1302 0 0 174.075 24893 20000 14580 1.3615792 785
0.1303 0 0 174.088 24895 20000 14643 1.3700124 1042
0.1304 0 0 174.088 24896 20000 14742 1.3799212 1345
0.1305 0 0 174.1 24898 20000 14670 1.3706164 1638
0.1306 0 0 174.099 24900 20000 14705 1.373596 1843
0.1307 0 0 174.108 24901 20000 14647 1.365952 1936
0.1308 0 0 174.106 24903 20000 14584 1.3637284 2275
0.1309 0 0 174.105 24905 20000 14783 1.3820116 2832
0.131 0 0 174.1 24906 20000 14580 1.3593052 3373
0.1311 0 0 174.096 24908 20000 14523 1.3545232 3616
0.1312 0 0 174.096 24910 20000 14765 1.3766576 3406
0.1313 0 0 174.09 24911 20000 14830 1.3850072 2618
0.1314 0 0 174.09 24913 20000 14693 1.3726324 1613
0.1315 0 0 174.079 24915 20000 14648 1.369834 980
0.1316 0 0 174.08 24916 20000 14556 1.3662636 604
0.1317 0 0 174.07 24918 20000 14401 1.3494556 370
0.1318 0 0 174.073 24919 20000 14576 1.3661312 296
0.1319 0 0 174.066 24921 20000 14467 1.3585588 273
0.132 0 0 174.073 24923 20000 14637 1.3765916 247
0.1321 0 0 174.069 24924 20000 14584 1.3676268 191
0.1322 0 0 174.083 24926 20000 14303 1.3451012 150
0.1323 0 0 174.082 24928 20000 14716 1.3809792 136
0.1324 0 0 174.094 24929 20000 14441 1.355152 159
0.1325 0 0 174.088 24931 20000 14641 1.3726636 145
0.1326 0 0 174.097 24933 20000 14618 1.3698204 119
0.1327 0 0 174.088 24935 20000 14595 1.373722 93
0.1328 0 0 174.095 24936 20000 14526 1.363624 80
0.1329 0 0 174.089 24938 20000 14546 1.3635244 83
0.133 0 0 174.09 24940 20000 14759 1.3842464 67
0.1331 0 0 174.085 24941 20000 14555 1.3667636 78
0.1332 0 0 174.082 24943 20000 14340 1.3470552 68
0.1333 0 0 174.08 24945 20000 14564 1.3665676 66
0.1334 0 0 174.072 24947 20000 14520 1.3631032 64
0.1335 0 0 174.073 24948 20000 14464 1.3549232 54
0.1336 0 0 174.065 24950 20000 14426 1.356824 56
0.1337 0 0 174.074 24952 20000 14661 1.3808324 44
0.1338 0 0 174.069 24953 20000 14495 1.3614812 34
0.1339 0 0 174.083 24955 20000 14391 1.3498556 60
0.134 0 0 174.08 24957 20000 14795 1.3865308 33
0.1341 0 0 174.097 24959 20000 14304 1.3437044 52
0.1342 0 0 174.098 24960 20000 14357 1.3535168 47
0.1343 0 0 174.109 24962 20000 14450 1.3577376 35
0.1344 0 0 174.105 24964 20000 14754 1.3829456 44
0.1345 0 0 174.108 24965 20000 14638 1.37487 34
0.1346 0 0 174.106 24967 20000 14598 1.3715988 31
0.1347 0 0 174.102 24969 20000 14580 1.3712032 35
0.1348 0 0 174.107 24971 20000 14487 1.3579116 35
0.1349 0 0 174.103 24972 20000 14538 1.3672232 46
0.135 0 0 174.111 24974 20000 14639 1.3753784 31
0.1351 0 0 174.105 24976 20000 14591 1.3700396 30
0.1352 0 0 174.113 24977 20000 14598 1.3723148 33
0.1353 0 0 174.103 24979 20000 14410 1.3516436 25
0.1354 0 0 174.11 24981 20000 14701 1.3802636 40
0.1355 0 0 174.099 24982 20000 14493 1.3607896 24
0.1356 0 0 174.103 24984 20000 14432 1.351566 31
0.1357 0 0 174.09 24986 20000 14766 1.383126 30
0.1358 0 0 174.096 24988 20000 14665 1.3769764 29
0.1359 0 0 174.09 24989 20000 14575 1.3649628 26
0.136 0 0 174.099 24991 20000 14488 1.3651028 31
0.1361 0 0 174.105 24993 20000 14519 1.3636456 29
0.1362 0 0 174.109 24994 20000 14556 1.3707092 36
0.1363 0 0 174.118 24996 20000 14715 1.3790008 28
0.1364 0 0 174.114 24998 20000 14533 1.3659548 27
0.1365 0 0 174.119 25000 20000 14570 1.36964 25
0.1366 0 0 174.107 25001 20000 14810 1.3962724 25
0.1367 0 0 174.111 25003 20000 14555 1.3692484 27
0.1368 0 0 174.098 25005 20000 14624 1.372236 25
0.1369 0 0 174.103 25007 20000 14729 1.3854308 26
0.137 0 0 174.091 25008 20000 14774 1.3859712 26
0.1371 0 0 174.095 25010 20000 14450 1.3591404 26
0.1372 0 0 174.083 25012 20000 14540 1.3671204 22
0.1373 0 0 174.083 25013 20000 14735 1.383888 26
0.1374 0 0 174.076 25015 20000 14383 1.3521232 23
0.1375 0 0 174.076 25017 20000 14634 1.372614 24
0.1376 0 0 174.075 25018 20000 14541 1.3720228 27
0.1377 0 0 174.077 25020 20000 14761 1.387982 30
0.1378 0 0 174.086 25022 20000 14694 1.3805148 40
0.1379 0 0 174.09 25023 20000 14470 1.3577528 23
0.138 0 0 174.101 25025 20000 14619 1.3754664 26
0.1381 0 0 174.099 25027 20000 14624 1.3769616 31
0.1382 0 0 174.108 25029 20000 14555 1.3651052 21
0.1383 0 0 174.1 25030 20000 14579 1.3727672 31
0.1384 0 0 174.108 25032 20000 14573 1.369398 27
0.1385 0 0 174.099 25034 20000 14592 1.3688396 29
0.1386 0 0 174.105 25036 20000 14517 1.3629636 30
0.1387 0 0 174.098 25037 20000 14457 1.3580216 33
0.1388 0 0 174.096 25039 20000 14590 1.3703248 22
0.1389 0 0 174.093 25041 20000 14598 1.3729184 29
0.139 0 0 174.089 25042 20000 14470 1.3587492 18
0.1391 0 0 174.092 25044 20000 14626 1.3754904 18
0.1392 0 0 174.087 25046 20000 14529 1.3646996 17
0.1393 0 0 174.095 25048 20000 14459 1.3609904 31
0.1394 0 0 174.091 25049 20000 14511 1.362962 19
0.1395 0 0 174.104 25051 20000 14715 1.3816264 19
0.1396 0 0 174.101 25053 20000 14727 1.3816112 23
0.1397 0 0 174.111 25054 20000 14606 1.3705012 15
0.1398 0 0 174.104 25056 20000 14450 1.3597456 23
0.1399 0 0 174.111 25058 20000 14494 1.3642748 26
0.14 0 0 174.1 25059 20000 14555 1.367316 24
