0.105 0 0 58.6098 66119 15000 8905 1.3885604 7
0.1051 0 0 58.6095 66121 15000 8878 1.3832556 5
0.1052 0 0 58.6114 66123 15000 8748 1.3635344 8
0.1053 0 0 58.6128 66124 15000 8960 1.4002256 4
0.1054 0 0 58.6185 66126 15000 8781 1.3700792 1
0.1055 0 0 58.6221 66128 15000 8876 1.3828416 4
0.1056 0 0 58.6268 66130 15000 8896 1.3894892 4
0.1057 0 0 58.6278 66131 15000 8981 1.4036108 2
0.1058 0 0 58.631 66133 15000 8857 1.3819796 1
0.1059 0 0 58.6316 66135 15000 8869 1.3852544 8
0.106 0 0 58.6347 66136 15000 8902 1.3892428 2
0.1061 0 0 58.6347 66138 15000 8871 1.3867452 2
0.1062 0 0 58.6348 66140 15000 8913 1.38728 6
0.1063 0 0 58.6331 66141 15000 8981 1.396368 6
0.1064 0 0 58.6326 66143 15000 8843 1.378898 6
0.1065 0 0 58.632 66145 15000 8817 1.3723472 4
0.1066 0 0 58.6327 66147 15000 8919 1.388984 5
0.1067 0 0 58.6344 66148 15000 8786 1.3675516 2
0.1068 0 0 58.6348 66150 15000 8782 1.371102 9
0.1069 0 0 58.6365 66152 15000 8923 1.3910968 2
0.107 0 0 58.6354 66154 15000 8922 1.3931488 8
0.1071 0 0 58.637 66155 15000 8970 1.4010544 5
0.1072 0 0 58.6364 66157 15000 8856 1.3839732 7
0.1073 0 0 58.6393 66159 15000 8985 1.4009284 1
0.1074 0 0 58.6412 66160 15000 8905 1.3922128 4
0.1075 0 0 58.6455 66162 15000 8940 1.3971668 4
0.1076 0 0 58.648 66164 15000 9039 1.4081656 5
0.1077 0 0 58.6488 66166 15000 8849 1.381 6
0.1078 0 0 58.6474 66167 15000 8928 1.391172 7
0.1079 0 0 58.6428 66169 15000 8944 1.3990908 6
0.108 0 0 58.6397 66171 15000 8930 1.3928912 4
0.1081 0 0 58.6351 66173 15000 8947 1.3948956 6
0.1082 0 0 58.6344 66174 15000 8863 1.384006 5
0.1083 0 0 58.6327 66176 15000 8770 1.3663896 5
0.1084 0 0 58.6374 66178 15000 9015 1.404536 8
0.1085 0 0 58.6407 66180 15000 8868 1.3827132 5
0.1086 0 0 58.6462 66181 15000 8969 1.398548 5
0.1087 0 0 58.648 66183 15000 8847 1.379884 4
0.1088 0 0 58.6472 66185 15000 8910 1.3914556 6
0.1089 0 0 58.6437 66186 15000 8830 1.3793436 11
0.109 0 0 58.6392 66188 15000 8816 1.3790624 6
0.1091 0 0 58.6353 66190 15000 8929 1.396472 4
0.1092 0 0 58.6317 66191 15000 8939 1.3964024 2
0.1093 0 0 58.6328 66193 15000 8911 1.3918732 6
0.1094 0 0 58.6346 66195 15000 8917 1.387584 5
0.1095 0 0 58.6399 66196 15000 8930 1.3942288 4
0.1096 0 0 58.6431 66198 15000 8847 1.3829688 3
0.1097 0 0 58.6471 66200 15000 8925 1.392918 5
0.1098 0 0 58.647 66202 15000 8749 1.363998 8
0.1099 0 0 58.6463 66203 15000 8869 1.3888284 7
0.11 0 0 58.6416 66205 15000 8888 1.3888816 10
0.1101 0 0 58.6383 66207 15000 8724 1.35968 2
0.1102 0 0 58.634 66208 15000 8958 1.3970552 3
0.1103 0 0 58.634 66210 15000 8991 1.4003784 3
0.1104 0 0 58.6342 66212 15000 8842 1.380008 9
0.1105 0 0 58.6378 66214 15000 8968 1.3977988 2
0.1106 0 0 58.6409 66215 15000 8900 1.3902444 3
0.1107 0 0 58.6427 66217 15000 8807 1.37678 2
0.1108 0 0 58.6421 66219 15000 8848 1.377872 7
0.1109 0 0 58.6371 66221 15000 8939 1.394452 2
0.111 0 0 58.6344 66222 15000 8915 1.3928976 11
0.1111 0 0 58.6297 66224 15000 8841 1.3798864 8
0.1112 0 0 58.6305 66226 15000 8811 1.3730612 8
0.1113 0 0 58.6305 66227 15000 8972 1.401604 6
0.1114 0 0 58.6378 66229 15000 8934 1.3962284 4
0.1115 0 0 58.6427 66231 15000 8807 1.3771464 11
0.1116 0 0 58.6483 66232 15000 8884 1.385352 10
0.1117 0 0 58.6496 66234 15000 8962 1.3926196 4
0.1118 0 0 58.6481 66236 15000 8793 1.3716836 5
0.1119 0 0 58.6442 66238 15000 8864 1.3779 6
0.112 0 0 58.6397 66239 15000 8992 1.3992368 9
0.1121 0 0 58.6375 66241 15000 8866 1.3818884 5
0.1122 0 0 58.6363 66243 15000 8760 1.3665972 2
0.1123 0 0 58.6378 66244 15000 8794 1.3679028 4
0.1124 0 0 58.6384 66246 15000 8762 1.3690256 7
0.1125 0 0 58.6416 66248 15000 8969 1.4019036 7
0.1126 0 0 58.6426 66249 15000 9037 1.4112652 11
0.1127 0 0 58.6463 66251 15000 8913 1.3893592 6
0.1128 0 0 58.647 66253 15000 8760 1.3598248 10
0.1129 0 0 58.6492 66255 15000 9025 1.4078784 7
0.113 0 0 58.6485 66256 15000 8940 1.3950024 10
0.1131 0 0 58.6485 66258 15000 8909 1.3892116 14
0.1132 0 0 58.6474 66260 15000 8923 1.3929744 9
0.1133 0 0 58.6466 66262 15000 8881 1.386816 13
0.1134 0 0 58.6478 66263 15000 8899 1.3918624 13
0.1135 0 0 58.65 66265 15000 8956 1.3978868 14
0.1136 0 0 58.6537 66267 15000 8972 1.4053828 14
0.1137 0 0 58.6555 66268 15000 8961 1.4019776 15
0.1138 0 0 58.6576 66270 15000 8759 1.3713224 21
0.1139 0 0 58.6561 66272 15000 9057 1.4137692 19
0.114 0 0 58.6561 66273 15000 8867 1.3845856 23
0.1141 0 0 58.6529 66275 15000 8824 1.3806544 19
0.1142 0 0 58.6514 66277 15000 9015 1.408856 18
0.1143 0 0 58.6478 66279 15000 8993 1.4063232 32
0.1144 0 0 58.6477 66280 15000 8867 1.3857108 40
0.1145 0 0 58.6469 66282 15000 8850 1.3822636 43
0.1146 0 0 58.6487 66284 15000 8952 1.4001148 34
0.1147 0 0 58.651 66286 15000 8847 1.384594 49
0.1148 0 0 58.6539 66287 15000 8868 1.3825456 57
0.1149 0 0 58.6573 66289 15000 8981 1.3990952 40
0.115 0 0 58.6581 66291 15000 8916 1.3915488 45
0.1151 0 0 58.6598 66293 15000 8969 1.3978552 46
0.1152 0 0 58.6586 66294 15000 8813 1.3738812 48
0.1153 0 0 58.6591 66296 15000 9017 1.4076568 43
0.1154 0 0 58.6563 66298 15000 8891 1.3927116 47
0.1155 0 0 58.6553 66299 15000 8914 1.3878508 45
0.1156 0 0 58.6521 66301 15000 8899 1.3853292 20
0.1157 0 0 58.6538 66303 15000 8923 1.3897504 31
0.1158 0 0 58.6543 66304 15000 8889 1.3900476 20
0.1159 0 0 58.6579 66306 15000 8801 1.3752272 22
0.116 0 0 58.66 66308 15000 8826 1.3794212 24
0.1161 0 0 58.6623 66309 15000 8899 1.3946872 31
0.1162 0 0 58.6613 66311 15000 8829 1.3800492 20
0.1163 0 0 58.6571 66313 15000 8827 1.3800844 22
0.1164 0 0 58.6511 66314 15000 8882 1.38779 21
0.1165 0 0 58.6441 66316 15000 8775 1.369466 19
0.1166 0 0 58.6392 66318 15000 8861 1.3834692 21
0.1167 0 0 58.6351 66320 15000 8972 1.4013252 33
0.1168 0 0 58.6367 66321 15000 8917 1.388772 25
0.1169 0 0 58.6384 66323 15000 8980 1.4054608 23
0.117 0 0 58.6433 66325 15000 8838 1.3799252 29
0.1171 0 0 58.6447 66327 15000 8884 1.3854156 35
0.1172 0 0 58.644 66328 15000 8789 1.3707124 32
0.1173 0 0 58.6401 66330 15000 8903 1.3894972 39
0.1174 0 0 58.6367 66332 15000 8838 1.3788108 45
0.1175 0 0 58.6338 66333 15000 8872 1.3855316 49
0.1176 0 0 58.6334 66335 15000 8782 1.3729896 52
0.1177 0 0 58.6339 66337 15000 8841 1.3838052 62
0.1178 0 0 58.634 66339 15000 8861 1.38533 77
0.1179 0 0 58.6354 66340 15000 8788 1.3721716 96
0.118 0 0 58.6355 66342 15000 8843 1.382134 121
0.1181 0 0 58.6358 66344 15000 9030 1.4118872 147
0.1182 0 0 58.6327 66346 15000 8928 1.3956964 202
0.1183 0 0 58.6326 66347 15000 8872 1.3842192 257
0.1184 0 0 58.6303 66349 15000 8950 1.3963696 281
0.1185 0 0 58.6318 66351 15000 8984 1.3973728 338
0.1186 0 0 58.6324 66353 15000 8949 1.3935184 442
0.1187 0 0 58.6354 66354 15000 8984 1.396562 612
0.1188 0 0 58.6386 66356 15000 8990 1.3963816 815
0.1189 0 0 58.6424 66358 15000 8948 1.3889384 1046
0.119 0 0 58.6456 66359 15000 9063 1.4044932 1390
0.1191 0 0 58.6453 66361 15000 8993 1.3909088 1739
0.1192 0 0 58.6451 66363 15000 8841 1.3724148 1980
0.1193 0 0 58.6414 66365 15000 9054 1.4040444 2275
0.1194 0 0 58.6417 66366 15000 9039 1.4023636 2602
0.1195 0 0 58.6401 66368 15000 9019 1.3962016 3129
0.1196 0 0 58.6435 66370 15000 8988 1.3890348 3553
0.1197 0 0 58.6452 66372 15000 9081 1.4029428 3914
0.1198 0 0 58.6476 66373 15000 8960 1.383306 4440
0.1199 0 0 58.6482 66375 15000 8965 1.3795596 5074
0.12 0 0 58.6481 66377 15000 9038 1.3915284 5280
0.1201 0 0 58.6483 66379 15000 9030 1.3908748 5050
0.1202 0 0 58.6473 66380 15000 9085 1.402882 4393
0.1203 0 0 58.6504 66382 15000 8953 1.38638 3455
0.1204 0 0 58.6519 66384 15000 8957 1.3872556 2567
0.1205 0 0 58.6556 66385 15000 8989 1.3916436 1829
0.1206 0 0 58.6558 66387 15000 8902 1.3856544 1286
0.1207 0 0 58.6566 66389 15000 8986 1.3927452 998
0.1208 0 0 58.6538 66391 15000 8965 1.3924724 678
0.1209 0 0 58.6524 66392 15000 8878 1.3857044 486
0.121 0 0 58.6492 66394 15000 8866 1.3826672 392
0.1211 0 0 58.6494 66395 15000 8725 1.3573968 369
0.1212 0 0 58.6485 66397 15000 9021 1.4047412 291
0.1213 0 0 58.6518 66399 15000 9090 1.4150824 260
0.1214 0 0 58.6547 66401 15000 8956 1.3948744 228
0.1215 0 0 58.658 66402 15000 8927 1.39199 189
0.1216 0 0 58.6604 66404 15000 8968 1.4003344 168
0.1217 0 0 58.6618 66406 15000 8952 1.400292 154
0.1218 0 0 58.6629 66408 15000 9025 1.405502 145
0.1219 0 0 58.6617 66409 15000 8858 1.382564 111
0.122 0 0 58.6606 66411 15000 8947 1.3923152 92
0.1221 0 0 58.6561 66413 15000 8868 1.3822548 75
0.1222 0 0 58.6546 66414 15000 8819 1.3728924 78
0.1223 0 0 58.6512 66416 15000 8937 1.3922156 66
0.1224 0 0 58.6516 66418 15000 8922 1.392636 53
0.1225 0 0 58.6517 66420 15000 8911 1.3914664 41
0.1226 0 0 58.6551 66421 15000 8895 1.3828516 39
0.1227 0 0 58.6562 66423 15000 8815 1.3764188 27
0.1228 0 0 58.6542 66425 15000 8951 1.3957572 24
0.1229 0 0 58.6508 66426 15000 8843 1.3769124 29
0.123 0 0 58.6461 66428 15000 9006 1.406014 24
0.1231 0 0 58.6426 66430 15000 8898 1.3921476 24
0.1232 0 0 58.6406 66431 15000 8921 1.3893932 19
0.1233 0 0 58.6408 66433 15000 8970 1.3988492 14
0.1234 0 0 58.6408 66435 15000 8834 1.374704 13
0.1235 0 0 58.6431 66436 15000 8982 1.4025764 18
0.1236 0 0 58.6434 66438 15000 8899 1.3869904 17
0.1237 0 0 58.6463 66440 15000 8879 1.383724 19
0.1238 0 0 58.6463 66441 15000 8897 1.3861048 6
0.1239 0 0 58.6482 66443 15000 8958 1.3954888 10
0.124 0 0 58.6472 66445 15000 8922 1.3972236 8
0.1241 0 0 58.6499 66447 15000 8866 1.3834824 13
0.1242 0 0 58.6511 66449 15000 8980 1.4006528 17
0.1243 0 0 58.655 66450 15000 8908 1.3880232 10
0.1244 0 0 58.6571 66452 15000 8854 1.3808284 3
0.1245 0 0 58.6593 66454 15000 8814 1.3737208 7
0.1246 0 0 58.6603 66455 15000 8860 1.3859176 11
0.1247 0 0 58.6598 66457 15000 8951 1.3980964 2
0.1248 0 0 58.6605 66459 15000 8925 1.394348 5
0.1249 0 0 58.6593 66461 15000 9000 1.4033628 5
0.125 0 0 58.6619 66462 15000 8899 1.3853704 8
0.1251 0 0 58.6622 66464 15000 8894 1.3869616 8
0.1252 0 0 58.6653 66466 15000 8885 1.3872252 10
0.1253 0 0 58.6655 66467 15000 8933 1.3923464 3
0.1254 0 0 58.6659 66469 15000 9003 1.409344 9
0.1255 0 0 58.664 66471 15000 8946 1.3955584 4
0.1256 0 0 58.6635 66473 15000 8881 1.3848772 5
0.1257 0 0 58.6623 66474 15000 8934 1.3926724 9
0.1258 0 0 58.662 66476 15000 8939 1.397362 8
0.1259 0 0 58.6618 66478 15000 8940 1.3959844 13
0.126 0 0 58.6611 66479 15000 9002 1.406308 3
0.1261 0 0 58.663 66481 15000 8908 1.3909216 8
0.1262 0 0 58.6634 66483 15000 8936 1.3929528 8
0.1263 0 0 58.6655 66485 15000 8877 1.3870272 6
0.1264 0 0 58.6647 66486 15000 8942 1.3963952 10
0.1265 0 0 58.6677 66488 15000 8994 1.403874 1
0.1266 0 0 58.6682 66490 15000 8880 1.389064 8
0.1267 0 0 58.6699 66492 15000 8881 1.3865672 9
0.1268 0 0 58.6692 66493 15000 8913 1.3871544 3
0.1269 0 0 58.6689 66495 15000 8912 1.3857204 6
0.127 0 0 58.6666 66497 15000 8819 1.382364 8
0.1271 0 0 58.6634 66498 15000 8889 1.3923564 4
0.1272 0 0 58.6605 66500 15000 8919 1.3931444 7
0.1273 0 0 58.6586 66502 15000 8828 1.3772468 4
0.1274 0 0 58.6586 66503 15000 8929 1.396312 5
0.1275 0 0 58.6583 66505 15000 8852 1.3823972 3
0.1276 0 0 58.6612 66507 15000 8812 1.3773624 6
0.1277 0 0 58.6626 66509 15000 9050 1.4096984 7
0.1278 0 0 58.6644 66510 15000 8792 1.3741736 5
0.1279 0 0 58.6627 66512 15000 9024 1.4033432 6
0.128 0 0 58.6614 66514 15000 8915 1.3915848 4
0.1281 0 0 58.6569 66515 15000 8973 1.4022928 5
0.1282 0 0 58.6555 66517 15000 8777 1.3705928 6
0.1283 0 0 58.6522 66519 15000 8869 1.3850272 4
0.1284 0 0 58.6537 66520 15000 8913 1.3937536 11
0.1285 0 0 58.6544 66522 15000 8852 1.3845928 8
0.1286 0 0 58.6566 66524 15000 8849 1.3784688 4
0.1287 0 0 58.6578 66526 15000 8961 1.403294 5
0.1288 0 0 58.6577 66527 15000 8840 1.3823048 1
0.1289 0 0 58.6598 66529 15000 8985 1.400364 7
0.129 0 0 58.6605 66531 15000 8917 1.390176 3
0.1291 0 0 58.6616 66532 15000 8878 1.3888452 8
0.1292 0 0 58.6593 66534 15000 8868 1.3849236 4
0.1293 0 0 58.6608 66536 15000 8959 1.4007084 2
0.1294 0 0 58.6604 66538 15000 8905 1.3900192 4
0.1295 0 0 58.6636 66539 15000 8885 1.3883676 6
0.1296 0 0 58.6645 66541 15000 8898 1.3875908 5
0.1297 0 0 58.6665 66543 15000 8872 1.382454 10
0.1298 0 0 58.6654 66544 15000 8843 1.3830776 3
0.1299 0 0 58.6628 66546 15000 8892 1.386504 5
0.13 0 0 58.6582 66548 15000 9058 1.4164092 5
0.1301 0 0 58.6539 66550 15000 8870 1.3842256 4
0.1302 0 0 58.6505 66551 15000 8889 1.3900524 9
0.1303 0 0 58.6489 66553 15000 8876 1.38649 3
0.1304 0 0 58.6489 66555 15000 9001 1.4103108 6
0.1305 0 0 58.648 66557 15000 8922 1.3935552 4
0.1306 0 0 58.6495 66558 15000 8944 1.4007384 2
0.1307 0 0 58.6485 66560 15000 8891 1.3905884 5
0.1308 0 0 58.6493 66562 15000 8827 1.3767112 5
0.1309 0 0 58.6471 66564 15000 8925 1.3967724 4
0.131 0 0 58.6462 66565 15000 8874 1.38933 1
0.1311 0 0 58.6433 66567 15000 8897 1.3902504 4
0.1312 0 0 58.641 66569 15000 8987 1.4037268 4
0.1313 0 0 58.638 66570 15000 8868 1.3861964 4
0.1314 0 0 58.6361 66572 15000 8978 1.3999512 4
0.1315 0 0 58.6347 66574 15000 9052 1.413422 5
0.1316 0 0 58.6343 66575 15000 8844 1.3849728 3
0.1317 0 0 58.6352 66577 15000 9015 1.405346 7
0.1318 0 0 58.6353 66579 15000 8885 1.3865184 3
0.1319 0 0 58.639 66580 15000 8892 1.3878856 3
0.132 0 0 58.6415 66582 15000 8993 1.4084728 3
0.1321 0 0 58.6448 66584 15000 8891 1.3947376 6
0.1322 0 0 58.6442 66585 15000 8947 1.3910912 5
0.1323 0 0 58.6431 66587 15000 8882 1.3881872 3
0.1324 0 0 58.638 66589 15000 8932 1.3947332 1
0.1325 0 0 58.6344 66591 15000 8982 1.4049396 3
0.1326 0 0 58.6296 66592 15000 8856 1.3838444 4
0.1327 0 0 58.6317 66594 15000 8848 1.3796428 3
0.1328 0 0 58.6338 66596 15000 8852 1.3802608 3
0.1329 0 0 58.6382 66597 15000 8960 1.4044 4
0.133 0 0 58.6417 66599 15000 8808 1.3769124 5
0.1331 0 0 58.6449 66601 15000 8923 1.388804 3
0.1332 0 0 58.6456 66603 15000 8920 1.394166 3
0.1333 0 0 58.6429 66604 15000 8986 1.4044636 2
0.1334 0 0 58.6397 66606 15000 8903 1.3910228 3
0.1335 0 0 58.6335 66608 15000 8888 1.3914888 1
0.1336 0 0 58.6333 66610 15000 8943 1.3954792 3
0.1337 0 0 58.6324 66611 15000 8855 1.3849864 6
0.1338 0 0 58.636 66613 15000 8908 1.3910408 5
0.1339 0 0 58.6372 66615 15000 8892 1.3902896 2
0.134 0 0 58.641 66616 15000 8964 1.3981768 4
0.1341 0 0 58.6426 66618 15000 8868 1.3871016 6
0.1342 0 0 58.6444 66620 15000 8797 1.3739016 4
0.1343 0 0 58.6442 66621 15000 8876 1.3896848 4
0.1344 0 0 58.6438 66623 15000 9059 1.4159984 1
0.1345 0 0 58.6441 66625 15000 8863 1.3827724 3
0.1346 0 0 58.6461 66627 15000 8900 1.3888952 7
0.1347 0 0 58.649 66628 15000 8886 1.3886244 4
0.1348 0 0 58.6506 66630 15000 8915 1.397946 3
0.1349 0 0 58.6519 66632 15000 8840 1.3828988 5
0.135 0 0 58.6501 66633 15000 8916 1.3937692 2
