0.105 0 0 86.4813 50844 15000 9357 1.2309436 2
0.1051 0 0 86.481 50846 15000 9255 1.2146824 6
0.1052 0 0 86.4789 50847 15000 9209 1.2109804 8
0.1053 0 0 86.4792 50849 15000 9106 1.1989432 3
0.1054 0 0 86.4764 50850 15000 9158 1.2023932 3
0.1055 0 0 86.4776 50852 15000 9153 1.1998264 5
0.1056 0 0 86.4755 50854 15000 9194 1.2105912 2
0.1057 0 0 86.4773 50855 15000 9241 1.2170572 5
0.1058 0 0 86.4755 50857 15000 9304 1.2203892 5
0.1059 0 0 86.4783 50858 15000 9285 1.2172 8
0.106 0 0 86.4764 50860 15000 9313 1.2225204 8
0.1061 0 0 86.4801 50861 15000 9112 1.1994948 5
0.1062 0 0 86.4786 50863 15000 9307 1.2220968 5
0.1063 0 0 86.4835 50864 15000 9203 1.212186 4
0.1064 0 0 86.4838 50866 15000 9264 1.2180156 6
0.1065 0 0 86.4897 50867 15000 9087 1.1960692 3
0.1066 0 0 86.4913 50869 15000 9300 1.222278 1
0.1067 0 0 86.4959 50871 15000 9295 1.224234 1
0.1068 0 0 86.4947 50872 15000 9192 1.2107876 7
0.1069 0 0 86.4962 50874 15000 9130 1.2009244 6
0.107 0 0 86.4925 50875 15000 9323 1.2283008 5
0.1071 0 0 86.4931 50877 15000 9209 1.2089116 4
0.1072 0 0 86.4897 50878 15000 9148 1.2039748 4
0.1073 0 0 86.4906 50880 15000 9353 1.2259612 5
0.1074 0 0 86.4882 50882 15000 9321 1.2201596 4
0.1075 0 0 86.4903 50883 15000 9332 1.2274084 6
0.1076 0 0 86.4897 50885 15000 9289 1.22032 4
0.1077 0 0 86.4947 50886 15000 9221 1.2158996 3
0.1078 0 0 86.4972 50888 15000 9397 1.2363672 2
0.1079 0 0 86.5012 50890 15000 9269 1.218934 8
0.108 0 0 86.5015 50891 15000 9213 1.2112824 4
0.1081 0 0 86.5027 50893 15000 9223 1.21157 6
0.1082 0 0 86.5024 50894 15000 9196 1.208174 8
0.1083 0 0 86.5006 50896 15000 9266 1.228286 5
0.1084 0 0 86.4962 50897 15000 9075 1.1949512 2
0.1085 0 0 86.4925 50899 15000 9240 1.216384 7
0.1086 0 0 86.49 50900 15000 9233 1.2141528 7
0.1087 0 0 86.4879 50902 15000 9226 1.2142852 3
0.1088 0 0 86.4879 50903 15000 9198 1.2108508 5
0.1089 0 0 86.4875 50905 15000 9331 1.2299084 5
0.109 0 0 86.4919 50907 15000 9164 1.2074348 2
0.1091 0 0 86.4931 50908 15000 9372 1.234626 0
0.1092 0 0 86.4984 50910 15000 9332 1.2316388 7
0.1093 0 0 86.4987 50911 15000 9248 1.2132448 1
0.1094 0 0 86.5003 50913 15000 9243 1.2147484 5
0.1095 0 0 86.4959 50914 15000 9304 1.224692 5
0.1096 0 0 86.4941 50916 15000 9239 1.2154208 4
0.1097 0 0 86.486 50917 15000 9205 1.2129848 6
0.1098 0 0 86.4838 50919 15000 9239 1.2138176 4
0.1099 0 0 86.477 50921 15000 9261 1.2175 8
0.11 0 0 86.4767 50922 15000 9268 1.2213156 4
0.1101 0 0 86.4724 50924 15000 9145 1.202754 4
0.1102 0 0 86.4748 50925 15000 9113 1.1994528 4
0.1103 0 0 86.4727 50927 15000 9196 1.2104204 2
0.1104 0 0 86.477 50928 15000 9356 1.2328388 5
0.1105 0 0 86.477 50930 15000 9072 1.1934772 5
0.1106 0 0 86.482 50931 15000 9140 1.2019136 5
0.1107 0 0 86.4823 50933 15000 9095 1.1984004 4
0.1108 0 0 86.4863 50934 15000 9144 1.2019536 5
0.1109 0 0 86.4872 50936 15000 9228 1.213978 3
0.111 0 0 86.4894 50937 15000 9280 1.2228536 4
0.1111 0 0 86.4875 50939 15000 9213 1.2140672 10
0.1112 0 0 86.4844 50941 15000 9222 1.2144064 6
0.1113 0 0 86.4764 50942 15000 9229 1.2161676 6
0.1114 0 0 86.4693 50944 15000 9282 1.2226036 5
0.1115 0 0 86.4625 50945 15000 9246 1.2162988 12
0.1116 0 0 86.4556 50947 15000 9373 1.2371284 4
0.1117 0 0 86.4526 50948 15000 9177 1.2110852 6
0.1118 0 0 86.4504 50950 15000 9131 1.2014568 6
0.1119 0 0 86.4529 50951 15000 9312 1.227054 3
0.112 0 0 86.4553 50953 15000 9308 1.2241336 5
0.1121 0 0 86.4618 50955 15000 9190 1.2072836 7
0.1122 0 0 86.4659 50956 15000 9300 1.2254268 4
0.1123 0 0 86.4708 50958 15000 9103 1.1986724 8
0.1124 0 0 86.4721 50959 15000 9367 1.2342656 2
0.1125 0 0 86.4752 50961 15000 9210 1.2114476 11
0.1126 0 0 86.4727 50962 15000 9402 1.2382936 4
0.1127 0 0 86.4714 50964 15000 9193 1.2111492 8
0.1128 0 0 86.4656 50965 15000 9261 1.217278 9
0.1129 0 0 86.4646 50967 15000 9188 1.211924 7
0.113 0 0 86.4587 50968 15000 9185 1.2058788 5
0.1131 0 0 86.4621 50970 15000 9262 1.21799 3
0.1132 0 0 86.4612 50972 15000 9086 1.1980168 6
0.1133 0 0 86.4671 50973 15000 9380 1.235934 7
0.1134 0 0 86.468 50975 15000 9238 1.2152932 5
0.1135 0 0 86.4742 50976 15000 9175 1.208406 5
0.1136 0 0 86.4748 50978 15000 9298 1.224004 5
0.1137 0 0 86.4786 50980 15000 9289 1.2210728 6
0.1138 0 0 86.4761 50981 15000 9271 1.2215128 13
0.1139 0 0 86.4779 50983 15000 9314 1.2266024 9
0.114 0 0 86.4739 50984 15000 9249 1.2222636 9
0.1141 0 0 86.4733 50986 15000 9385 1.2351376 10
0.1142 0 0 86.4671 50987 15000 9296 1.2245912 9
0.1143 0 0 86.4668 50989 15000 9202 1.2151484 17
0.1144 0 0 86.4631 50990 15000 9337 1.2270844 16
0.1145 0 0 86.4646 50992 15000 9092 1.1985952 16
0.1146 0 0 86.4656 50993 15000 9175 1.2056784 24
0.1147 0 0 86.4696 50995 15000 9211 1.2150068 24
0.1148 0 0 86.4742 50996 15000 9223 1.2183192 26
0.1149 0 0 86.4786 50998 15000 9151 1.2065556 31
0.115 0 0 86.4848 50999 15000 9300 1.221974 54
0.1151 0 0 86.4866 51001 15000 9148 1.207666 54
0.1152 0 0 86.491 51002 15000 9291 1.2247292 69
0.1153 0 0 86.4894 51004 15000 9275 1.2227624 84
0.1154 0 0 86.4888 51005 15000 9238 1.2137656 91
0.1155 0 0 86.4817 51007 15000 9274 1.2230536 111
0.1156 0 0 86.4783 51008 15000 9402 1.2397664 153
0.1157 0 0 86.4696 51010 15000 9230 1.2170364 187
0.1158 0 0 86.469 51012 15000 9412 1.2416492 298
0.1159 0 0 86.4652 51013 15000 9339 1.2322456 435
0.116 0 0 86.4696 51015 15000 9456 1.2463952 635
0.1161 0 0 86.4696 51016 15000 9354 1.2320496 882
0.1162 0 0 86.4752 51018 15000 9460 1.2437516 1265
0.1163 0 0 86.4752 51020 15000 9258 1.21603 1691
0.1164 0 0 86.4795 51021 15000 9409 1.2329368 2127
0.1165 0 0 86.4779 51023 15000 9413 1.2310608 2670
0.1166 0 0 86.4776 51024 15000 9287 1.2161396 3215
0.1167 0 0 86.4705 51026 15000 9355 1.2223948 3521
0.1168 0 0 86.4686 51027 15000 9356 1.221774 3962
0.1169 0 0 86.4625 51029 15000 9324 1.2210208 4376
0.117 0 0 86.4649 51030 15000 9332 1.2174476 4665
0.1171 0 0 86.4656 51032 15000 9340 1.211956 5483
0.1172 0 0 86.4721 51034 15000 9457 1.2282668 6806
0.1173 0 0 86.4764 51035 15000 9363 1.2131104 6536
0.1174 0 0 86.4832 51037 15000 9565 1.2463392 5109
0.1175 0 0 86.4863 51038 15000 9209 1.2074256 2745
0.1176 0 0 86.4885 51040 15000 9208 1.2085884 1452
0.1177 0 0 86.4863 51041 15000 9316 1.2283712 800
0.1178 0 0 86.4838 51043 15000 9120 1.1983352 587
0.1179 0 0 86.4804 51044 15000 9404 1.2401924 448
0.118 0 0 86.4776 51046 15000 9180 1.2079252 362
0.1181 0 0 86.4783 51047 15000 9246 1.2194364 298
0.1182 0 0 86.4776 51049 15000 9201 1.2150148 251
0.1183 0 0 86.4813 51050 15000 9275 1.22228 209
0.1184 0 0 86.4823 51052 15000 9267 1.2219772 199
0.1185 0 0 86.4875 51054 15000 9147 1.2076932 152
0.1186 0 0 86.4882 51055 15000 9220 1.2163528 130
0.1187 0 0 86.4903 51057 15000 9305 1.2241916 135
0.1188 0 0 86.4882 51058 15000 9152 1.2042036 106
0.1189 0 0 86.4891 51060 15000 9092 1.1952828 89
0.119 0 0 86.4854 51061 15000 9216 1.2148292 72
0.1191 0 0 86.4875 51063 15000 9188 1.2103412 80
0.1192 0 0 86.4848 51064 15000 9355 1.2355928 76
0.1193 0 0 86.4888 51066 15000 9242 1.2133092 54
0.1194 0 0 86.4882 51068 15000 9102 1.201404 46
0.1195 0 0 86.4937 51069 15000 9293 1.2281248 53
0.1196 0 0 86.4937 51070 15000 9180 1.2067528 46
0.1197 0 0 86.4965 51072 15000 9123 1.2040844 28
0.1198 0 0 86.4937 51074 15000 9269 1.2216936 44
0.1199 0 0 86.4937 51075 15000 9427 1.246634 32
0.12 0 0 86.4894 51077 15000 9229 1.2162588 27
0.1201 0 0 86.4875 51078 15000 9206 1.2145712 20
0.1202 0 0 86.482 51080 15000 9210 1.2153612 21
0.1203 0 0 86.4798 51081 15000 9444 1.245556 19
0.1204 0 0 86.4776 51083 15000 9301 1.2252268 19
0.1205 0 0 86.4786 51085 15000 9155 1.2090868 18
0.1206 0 0 86.4804 51086 15000 9449 1.2495692 13
0.1207 0 0 86.4841 51088 15000 9212 1.2152896 13
0.1208 0 0 86.4885 51089 15000 9302 1.2241388 15
0.1209 0 0 86.4916 51091 15000 9239 1.2191764 18
0.121 0 0 86.4934 51092 15000 9275 1.2243348 18
0.1211 0 0 86.4931 51094 15000 9108 1.2007664 17
0.1212 0 0 86.4906 51096 15000 9233 1.2177288 11
0.1213 0 0 86.4869 51097 15000 9289 1.2241612 14
0.1214 0 0 86.4835 51099 15000 9230 1.218098 11
0.1215 0 0 86.4789 51100 15000 9163 1.2115576 11
0.1216 0 0 86.4761 51102 15000 9323 1.2308916 17
0.1217 0 0 86.4727 51103 15000 9119 1.2035172 16
0.1218 0 0 86.4745 51105 15000 9270 1.227804 17
0.1219 0 0 86.4739 51106 15000 9230 1.2173132 22
0.122 0 0 86.4792 51108 15000 9171 1.2106596 10
0.1221 0 0 86.4807 51109 15000 9298 1.2285188 11
0.1222 0 0 86.4879 51111 15000 9217 1.2173968 7
0.1223 0 0 86.4897 51112 15000 9171 1.2083076 12
0.1224 0 0 86.4953 51114 15000 9261 1.2209276 9
0.1225 0 0 86.4944 51116 15000 9208 1.2156668 12
0.1226 0 0 86.4968 51117 15000 9172 1.2065896 9
0.1227 0 0 86.4928 51119 15000 9220 1.2196228 6
0.1228 0 0 86.4922 51120 15000 9357 1.2335448 9
0.1229 0 0 86.4857 51122 15000 9218 1.215986 11
0.123 0 0 86.4838 51123 15000 9189 1.2147192 14
0.1231 0 0 86.4776 51125 15000 9245 1.218908 15
0.1232 0 0 86.4779 51126 15000 9085 1.2002772 9
0.1233 0 0 86.4779 51128 15000 9355 1.2327756 8
0.1234 0 0 86.4823 51129 15000 9246 1.218384 14
0.1235 0 0 86.4844 51131 15000 9343 1.23135 17
0.1236 0 0 86.4869 51133 15000 9347 1.2321192 9
0.1237 0 0 86.4879 51134 15000 9378 1.2377816 15
0.1238 0 0 86.4872 51136 15000 9279 1.2268732 10
0.1239 0 0 86.4851 51137 15000 9270 1.2223588 10
0.124 0 0 86.482 51139 15000 9230 1.2173292 6
0.1241 0 0 86.4776 51141 15000 9232 1.2189232 10
0.1242 0 0 86.4755 51142 15000 9374 1.234506 11
0.1243 0 0 86.4739 51143 15000 9175 1.212126 8
0.1244 0 0 86.4736 51145 15000 9214 1.2123032 13
0.1245 0 0 86.4783 51147 15000 9283 1.2252068 9
0.1246 0 0 86.4826 51148 15000 9102 1.2026704 9
0.1247 0 0 86.4897 51150 15000 9296 1.2267068 6
0.1248 0 0 86.4928 51151 15000 9228 1.2213852 11
0.1249 0 0 86.4959 51153 15000 9285 1.2281772 7
0.125 0 0 86.4941 51154 15000 9359 1.2346744 4
