0.11 0 0 105.301 41350 15000 9703 1.1346332 4
0.1101 0 0 105.287 41352 15000 9572 1.1161836 6
0.1102 0 0 105.277 41353 15000 9758 1.1360924 8
0.1103 0 0 105.261 41355 15000 9826 1.1481544 7
0.1104 0 0 105.256 41356 15000 9721 1.1346508 9
0.1105 0 0 105.247 41358 15000 9735 1.1361948 3
0.1106 0 0 105.254 41360 15000 9885 1.156662 10
0.1107 0 0 105.259 41361 15000 9745 1.1361488 4
0.1108 0 0 105.274 41363 15000 9946 1.1637716 9
0.1109 0 0 105.286 41364 15000 9764 1.1405232 6
0.111 0 0 105.299 41365 15000 9697 1.131796 6
0.1111 0 0 105.312 41367 15000 9704 1.1299624 1
0.1112 0 0 105.319 41368 15000 9749 1.1397692 5
0.1113 0 0 105.322 41370 15000 9853 1.1497856 7
0.1114 0 0 105.319 41371 15000 9826 1.1457848 4
0.1115 0 0 105.317 41373 15000 9929 1.1623328 8
0.1116 0 0 105.309 41374 15000 9737 1.1357964 7
0.1117 0 0 105.308 41376 15000 9766 1.1444936 2
0.1118 0 0 105.3 41377 15000 9826 1.1485872 4
0.1119 0 0 105.302 41379 15000 9825 1.1496596 7
0.112 0 0 105.299 41380 15000 9728 1.13755 5
0.1121 0 0 105.307 41382 15000 9809 1.1429492 4
0.1122 0 0 105.313 41383 15000 9733 1.1377476 8
0.1123 0 0 105.323 41385 15000 9888 1.154868 5
0.1124 0 0 105.332 41386 15000 9698 1.1336052 7
0.1125 0 0 105.338 41388 15000 9822 1.1488352 5
0.1126 0 0 105.344 41389 15000 9818 1.1482288 4
0.1127 0 0 105.345 41391 15000 9625 1.1279144 11
0.1128 0 0 105.348 41392 15000 9719 1.1339496 7
0.1129 0 0 105.343 41394 15000 9777 1.1423472 5
0.113 0 0 105.342 41395 15000 9790 1.1465996 3
0.1131 0 0 105.334 41396 15000 9772 1.1458468 4
0.1132 0 0 105.329 41398 15000 9834 1.1516248 4
0.1133 0 0 105.316 41400 15000 9867 1.15197 8
0.1134 0 0 105.312 41401 15000 9834 1.150422 4
0.1135 0 0 105.304 41403 15000 9903 1.1568564 10
0.1136 0 0 105.306 41404 15000 9814 1.1451376 9
0.1137 0 0 105.304 41405 15000 9803 1.1454204 9
0.1138 0 0 105.309 41407 15000 9827 1.1482108 7
0.1139 0 0 105.318 41408 15000 9714 1.1336776 8
0.114 0 0 105.325 41410 15000 9679 1.133064 9
0.1141 0 0 105.338 41411 15000 9937 1.1639612 6
0.1142 0 0 105.345 41413 15000 9841 1.1531752 10
0.1143 0 0 105.356 41414 15000 9765 1.1412024 6
0.1144 0 0 105.358 41416 15000 9758 1.1437692 6
0.1145 0 0 105.363 41417 15000 9886 1.1559352 10
0.1146 0 0 105.358 41419 15000 9733 1.137104 8
0.1147 0 0 105.358 41421 15000 9852 1.152648 7
0.1148 0 0 105.349 41422 15000 9794 1.147296 10
0.1149 0 0 105.348 41424 15000 9682 1.1340588 6
0.115 0 0 105.339 41425 15000 9662 1.1284772 13
0.1151 0 0 105.339 41426 15000 9818 1.150098 6
0.1152 0 0 105.335 41428 15000 9609 1.1203024 7
0.1153 0 0 105.338 41429 15000 9909 1.1592608 15
0.1154 0 0 105.343 41431 15000 9869 1.1567344 13
0.1155 0 0 105.349 41432 15000 9690 1.13477 12
0.1156 0 0 105.36 41434 15000 9816 1.147192 10
0.1157 0 0 105.367 41436 15000 9761 1.1394704 8
0.1158 0 0 105.373 41437 15000 9620 1.123704 17
0.1159 0 0 105.374 41438 15000 9741 1.1368556 13
0.116 0 0 105.379 41440 15000 9725 1.1389656 16
0.1161 0 0 105.375 41442 15000 9735 1.1361288 21
0.1162 0 0 105.374 41443 15000 9849 1.1506 25
0.1163 0 0 105.366 41444 15000 9785 1.1444044 28
0.1164 0 0 105.364 41446 15000 9702 1.1357648 37
0.1165 0 0 105.355 41447 15000 9753 1.1392696 54
0.1166 0 0 105.353 41449 15000 9944 1.164972 59
0.1167 0 0 105.347 41451 15000 9743 1.1371108 81
0.1168 0 0 105.351 41452 15000 9827 1.1449464 97
0.1169 0 0 105.351 41454 15000 9780 1.1438728 109
0.117 0 0 105.359 41455 15000 9654 1.1262572 133
0.1171 0 0 105.363 41457 15000 9706 1.1360764 152
0.1172 0 0 105.371 41458 15000 9762 1.1377448 231
0.1173 0 0 105.379 41460 15000 9744 1.141442 294
0.1174 0 0 105.384 41461 15000 9642 1.1226828 414
0.1175 0 0 105.39 41463 15000 9757 1.14165 597
0.1176 0 0 105.389 41464 15000 9776 1.1437152 824
0.1177 0 0 105.389 41465 15000 9775 1.1422968 1060
0.1178 0 0 105.38 41467 15000 9870 1.1503128 1431
0.1179 0 0 105.376 41468 15000 9879 1.1499268 1944
0.118 0 0 105.366 41470 15000 9758 1.1361448 2503
0.1181 0 0 105.362 41471 15000 9740 1.1322584 2907
0.1182 0 0 105.358 41473 15000 9894 1.1516148 3301
0.1183 0 0 105.358 41474 15000 9811 1.132756 3553
0.1184 0 0 105.362 41476 15000 9692 1.1246772 3764
0.1185 0 0 105.368 41477 15000 9900 1.1502688 4229
0.1186 0 0 105.377 41479 15000 9860 1.1428464 4975
0.1187 0 0 105.382 41480 15000 9891 1.1430572 5594
0.1188 0 0 105.392 41481 15000 9893 1.144684 5132
0.1189 0 0 105.392 41483 15000 9898 1.143002 3748
0.119 0 0 105.394 41484 15000 9898 1.1518716 2241
0.1191 0 0 105.387 41486 15000 9866 1.1540216 1198
0.1192 0 0 105.385 41488 15000 9819 1.1499264 758
0.1193 0 0 105.375 41489 15000 9543 1.1157632 637
0.1194 0 0 105.371 41490 15000 9771 1.1391476 474
0.1195 0 0 105.364 41492 15000 9814 1.1463176 368
0.1196 0 0 105.362 41493 15000 9657 1.1285476 364
0.1197 0 0 105.364 41495 15000 9691 1.1325548 258
0.1198 0 0 105.365 41496 15000 9780 1.143104 243
0.1199 0 0 105.374 41498 15000 9851 1.1525032 236
0.12 0 0 105.378 41499 15000 9838 1.1483708 200
0.1201 0 0 105.387 41501 15000 9734 1.138576 177
0.1202 0 0 105.387 41502 15000 9821 1.1509364 158
0.1203 0 0 105.392 41504 15000 9716 1.1365156 154
0.1204 0 0 105.388 41505 15000 9857 1.1515696 132
0.1205 0 0 105.389 41507 15000 9840 1.151648 90
0.1206 0 0 105.382 41508 15000 9706 1.1373364 90
0.1207 0 0 105.377 41510 15000 9692 1.1345152 86
0.1208 0 0 105.368 41511 15000 9808 1.150032 82
0.1209 0 0 105.361 41512 15000 9706 1.1347668 73
0.121 0 0 105.356 41514 15000 9798 1.1459332 72
0.1211 0 0 105.353 41516 15000 9786 1.1448996 61
0.1212 0 0 105.358 41517 15000 9736 1.141554 42
0.1213 0 0 105.361 41519 15000 9675 1.1338032 47
0.1214 0 0 105.371 41520 15000 9831 1.1507756 40
0.1215 0 0 105.374 41522 15000 9851 1.1526168 36
0.1216 0 0 105.383 41523 15000 9847 1.1523012 32
0.1217 0 0 105.384 41525 15000 9758 1.1419408 43
0.1218 0 0 105.386 41526 15000 9765 1.1443908 38
0.1219 0 0 105.378 41528 15000 9820 1.1499512 39
0.122 0 0 105.375 41529 15000 9705 1.1357056 24
0.1221 0 0 105.365 41530 15000 9763 1.140578 22
0.1222 0 0 105.36 41532 15000 9892 1.1609568 37
0.1223 0 0 105.355 41533 15000 9676 1.1325744 28
0.1224 0 0 105.355 41535 15000 9816 1.148588 37
0.1225 0 0 105.358 41537 15000 9706 1.136128 17
0.1226 0 0 105.363 41538 15000 9741 1.1415904 18
0.1227 0 0 105.374 41539 15000 9768 1.143604 28
0.1228 0 0 105.381 41541 15000 9738 1.1424832 18
0.1229 0 0 105.395 41542 15000 9764 1.1433012 17
0.123 0 0 105.4 41544 15000 9777 1.1454244 23
0.1231 0 0 105.41 41545 15000 9878 1.1573536 22
0.1232 0 0 105.409 41547 15000 9761 1.1441108 19
0.1233 0 0 105.41 41548 15000 9735 1.1427128 15
0.1234 0 0 105.402 41550 15000 9696 1.1393028 24
0.1235 0 0 105.399 41551 15000 9872 1.154934 23
0.1236 0 0 105.391 41553 15000 9703 1.1390012 23
0.1237 0 0 105.384 41554 15000 9786 1.1444632 20
0.1238 0 0 105.38 41556 15000 9712 1.13902 19
0.1239 0 0 105.377 41557 15000 9836 1.1521084 23
0.124 0 0 105.381 41559 15000 9825 1.1503552 22
0.1241 0 0 105.382 41560 15000 9866 1.15523 11
0.1242 0 0 105.392 41562 15000 9839 1.1524992 15
0.1243 0 0 105.397 41563 15000 9647 1.1310008 13
0.1244 0 0 105.407 41565 15000 9746 1.140702 10
0.1245 0 0 105.41 41566 15000 9736 1.1392116 19
0.1246 0 0 105.415 41568 15000 9871 1.1600084 14
0.1247 0 0 105.412 41569 15000 9810 1.14425 16
0.1248 0 0 105.413 41571 15000 9745 1.1446364 19
0.1249 0 0 105.407 41572 15000 9716 1.1384252 16
0.125 0 0 105.404 41574 15000 9893 1.1591296 19
0.1251 0 0 105.392 41575 15000 9783 1.1473212 15
0.1252 0 0 105.385 41577 15000 9783 1.1499856 11
0.1253 0 0 105.374 41578 15000 9731 1.141278 14
0.1254 0 0 105.371 41580 15000 9688 1.1330972 12
0.1255 0 0 105.37 41581 15000 9573 1.1223072 17
0.1256 0 0 105.371 41583 15000 9706 1.133912 12
0.1257 0 0 105.381 41584 15000 9893 1.1594936 14
0.1258 0 0 105.388 41586 15000 9724 1.1386712 22
0.1259 0 0 105.399 41587 15000 9827 1.1499648 17
0.126 0 0 105.404 41589 15000 9667 1.1329704 8
0.1261 0 0 105.41 41591 15000 9669 1.132528 10
0.1262 0 0 105.409 41592 15000 9814 1.1512592 14
0.1263 0 0 105.408 41594 15000 9689 1.1360224 17
0.1264 0 0 105.399 41595 15000 9764 1.1478384 14
0.1265 0 0 105.395 41597 15000 9770 1.1464096 12
0.1266 0 0 105.385 41598 15000 9743 1.1429004 13
0.1267 0 0 105.384 41600 15000 9809 1.1487456 16
0.1268 0 0 105.379 41601 15000 9556 1.1186024 14
0.1269 0 0 105.385 41603 15000 9691 1.1364376 11
0.127 0 0 105.386 41604 15000 9749 1.1425576 9
0.1271 0 0 105.395 41606 15000 9618 1.1273816 16
0.1272 0 0 105.399 41607 15000 9762 1.1472324 7
0.1273 0 0 105.405 41609 15000 9680 1.1346816 11
0.1274 0 0 105.407 41610 15000 9682 1.1318704 12
0.1275 0 0 105.407 41612 15000 9800 1.1463964 13
0.1276 0 0 105.407 41613 15000 9740 1.1424956 15
0.1277 0 0 105.402 41615 15000 9631 1.130002 15
0.1278 0 0 105.4 41616 15000 9611 1.1290144 13
0.1279 0 0 105.392 41617 15000 9761 1.1473504 9
0.128 0 0 105.389 41619 15000 9756 1.1410968 11
0.1281 0 0 105.379 41620 15000 9874 1.157368 8
0.1282 0 0 105.376 41622 15000 9845 1.154574 11
0.1283 0 0 105.368 41623 15000 9812 1.1490532 8
0.1284 0 0 105.366 41625 15000 9683 1.1364876 10
0.1285 0 0 105.361 41626 15000 9751 1.141262 14
0.1286 0 0 105.362 41628 15000 9812 1.1527952 5
0.1287 0 0 105.363 41629 15000 9791 1.1474764 13
0.1288 0 0 105.368 41631 15000 9707 1.1400912 10
0.1289 0 0 105.374 41632 15000 9885 1.1638452 15
0.129 0 0 105.378 41634 15000 9697 1.1382744 10
0.1291 0 0 105.386 41635 15000 10011 1.173588 9
0.1292 0 0 105.389 41637 15000 9862 1.1543336 15
0.1293 0 0 105.394 41638 15000 9861 1.1549944 11
0.1294 0 0 105.392 41640 15000 9594 1.1248048 10
0.1295 0 0 105.394 41641 15000 9827 1.1518712 7
0.1296 0 0 105.387 41643 15000 9777 1.1481616 11
0.1297 0 0 105.387 41644 15000 9840 1.1568548 11
0.1298 0 0 105.379 41646 15000 9796 1.14893 20
0.1299 0 0 105.379 41647 15000 9926 1.1633644 9
0.13 0 0 105.376 41649 15000 9839 1.154954 11
