0.105 0 0 44.5538 72827 20000 12878 1.10027 11
0.1051 0 0 44.5517 72829 20000 12712 1.0860828 9
0.1052 0 0 44.5499 72830 20000 12731 1.090062 7
0.1053 0 0 44.5475 72832 20000 12856 1.0977272 9
0.1054 0 0 44.5476 72833 20000 12836 1.1036112 6
0.1055 0 0 44.551 72834 20000 12816 1.0937448 4
0.1056 0 0 44.556 72836 20000 12985 1.107694 5
0.1057 0 0 44.5648 72837 20000 12583 1.0770404 8
0.1058 0 0 44.5717 72839 20000 12744 1.0887348 7
0.1059 0 0 44.578 72840 20000 12771 1.091224 5
0.106 0 0 44.5839 72842 20000 12747 1.089878 7
0.1061 0 0 44.5896 72843 20000 12648 1.084388 7
0.1062 0 0 44.5938 72844 20000 12908 1.1054244 4
0.1063 0 0 44.5967 72846 20000 12734 1.090296 4
0.1064 0 0 44.5985 72847 20000 12846 1.0999704 6
0.1065 0 0 44.5987 72849 20000 12790 1.0921636 6
0.1066 0 0 44.5993 72850 20000 13083 1.1211704 13
0.1067 0 0 44.5982 72852 20000 12921 1.1049364 9
0.1068 0 0 44.5979 72853 20000 12767 1.0916844 2
0.1069 0 0 44.5962 72854 20000 12742 1.0898328 7
0.107 0 0 44.5979 72856 20000 12816 1.0961668 9
0.1071 0 0 44.6006 72857 20000 12743 1.0893304 5
0.1072 0 0 44.6071 72859 20000 12796 1.0933916 4
0.1073 0 0 44.6131 72860 20000 12876 1.1002224 3
0.1074 0 0 44.6199 72862 20000 12894 1.1059112 4
0.1075 0 0 44.6267 72863 20000 12888 1.1002292 4
0.1076 0 0 44.6313 72864 20000 12730 1.0869116 5
0.1077 0 0 44.6365 72866 20000 12794 1.0950424 5
0.1078 0 0 44.6396 72867 20000 12835 1.0979532 8
0.1079 0 0 44.6414 72869 20000 12785 1.0931432 2
0.108 0 0 44.6411 72870 20000 12731 1.0875072 7
0.1081 0 0 44.639 72871 20000 12817 1.0952728 12
0.1082 0 0 44.6356 72873 20000 12631 1.0816952 9
0.1083 0 0 44.6302 72874 20000 12951 1.10425 6
0.1084 0 0 44.6261 72876 20000 12814 1.0959128 6
0.1085 0 0 44.6214 72877 20000 12934 1.1044324 3
0.1086 0 0 44.6219 72879 20000 12817 1.0932132 4
0.1087 0 0 44.6229 72880 20000 12852 1.0949568 9
0.1088 0 0 44.6278 72881 20000 13001 1.1099468 9
0.1089 0 0 44.634 72883 20000 12695 1.0883708 7
0.109 0 0 44.6404 72884 20000 12923 1.1020376 5
0.1091 0 0 44.6467 72886 20000 12721 1.0895152 8
0.1092 0 0 44.6524 72887 20000 12904 1.1024356 5
0.1093 0 0 44.6568 72889 20000 12849 1.0974724 6
0.1094 0 0 44.6586 72890 20000 12821 1.0949528 12
0.1095 0 0 44.6575 72891 20000 12970 1.1071628 7
0.1096 0 0 44.6535 72893 20000 12744 1.0875508 8
0.1097 0 0 44.6503 72894 20000 12852 1.0984484 5
0.1098 0 0 44.6469 72896 20000 12850 1.0951976 6
0.1099 0 0 44.645 72897 20000 12858 1.0997412 10
0.11 0 0 44.6462 72898 20000 12872 1.1029612 5
0.1101 0 0 44.6501 72900 20000 12893 1.1028224 8
0.1102 0 0 44.6565 72901 20000 12955 1.1020696 7
0.1103 0 0 44.6631 72903 20000 12888 1.10219 4
0.1104 0 0 44.6732 72904 20000 12871 1.0984444 7
0.1105 0 0 44.6824 72906 20000 12886 1.1002188 8
0.1106 0 0 44.6889 72907 20000 12965 1.106044 12
0.1107 0 0 44.693 72908 20000 12918 1.1038336 5
0.1108 0 0 44.695 72910 20000 12924 1.105924 11
0.1109 0 0 44.6938 72911 20000 12784 1.0916044 14
0.111 0 0 44.6902 72912 20000 12956 1.1033008 11
0.1111 0 0 44.6863 72914 20000 12869 1.0974812 6
0.1112 0 0 44.6802 72916 20000 12778 1.089164 8
0.1113 0 0 44.6781 72917 20000 12939 1.1010128 11
0.1114 0 0 44.6759 72919 20000 12927 1.1042032 12
0.1115 0 0 44.6785 72920 20000 12875 1.0941988 8
0.1116 0 0 44.6825 72921 20000 12978 1.1048884 5
0.1117 0 0 44.6917 72923 20000 12970 1.1038752 5
0.1118 0 0 44.7003 72924 20000 12688 1.0810836 16
0.1119 0 0 44.7101 72926 20000 12654 1.079456 13
0.112 0 0 44.7168 72927 20000 12832 1.0912248 7
0.1121 0 0 44.722 72929 20000 12893 1.1001972 9
0.1122 0 0 44.7233 72930 20000 12899 1.1017332 6
0.1123 0 0 44.7216 72932 20000 12928 1.1012196 11
0.1124 0 0 44.7169 72933 20000 12950 1.1054688 14
0.1125 0 0 44.7101 72934 20000 13058 1.1169916 8
0.1126 0 0 44.7056 72936 20000 12851 1.092416 11
0.1127 0 0 44.7007 72937 20000 12824 1.095618 14
0.1128 0 0 44.699 72939 20000 13094 1.1141372 8
0.1129 0 0 44.6997 72940 20000 13021 1.1115036 11
0.113 0 0 44.701 72942 20000 12906 1.1010432 13
0.1131 0 0 44.7046 72943 20000 12946 1.1052752 24
0.1132 0 0 44.7071 72945 20000 12899 1.0996812 13
0.1133 0 0 44.7118 72946 20000 12865 1.097406 13
0.1134 0 0 44.7145 72947 20000 12830 1.0923648 18
0.1135 0 0 44.7169 72949 20000 12846 1.0925212 16
0.1136 0 0 44.7176 72950 20000 12882 1.0945848 10
0.1137 0 0 44.7168 72952 20000 12970 1.100712 20
0.1138 0 0 44.714 72953 20000 12953 1.0998616 20
0.1139 0 0 44.7084 72955 20000 12941 1.1017656 17
0.114 0 0 44.6989 72956 20000 12981 1.1052984 18
0.1141 0 0 44.6906 72957 20000 12832 1.0926288 24
0.1142 0 0 44.6861 72959 20000 12963 1.1028248 23
0.1143 0 0 44.6795 72960 20000 12974 1.1047328 31
0.1144 0 0 44.6798 72962 20000 12984 1.1028772 29
0.1145 0 0 44.6813 72963 20000 12899 1.100118 33
0.1146 0 0 44.6883 72965 20000 13047 1.1083532 34
0.1147 0 0 44.6968 72966 20000 13045 1.1102452 51
0.1148 0 0 44.7058 72968 20000 12875 1.0992568 42
0.1149 0 0 44.7117 72969 20000 12860 1.0945024 54
0.115 0 0 44.7159 72970 20000 13012 1.1067052 50
0.1151 0 0 44.717 72972 20000 12902 1.0997932 37
0.1152 0 0 44.7153 72973 20000 12669 1.0786088 47
0.1153 0 0 44.7124 72975 20000 13008 1.1091868 62
0.1154 0 0 44.7067 72976 20000 13049 1.111938 76
0.1155 0 0 44.7032 72978 20000 13112 1.114264 68
0.1156 0 0 44.699 72979 20000 12904 1.0985464 71
0.1157 0 0 44.6984 72980 20000 13071 1.1109256 76
0.1158 0 0 44.7003 72982 20000 12806 1.0895796 47
0.1159 0 0 44.7046 72983 20000 13005 1.108382 49
0.116 0 0 44.7131 72985 20000 13014 1.1055456 43
0.1161 0 0 44.7225 72986 20000 12791 1.0888012 52
0.1162 0 0 44.7296 72988 20000 12986 1.1060964 40
0.1163 0 0 44.7358 72989 20000 13030 1.1094064 34
0.1164 0 0 44.7392 72990 20000 12895 1.0997116 39
0.1165 0 0 44.7395 72992 20000 12869 1.094342 33
0.1166 0 0 44.738 72993 20000 13068 1.1093364 33
0.1167 0 0 44.7346 72995 20000 13029 1.1078448 50
0.1168 0 0 44.7298 72996 20000 13011 1.1055576 48
0.1169 0 0 44.7235 72998 20000 12868 1.0965836 32
0.117 0 0 44.7178 72999 20000 12982 1.102636 41
0.1171 0 0 44.7135 73000 20000 13032 1.1058396 47
0.1172 0 0 44.7087 73002 20000 12853 1.095462 42
0.1173 0 0 44.7098 73003 20000 12887 1.1008252 61
0.1174 0 0 44.7123 73005 20000 13031 1.1098044 52
0.1175 0 0 44.7176 73006 20000 12904 1.0993352 49
0.1176 0 0 44.7219 73007 20000 13101 1.112514 48
0.1177 0 0 44.7261 73009 20000 12976 1.103286 65
0.1178 0 0 44.7297 73010 20000 12857 1.0957904 76
0.1179 0 0 44.7308 73012 20000 12851 1.0926852 89
0.118 0 0 44.7287 73013 20000 12931 1.1038752 101
0.1181 0 0 44.7238 73015 20000 12973 1.105858 95
0.1182 0 0 44.717 73016 20000 12950 1.102752 135
0.1183 0 0 44.7098 73017 20000 12830 1.0912956 155
0.1184 0 0 44.7054 73019 20000 13034 1.1111484 209
0.1185 0 0 44.7023 73020 20000 13000 1.1046024 214
0.1186 0 0 44.7024 73022 20000 13140 1.1204644 278
0.1187 0 0 44.7078 73023 20000 12938 1.0971084 322
0.1188 0 0 44.7154 73025 20000 12980 1.1019044 395
0.1189 0 0 44.7225 73026 20000 12933 1.0965596 486
0.119 0 0 44.7315 73028 20000 13038 1.1101668 634
0.1191 0 0 44.7356 73029 20000 13075 1.1072932 789
0.1192 0 0 44.7386 73031 20000 13115 1.1120528 1104
0.1193 0 0 44.7383 73032 20000 13055 1.1062272 1224
0.1194 0 0 44.7348 73034 20000 13215 1.120468 1563
0.1195 0 0 44.7263 73035 20000 12947 1.09801 1748
0.1196 0 0 44.7156 73037 20000 13020 1.1014968 2170
0.1197 0 0 44.7101 73038 20000 13108 1.10999 2630
0.1198 0 0 44.7061 73039 20000 13029 1.0968048 2963
0.1199 0 0 44.7031 73041 20000 13192 1.1137184 3477
0.12 0 0 44.7066 73042 20000 13334 1.1207852 4008
0.1201 0 0 44.7114 73044 20000 13167 1.1050004 4520
0.1202 0 0 44.7224 73045 20000 13153 1.1050264 4876
0.1203 0 0 44.7292 73047 20000 13172 1.10592 5252
0.1204 0 0 44.7381 73048 20000 13203 1.1078024 5584
0.1205 0 0 44.7431 73050 20000 13377 1.1211372 5819
0.1206 0 0 44.7463 73051 20000 13223 1.1117224 5392
0.1207 0 0 44.746 73053 20000 13103 1.1020668 4561
0.1208 0 0 44.7429 73054 20000 13086 1.1019676 3703
0.1209 0 0 44.737 73055 20000 13061 1.0987076 2794
0.121 0 0 44.7326 73057 20000 13021 1.1014652 2154
0.1211 0 0 44.7248 73058 20000 13107 1.1102552 1654
0.1212 0 0 44.7203 73059 20000 12962 1.0947936 1252
0.1213 0 0 44.7166 73061 20000 13114 1.1128996 967
0.1214 0 0 44.7129 73062 20000 12938 1.0985948 722
0.1215 0 0 44.7141 73064 20000 12905 1.0954776 628
0.1216 0 0 44.7175 73065 20000 13075 1.1103168 503
0.1217 0 0 44.7226 73067 20000 13038 1.1091992 403
0.1218 0 0 44.7278 73068 20000 12956 1.1024532 353
0.1219 0 0 44.7332 73070 20000 13081 1.1112812 294
0.122 0 0 44.7387 73071 20000 13063 1.1108964 267
0.1221 0 0 44.7429 73072 20000 12972 1.0972852 245
0.1222 0 0 44.7466 73074 20000 13081 1.1115132 198
0.1223 0 0 44.7483 73075 20000 13031 1.1052716 169
0.1224 0 0 44.75 73077 20000 13145 1.1142552 161
0.1225 0 0 44.7502 73078 20000 13127 1.1172208 142
0.1226 0 0 44.7502 73080 20000 13172 1.116716 125
0.1227 0 0 44.7495 73081 20000 13188 1.1207016 110
0.1228 0 0 44.7491 73083 20000 13249 1.12749 100
0.1229 0 0 44.75 73084 20000 12893 1.094302 78
0.123 0 0 44.7501 73086 20000 13240 1.1219572 85
0.1231 0 0 44.7509 73087 20000 13223 1.1231204 58
0.1232 0 0 44.7502 73088 20000 13062 1.105332 63
0.1233 0 0 44.7512 73090 20000 13232 1.1210872 54
0.1234 0 0 44.7509 73091 20000 13147 1.1139396 54
0.1235 0 0 44.7519 73093 20000 13195 1.1167836 35
0.1236 0 0 44.7524 73094 20000 13107 1.1132056 33
0.1237 0 0 44.7536 73096 20000 13124 1.1121464 31
0.1238 0 0 44.756 73097 20000 13114 1.1145108 24
0.1239 0 0 44.7578 73098 20000 13199 1.1154972 32
0.124 0 0 44.7596 73100 20000 13257 1.1231768 28
0.1241 0 0 44.7598 73101 20000 13060 1.1074708 22
0.1242 0 0 44.7607 73103 20000 13102 1.1093612 20
0.1243 0 0 44.76 73104 20000 13043 1.1046848 20
0.1244 0 0 44.7589 73106 20000 13140 1.1162644 15
0.1245 0 0 44.7563 73107 20000 13120 1.1092332 28
0.1246 0 0 44.7527 73109 20000 13081 1.1098324 17
0.1247 0 0 44.7485 73110 20000 13203 1.1204416 13
0.1248 0 0 44.7435 73112 20000 13174 1.1173608 14
0.1249 0 0 44.7373 73113 20000 13024 1.1056776 12
0.125 0 0 44.7314 73114 20000 13241 1.1217992 13
0.1251 0 0 44.7247 73116 20000 13092 1.1090264 20
0.1252 0 0 44.7198 73117 20000 13221 1.121366 19
0.1253 0 0 44.718 73119 20000 13235 1.1188696 15
0.1254 0 0 44.716 73120 20000 13077 1.1092664 13
0.1255 0 0 44.7182 73122 20000 13224 1.120054 12
0.1256 0 0 44.7212 73123 20000 13160 1.114444 8
0.1257 0 0 44.725 73124 20000 13144 1.1153876 9
0.1258 0 0 44.7292 73126 20000 13048 1.1089208 12
0.1259 0 0 44.7321 73127 20000 13248 1.1224992 10
0.126 0 0 44.7346 73129 20000 13211 1.118488 14
0.1261 0 0 44.7347 73130 20000 13081 1.1114792 11
0.1262 0 0 44.733 73131 20000 13130 1.107246 8
0.1263 0 0 44.7282 73133 20000 13324 1.1284056 11
0.1264 0 0 44.7235 73135 20000 13258 1.1202204 6
0.1265 0 0 44.7163 73136 20000 13084 1.107464 11
0.1266 0 0 44.7138 73137 20000 13295 1.128028 8
0.1267 0 0 44.7124 73139 20000 13111 1.1120644 7
0.1268 0 0 44.7131 73140 20000 13013 1.1061644 13
0.1269 0 0 44.7161 73142 20000 13322 1.131226 7
0.127 0 0 44.7194 73143 20000 13124 1.1165016 9
0.1271 0 0 44.7231 73145 20000 13164 1.1173688 5
0.1272 0 0 44.726 73146 20000 13048 1.1082492 8
0.1273 0 0 44.7288 73148 20000 13270 1.1228612 9
0.1274 0 0 44.7297 73149 20000 13094 1.1092228 8
0.1275 0 0 44.7295 73151 20000 13169 1.1172596 5
0.1276 0 0 44.7271 73152 20000 12988 1.1000272 6
0.1277 0 0 44.7236 73153 20000 13103 1.109724 8
0.1278 0 0 44.718 73155 20000 13308 1.1271344 6
0.1279 0 0 44.7116 73156 20000 13074 1.106512 5
0.128 0 0 44.705 73158 20000 13209 1.1210244 10
0.1281 0 0 44.6992 73159 20000 12999 1.1019012 7
0.1282 0 0 44.6947 73161 20000 13280 1.1253952 8
0.1283 0 0 44.6909 73162 20000 13216 1.1178692 6
0.1284 0 0 44.6921 73163 20000 13295 1.126138 6
0.1285 0 0 44.694 73165 20000 13237 1.1195156 9
0.1286 0 0 44.7007 73166 20000 13148 1.1131908 2
0.1287 0 0 44.7074 73168 20000 13187 1.1174592 8
0.1288 0 0 44.714 73169 20000 13244 1.1196668 8
0.1289 0 0 44.7181 73171 20000 13147 1.1167608 7
0.129 0 0 44.7203 73172 20000 13165 1.1127312 7
0.1291 0 0 44.7195 73173 20000 13170 1.1159476 6
0.1292 0 0 44.7159 73175 20000 13305 1.1287988 6
0.1293 0 0 44.7097 73176 20000 13249 1.12201 2
0.1294 0 0 44.7034 73178 20000 13183 1.1161556 4
0.1295 0 0 44.6998 73179 20000 13135 1.1116616 5
0.1296 0 0 44.695 73181 20000 13275 1.1266436 12
0.1297 0 0 44.6943 73182 20000 13098 1.109304 10
0.1298 0 0 44.6974 73183 20000 13276 1.1235048 7
0.1299 0 0 44.7025 73185 20000 13263 1.1216112 2
0.13 0 0 44.7132 73186 20000 13330 1.1268984 4
0.1301 0 0 44.72 73188 20000 13007 1.0995448 7
0.1302 0 0 44.7297 73189 20000 13401 1.1368004 8
0.1303 0 0 44.7361 73190 20000 13181 1.1180104 4
0.1304 0 0 44.7398 73192 20000 13201 1.1184544 6
0.1305 0 0 44.7416 73193 20000 13399 1.1339356 9
0.1306 0 0 44.7398 73195 20000 13208 1.1176676 2
0.1307 0 0 44.7341 73196 20000 13398 1.1337952 4
0.1308 0 0 44.7272 73198 20000 13245 1.1205964 6
0.1309 0 0 44.7227 73199 20000 13315 1.1293744 6
0.131 0 0 44.7157 73200 20000 13302 1.1245804 3
0.1311 0 0 44.7138 73202 20000 13320 1.1267264 4
0.1312 0 0 44.7121 73203 20000 13272 1.123376 8
0.1313 0 0 44.7185 73205 20000 13305 1.1274828 9
0.1314 0 0 44.7252 73206 20000 13376 1.1326212 4
0.1315 0 0 44.7344 73208 20000 13240 1.1211616 4
0.1316 0 0 44.7413 73209 20000 13254 1.1254224 4
0.1317 0 0 44.7456 73211 20000 13388 1.1329488 2
0.1318 0 0 44.7472 73212 20000 13256 1.119792 4
0.1319 0 0 44.7464 73214 20000 13331 1.1257144 6
0.132 0 0 44.745 73215 20000 13344 1.1309112 7
0.1321 0 0 44.7416 73216 20000 13347 1.128132 6
0.1322 0 0 44.7389 73218 20000 13198 1.116478 6
0.1323 0 0 44.7345 73219 20000 13383 1.1309068 4
0.1324 0 0 44.7325 73221 20000 13394 1.1309388 5
0.1325 0 0 44.7306 73222 20000 13289 1.1244092 7
0.1326 0 0 44.7321 73224 20000 13278 1.1236076 3
0.1327 0 0 44.7367 73225 20000 13229 1.1196912 5
0.1328 0 0 44.7442 73227 20000 13417 1.136566 7
0.1329 0 0 44.7493 73228 20000 13439 1.132612 5
0.133 0 0 44.755 73230 20000 13258 1.1210452 5
0.1331 0 0 44.7601 73231 20000 13272 1.1223564 3
0.1332 0 0 44.7628 73233 20000 13196 1.1157252 7
0.1333 0 0 44.7642 73234 20000 13181 1.1149556 8
0.1334 0 0 44.762 73236 20000 13279 1.1243844 3
0.1335 0 0 44.7563 73237 20000 13295 1.1269064 3
0.1336 0 0 44.7491 73239 20000 13291 1.1252044 7
0.1337 0 0 44.7439 73240 20000 13397 1.1322196 6
0.1338 0 0 44.7375 73242 20000 13263 1.12239 3
0.1339 0 0 44.7362 73243 20000 13233 1.120246 2
0.134 0 0 44.7364 73245 20000 13309 1.1210012 4
0.1341 0 0 44.7428 73246 20000 13314 1.1251984 5
0.1342 0 0 44.7494 73248 20000 13493 1.1418432 5
0.1343 0 0 44.7583 73249 20000 13424 1.1352992 7
0.1344 0 0 44.7654 73251 20000 13268 1.1218176 3
0.1345 0 0 44.7694 73252 20000 13375 1.1293376 3
0.1346 0 0 44.7702 73254 20000 13202 1.1162376 6
0.1347 0 0 44.7679 73255 20000 13303 1.1258536 4
0.1348 0 0 44.7622 73256 20000 13083 1.1093444 5
0.1349 0 0 44.7534 73258 20000 13350 1.1312736 2
0.135 0 0 44.7466 73260 20000 13388 1.1315256 2
