0.015 0 0 60.6531 60408 25000 15021 2.2050264 205
0.0152 0 0 60.6564 60411 25000 14934 2.194186 197
0.0154 0 0 60.6556 60413 25000 14976 2.1996552 171
0.0156 0 0 60.6505 60416 25000 14944 2.1927008 209
0.0158 0 0 60.6472 60418 25000 14914 2.1909404 176
0.016 0 0 60.6492 60421 25000 14956 2.193338 157
0.0162 0 0 60.6519 60423 25000 14950 2.1956884 160
0.0164 0 0 60.6527 60426 25000 14876 2.1884804 168
0.0166 0 0 60.6494 60428 25000 14891 2.1863108 153
0.0168 0 0 60.6498 60431 25000 14943 2.1873896 157
0.017 0 0 60.6514 60433 25000 14940 2.1978696 151
0.0172 0 0 60.6525 60436 25000 14915 2.1887272 151
0.0174 0 0 60.6526 60438 25000 14882 2.1895744 158
0.0176 0 0 60.6546 60441 25000 14878 2.1889148 156
0.0178 0 0 60.6583 60443 25000 14910 2.1891724 135
0.018 0 0 60.6596 60446 25000 14774 2.1738796 131
0.0182 0 0 60.6586 60448 25000 14883 2.1876168 127
0.0184 0 0 60.6581 60451 25000 14785 2.1685904 133
0.0186 0 0 60.66 60453 25000 14961 2.1979696 132
0.0188 0 0 60.6601 60456 25000 14956 2.2045052 112
0.019 0 0 60.657 60458 25000 14894 2.1843264 96
0.0192 0 0 60.6517 60461 25000 14825 2.1773216 105
0.0194 0 0 60.648 60463 25000 14985 2.200638 119
0.0196 0 0 60.6491 60466 25000 14987 2.1999076 109
0.0198 0 0 60.6536 60468 25000 14811 2.1785376 107
0.02 0 0 60.6577 60471 25000 14999 2.2012508 87
0.0202 0 0 60.655 60473 25000 14863 2.1843088 88
0.0204 0 0 60.6422 60476 25000 14926 2.1935364 111
0.0206 0 0 60.63 60478 25000 14860 2.1849928 94
0.0208 0 0 60.6226 60481 25000 15231 2.2359192 88
0.021 0 0 60.6235 60483 25000 15066 2.2154784 75
0.0212 0 0 60.6309 60486 25000 14934 2.1903712 91
0.0214 0 0 60.6395 60488 25000 15062 2.2117892 95
0.0216 0 0 60.6453 60491 25000 14880 2.1866608 83
0.0218 0 0 60.6458 60493 25000 14926 2.1936352 60
0.022 0 0 60.6412 60496 25000 14913 2.1909524 75
0.0222 0 0 60.6345 60498 25000 14906 2.188402 75
0.0224 0 0 60.6314 60501 25000 14884 2.1855492 78
0.0226 0 0 60.6325 60503 25000 14954 2.19536 78
0.0228 0 0 60.6354 60506 25000 14855 2.1814548 86
0.023 0 0 60.6374 60508 25000 14956 2.1975824 87
0.0232 0 0 60.6355 60511 25000 14979 2.1979092 71
0.0234 0 0 60.6314 60513 25000 14821 2.1776292 64
0.0236 0 0 60.6278 60516 25000 15113 2.218542 64
0.0238 0 0 60.6279 60518 25000 14877 2.1838316 62
0.024 0 0 60.6315 60521 25000 14910 2.1879456 63
0.0242 0 0 60.6379 60523 25000 14805 2.17764 56
0.0244 0 0 60.6432 60526 25000 14984 2.2006168 67
0.0246 0 0 60.6444 60529 25000 14922 2.1905012 51
0.0248 0 0 60.6406 60531 25000 14683 2.1573708 60
0.025 0 0 60.6336 60533 25000 14978 2.2024284 66
0.0252 0 0 60.6278 60536 25000 14981 2.1991612 64
0.0254 0 0 60.6252 60538 25000 14990 2.1931116 62
0.0256 0 0 60.6281 60541 25000 14840 2.1830924 50
0.0258 0 0 60.6324 60543 25000 14893 2.1893756 47
0.026 0 0 60.6354 60546 25000 14786 2.1770988 43
0.0262 0 0 60.6337 60549 25000 14973 2.2020508 44
0.0264 0 0 60.6295 60551 25000 14853 2.1841928 49
0.0266 0 0 60.6263 60554 25000 14918 2.1929172 43
0.0268 0 0 60.6288 60556 25000 14879 2.1881696 44
0.027 0 0 60.6307 60559 25000 14947 2.1952936 38
0.0272 0 0 60.6308 60561 25000 14781 2.175758 50
0.0274 0 0 60.6292 60564 25000 14979 2.1984148 48
0.0276 0 0 60.6265 60566 25000 14864 2.1812404 36
0.0278 0 0 60.6239 60569 25000 14780 2.1719152 39
0.028 0 0 60.6253 60571 25000 15048 2.2123032 44
0.0282 0 0 60.6287 60574 25000 15040 2.205308 42
0.0284 0 0 60.6323 60576 25000 14965 2.202468 39
0.0286 0 0 60.6331 60579 25000 15037 2.2112988 35
0.0288 0 0 60.6324 60581 25000 14969 2.2036896 30
0.029 0 0 60.6315 60584 25000 15099 2.2178228 37
0.0292 0 0 60.6334 60586 25000 14720 2.1650912 43
0.0294 0 0 60.6393 60589 25000 14881 2.1874848 24
0.0296 0 0 60.6468 60591 25000 14819 2.1819564 38
0.0298 0 0 60.651 60594 25000 15085 2.215748 44
0.03 0 0 60.6481 60596 25000 15049 2.2118732 44
0.0302 0 0 60.6413 60599 25000 14814 2.18234 38
0.0304 0 0 60.6372 60601 25000 15121 2.223236 42
0.0306 0 0 60.6396 60604 25000 14917 2.1977172 41
0.0308 0 0 60.6433 60606 25000 14914 2.2033676 40
0.031 0 0 60.6443 60609 25000 14712 2.167058 40
0.0312 0 0 60.6427 60611 25000 14868 2.1862652 33
0.0314 0 0 60.6419 60614 25000 14886 2.1885536 40
0.0316 0 0 60.6438 60616 25000 14897 2.1914548 39
0.0318 0 0 60.6477 60619 25000 14957 2.1975432 30
0.032 0 0 60.6494 60621 25000 15053 2.216222 39
0.0322 0 0 60.6451 60624 25000 14906 2.1942656 33
0.0324 0 0 60.6388 60626 25000 15047 2.2063008 35
0.0326 0 0 60.6326 60629 25000 14770 2.1791516 32
0.0328 0 0 60.6298 60631 25000 15087 2.213762 33
0.033 0 0 60.6309 60634 25000 14830 2.1787264 33
0.0332 0 0 60.6362 60636 25000 14975 2.2063852 42
0.0334 0 0 60.6364 60639 25000 14810 2.1756224 37
0.0336 0 0 60.6337 60641 25000 14698 2.1644672 24
0.0338 0 0 60.6293 60644 25000 15016 2.2149588 35
0.034 0 0 60.626 60646 25000 14919 2.1974568 36
0.0342 0 0 60.6263 60649 25000 14803 2.1825072 30
0.0344 0 0 60.6276 60652 25000 15059 2.217596 37
0.0346 0 0 60.6281 60654 25000 14997 2.207834 37
0.0348 0 0 60.6287 60657 25000 14889 2.1871984 34
0.035 0 0 60.6322 60659 25000 14783 2.1711032 38
0.0352 0 0 60.6319 60662 25000 14980 2.206488 37
0.0354 0 0 60.6295 60664 25000 15025 2.217488 27
0.0356 0 0 60.6255 60667 25000 15074 2.221718 31
0.0358 0 0 60.6229 60669 25000 15276 2.251066 28
0.036 0 0 60.6231 60672 25000 14871 2.1913432 24
0.0362 0 0 60.6262 60674 25000 14957 2.2025524 29
0.0364 0 0 60.629 60677 25000 14722 2.1673312 23
0.0366 0 0 60.6309 60679 25000 15123 2.2249932 30
0.0368 0 0 60.6325 60682 25000 14939 2.202038 29
0.037 0 0 60.6351 60684 25000 14867 2.188578 30
0.0372 0 0 60.6381 60687 25000 15033 2.2161976 33
0.0374 0 0 60.6394 60689 25000 14940 2.2014292 38
0.0376 0 0 60.639 60692 25000 14834 2.1844572 25
0.0378 0 0 60.6374 60694 25000 14863 2.1897608 20
0.038 0 0 60.6377 60697 25000 14808 2.1805924 36
0.0382 0 0 60.64 60699 25000 15264 2.2446552 34
0.0384 0 0 60.6437 60702 25000 15212 2.2358392 32
0.0386 0 0 60.6474 60704 25000 14914 2.19346 37
0.0388 0 0 60.6501 60707 25000 14898 2.1883196 22
0.039 0 0 60.653 60709 25000 15060 2.2155624 27
0.0392 0 0 60.6518 60712 25000 14936 2.1985096 19
0.0394 0 0 60.646 60714 25000 15058 2.210046 27
0.0396 0 0 60.6385 60717 25000 15185 2.230692 32
0.0398 0 0 60.6368 60719 25000 15016 2.207426 30
0.04 0 0 60.6405 60722 25000 14901 2.1857796 29
0.0402 0 0 60.6467 60724 25000 14990 2.203382 30
0.0404 0 0 60.6506 60727 25000 15083 2.2097304 28
0.0406 0 0 60.6482 60729 25000 14985 2.2033888 32
0.0408 0 0 60.6414 60732 25000 14990 2.2036432 32
0.041 0 0 60.6334 60734 25000 14841 2.1791512 26
0.0412 0 0 60.6275 60737 25000 15178 2.2261764 24
0.0414 0 0 60.6278 60739 25000 15115 2.222758 20
0.0416 0 0 60.6325 60742 25000 15059 2.2169244 38
0.0418 0 0 60.6349 60744 25000 15078 2.2174232 22
0.042 0 0 60.6295 60747 25000 15040 2.2152096 19
0.0422 0 0 60.6186 60749 25000 15171 2.228032 22
0.0424 0 0 60.6069 60752 25000 15075 2.2121676 38
0.0426 0 0 60.6053 60754 25000 15007 2.206412 28
0.0428 0 0 60.6128 60757 25000 15043 2.2124972 26
0.043 0 0 60.6247 60759 25000 14926 2.189148 25
0.0432 0 0 60.6346 60762 25000 15074 2.2088428 21
0.0434 0 0 60.6338 60764 25000 14978 2.199354 32
0.0436 0 0 60.6227 60767 25000 15151 2.226478 28
0.0438 0 0 60.61 60769 25000 15115 2.2229356 18
0.044 0 0 60.6017 60772 25000 15197 2.2374568 39
0.0442 0 0 60.6043 60774 25000 15082 2.2221296 24
0.0444 0 0 60.6206 60777 25000 14924 2.195492 30
0.0446 0 0 60.6402 60779 25000 14915 2.1894468 31
0.0448 0 0 60.6511 60782 25000 14975 2.2039428 30
0.045 0 0 60.6512 60785 25000 15032 2.205596 25
0.0452 0 0 60.6441 60787 25000 14958 2.1989676 43
0.0454 0 0 60.6364 60790 25000 14877 2.1885864 30
0.0456 0 0 60.6359 60792 25000 14879 2.187592 24
0.0458 0 0 60.6405 60794 25000 14927 2.1961336 39
0.046 0 0 60.6483 60797 25000 14926 2.1950504 29
0.0462 0 0 60.654 60800 25000 14930 2.1901184 30
0.0464 0 0 60.6569 60802 25000 15124 2.2285568 28
0.0466 0 0 60.655 60805 25000 15071 2.2149288 37
0.0468 0 0 60.6494 60807 25000 15155 2.2299356 27
0.047 0 0 60.6438 60810 25000 14982 2.208264 37
0.0472 0 0 60.6435 60812 25000 15151 2.223708 50
0.0474 0 0 60.6466 60815 25000 14804 2.1774824 37
0.0476 0 0 60.6466 60817 25000 14892 2.1896428 24
0.0478 0 0 60.6426 60820 25000 14943 2.1947332 30
0.048 0 0 60.6379 60822 25000 15141 2.227004 25
0.0482 0 0 60.6356 60825 25000 14893 2.1938136 30
0.0484 0 0 60.6389 60827 25000 15003 2.209718 30
0.0486 0 0 60.6434 60830 25000 14899 2.1972792 33
0.0488 0 0 60.647 60832 25000 15005 2.2100604 24
0.049 0 0 60.6456 60835 25000 15060 2.2160952 30
0.0492 0 0 60.6409 60837 25000 14994 2.2075892 36
0.0494 0 0 60.6368 60840 25000 14862 2.183784 25
0.0496 0 0 60.6346 60842 25000 14850 2.1900536 18
0.0498 0 0 60.6338 60845 25000 15033 2.2142644 37
0.05 0 0 60.6364 60847 25000 15043 2.2178904 32
0.0502 0 0 60.6398 60850 25000 15059 2.21459 34
0.0504 0 0 60.6403 60852 25000 15087 2.2197624 30
0.0506 0 0 60.6391 60855 25000 15045 2.2146144 32
0.0508 0 0 60.6392 60857 25000 15131 2.227264 22
0.051 0 0 60.6362 60860 25000 14971 2.2014692 31
0.0512 0 0 60.6329 60862 25000 15040 2.21594 28
0.0514 0 0 60.6302 60865 25000 14986 2.2030848 35
0.0516 0 0 60.63 60867 25000 15059 2.2183512 25
0.0518 0 0 60.6326 60870 25000 15095 2.2224628 36
0.052 0 0 60.6379 60872 25000 14984 2.2100768 37
0.0522 0 0 60.6396 60875 25000 15044 2.2125148 31
0.0524 0 0 60.6366 60877 25000 14993 2.2104376 24
0.0526 0 0 60.6313 60880 25000 15011 2.2095772 13
0.0528 0 0 60.6296 60882 25000 14989 2.2098892 24
0.053 0 0 60.6341 60885 25000 15016 2.21529 34
0.0532 0 0 60.6355 60887 25000 15023 2.2160976 36
0.0534 0 0 60.63 60890 25000 14937 2.202952 35
0.0536 0 0 60.6194 60892 25000 14916 2.2015888 31
0.0538 0 0 60.6132 60895 25000 15032 2.2131496 32
0.054 0 0 60.6154 60897 25000 14968 2.2067356 38
0.0542 0 0 60.6243 60900 25000 14918 2.1999912 34
0.0544 0 0 60.6362 60902 25000 14857 2.1940624 30
0.0546 0 0 60.6455 60905 25000 15113 2.2275636 35
0.0548 0 0 60.646 60907 25000 15036 2.2147612 48
0.055 0 0 60.6377 60910 25000 14911 2.1973768 38
0.0552 0 0 60.626 60913 25000 14942 2.2050032 32
0.0554 0 0 60.6212 60915 25000 15018 2.211168 34
0.0556 0 0 60.6249 60917 25000 15047 2.217826 45
0.0558 0 0 60.6354 60920 25000 15098 2.226272 23
0.056 0 0 60.6442 60923 25000 14799 2.1853772 32
0.0562 0 0 60.6482 60925 25000 15008 2.2081736 44
0.0564 0 0 60.647 60927 25000 14988 2.212286 45
0.0566 0 0 60.6433 60930 25000 14871 2.1946744 33
0.0568 0 0 60.6417 60933 25000 14905 2.2011388 40
0.057 0 0 60.6429 60935 25000 14995 2.2145052 42
0.0572 0 0 60.6466 60938 25000 15098 2.2213448 49
0.0574 0 0 60.6481 60940 25000 14896 2.1964188 36
0.0576 0 0 60.6464 60943 25000 14837 2.1939596 51
0.0578 0 0 60.6403 60945 25000 15149 2.23472 51
0.058 0 0 60.6343 60948 25000 15150 2.2324708 45
0.0582 0 0 60.6337 60950 25000 15064 2.2156052 48
0.0584 0 0 60.6426 60953 25000 15002 2.207316 50
0.0586 0 0 60.6557 60955 25000 14824 2.1866804 64
0.0588 0 0 60.6638 60958 25000 14899 2.198114 59
0.059 0 0 60.6617 60960 25000 14909 2.199542 60
0.0592 0 0 60.6518 60963 25000 15152 2.2331816 59
0.0594 0 0 60.6437 60965 25000 14884 2.195624 54
0.0596 0 0 60.6405 60968 25000 15051 2.2190476 61
0.0598 0 0 60.6439 60970 25000 14920 2.2057984 71
0.06 0 0 60.6524 60973 25000 14975 2.207536 53
0.0602 0 0 60.6578 60975 25000 14967 2.2060264 37
0.0604 0 0 60.6529 60978 25000 14993 2.214432 49
0.0606 0 0 60.6411 60980 25000 14879 2.1946572 40
0.0608 0 0 60.6293 60983 25000 15008 2.2101132 44
0.061 0 0 60.6214 60985 25000 14970 2.2091212 44
0.0612 0 0 60.6209 60988 25000 15108 2.2249408 50
0.0614 0 0 60.6225 60990 25000 14951 2.2085068 42
0.0616 0 0 60.6208 60993 25000 15013 2.219996 36
0.0618 0 0 60.6163 60995 25000 14995 2.2141032 37
0.062 0 0 60.6148 60998 25000 15029 2.2155464 42
0.0622 0 0 60.618 61000 25000 15003 2.2143204 39
0.0624 0 0 60.6213 61003 25000 15155 2.23727 37
0.0626 0 0 60.6219 61005 25000 14887 2.1977764 36
0.0628 0 0 60.6204 61008 25000 15034 2.2212756 38
0.063 0 0 60.6217 61010 25000 14769 2.1780984 31
0.0632 0 0 60.6269 61013 25000 15088 2.2250256 22
0.0634 0 0 60.6325 61015 25000 14983 2.2045472 23
0.0636 0 0 60.6362 61018 25000 14890 2.196252 28
0.0638 0 0 60.6349 61020 25000 14965 2.2084876 20
0.064 0 0 60.6352 61023 25000 14951 2.2114004 29
0.0642 0 0 60.638 61025 25000 14957 2.2123076 27
0.0644 0 0 60.6414 61028 25000 15191 2.2441536 33
0.0646 0 0 60.6442 61030 25000 14768 2.1823836 33
0.0648 0 0 60.6464 61033 25000 14917 2.2041024 24
0.065 0 0 60.6482 61035 25000 14914 2.2022816 21
0.0652 0 0 60.6483 61038 25000 15029 2.2204288 28
0.0654 0 0 60.6478 61040 25000 14854 2.1912956 26
0.0656 0 0 60.6495 61043 25000 15147 2.2289816 28
0.0658 0 0 60.653 61046 25000 15185 2.2404532 24
0.066 0 0 60.6563 61048 25000 14998 2.2142996 27
0.0662 0 0 60.6588 61050 25000 14813 2.1865036 25
0.0664 0 0 60.6612 61053 25000 14782 2.1811732 26
0.0666 0 0 60.666 61056 25000 14969 2.2104112 29
0.0668 0 0 60.6688 61058 25000 15112 2.2261952 22
0.067 0 0 60.6673 61061 25000 15060 2.2248468 28
0.0672 0 0 60.6637 61063 25000 15187 2.244758 24
0.0674 0 0 60.6622 61066 25000 15038 2.2167328 18
0.0676 0 0 60.6643 61068 25000 15042 2.2225772 24
0.0678 0 0 60.6674 61071 25000 15065 2.2215772 28
0.068 0 0 60.6677 61073 25000 14868 2.1901288 24
0.0682 0 0 60.665 61076 25000 14926 2.2048156 10
0.0684 0 0 60.6615 61078 25000 14812 2.185156 22
0.0686 0 0 60.6608 61081 25000 14961 2.2150456 24
0.0688 0 0 60.6626 61083 25000 14946 2.2079016 18
0.069 0 0 60.6647 61086 25000 15090 2.224804 18
0.0692 0 0 60.6651 61088 25000 15021 2.2155876 31
0.0694 0 0 60.6644 61091 25000 14805 2.1880204 28
0.0696 0 0 60.6604 61093 25000 15110 2.2315224 18
0.0698 0 0 60.6581 61096 25000 15052 2.2218692 18
0.07 0 0 60.6551 61098 25000 15144 2.2347816 19
0.0702 0 0 60.65 61101 25000 15029 2.2206104 19
0.0704 0 0 60.6456 61103 25000 15077 2.2262732 14
0.0706 0 0 60.6453 61106 25000 14949 2.2054252 22
0.0708 0 0 60.6465 61108 25000 14912 2.2033628 30
0.071 0 0 60.6479 61111 25000 15058 2.2207096 18
0.0712 0 0 60.6498 61113 25000 14954 2.2080536 20
0.0714 0 0 60.6523 61116 25000 14995 2.2120512 14
0.0716 0 0 60.6553 61118 25000 15058 2.2234096 16
0.0718 0 0 60.6562 61121 25000 15076 2.2273944 22
0.072 0 0 60.6538 61123 25000 14878 2.1954968 21
0.0722 0 0 60.6508 61126 25000 15091 2.2289928 14
0.0724 0 0 60.652 61128 25000 14688 2.1688376 17
0.0726 0 0 60.653 61131 25000 15034 2.2161248 16
0.0728 0 0 60.6517 61133 25000 14959 2.2096468 22
0.073 0 0 60.6475 61136 25000 14988 2.20986 17
0.0732 0 0 60.6416 61138 25000 15196 2.2448628 17
0.0734 0 0 60.638 61141 25000 14903 2.202042 12
0.0736 0 0 60.6364 61143 25000 14900 2.2019428 17
0.0738 0 0 60.6361 61146 25000 14720 2.1705052 11
0.074 0 0 60.6353 61148 25000 15026 2.2187756 18
0.0742 0 0 60.6354 61151 25000 14911 2.205274 20
0.0744 0 0 60.6361 61153 25000 15052 2.2288224 12
0.0746 0 0 60.636 61156 25000 14957 2.2079788 13
0.0748 0 0 60.6352 61158 25000 14919 2.202832 21
0.075 0 0 60.6377 61161 25000 14923 2.204282 14
0.0752 0 0 60.6408 61163 25000 14920 2.2035344 12
0.0754 0 0 60.6425 61166 25000 14876 2.1982652 14
0.0756 0 0 60.6422 61168 25000 15030 2.2227596 14
0.0758 0 0 60.6408 61171 25000 14828 2.1916864 11
0.076 0 0 60.6414 61173 25000 14963 2.2113808 10
0.0762 0 0 60.6437 61176 25000 14940 2.2055172 20
0.0764 0 0 60.6458 61178 25000 14846 2.1907052 14
0.0766 0 0 60.648 61181 25000 14793 2.1858604 14
0.0768 0 0 60.651 61184 25000 14962 2.2051052 13
0.077 0 0 60.6538 61186 25000 14970 2.212476 10
0.0772 0 0 60.6556 61189 25000 14803 2.1829756 13
0.0774 0 0 60.6559 61191 25000 14936 2.208652 13
0.0776 0 0 60.6555 61194 25000 14791 2.1840096 18
0.0778 0 0 60.6533 61196 25000 14985 2.211754 18
0.078 0 0 60.6509 61199 25000 15032 2.2204528 20
0.0782 0 0 60.65 61201 25000 15063 2.2221984 16
0.0784 0 0 60.6498 61204 25000 15034 2.2243344 8
0.0786 0 0 60.6493 61206 25000 14876 2.1988904 17
0.0788 0 0 60.6523 61209 25000 14968 2.2096284 18
0.079 0 0 60.6557 61211 25000 14923 2.2125504 9
0.0792 0 0 60.6549 61214 25000 14760 2.1835192 8
0.0794 0 0 60.6503 61216 25000 14835 2.1943184 9
0.0796 0 0 60.6448 61219 25000 15177 2.2419044 9
0.0798 0 0 60.6442 61221 25000 14858 2.1978148 12
0.08 0 0 60.6452 61224 25000 14876 2.2005496 19
0.0802 0 0 60.6457 61226 25000 14965 2.2172216 20
0.0804 0 0 60.6451 61229 25000 14944 2.2105884 5
0.0806 0 0 60.6443 61231 25000 14979 2.2143472 13
0.0808 0 0 60.6454 61234 25000 14858 2.1964104 10
0.081 0 0 60.6466 61236 25000 14972 2.2113056 20
0.0812 0 0 60.6478 61239 25000 14874 2.2021816 12
0.0814 0 0 60.6495 61241 25000 15007 2.2183864 18
0.0816 0 0 60.6518 61244 25000 14943 2.2099572 20
0.0818 0 0 60.6543 61246 25000 14812 2.191038 5
0.082 0 0 60.6549 61249 25000 14973 2.2161712 20
0.0822 0 0 60.6522 61251 25000 14921 2.210818 11
0.0824 0 0 60.6473 61254 25000 14955 2.2129376 7
0.0826 0 0 60.6467 61256 25000 15084 2.2307708 16
0.0828 0 0 60.6471 61259 25000 14747 2.1816008 3
0.083 0 0 60.647 61261 25000 15150 2.24125 10
0.0832 0 0 60.6458 61264 25000 14893 2.200972 14
0.0834 0 0 60.645 61266 25000 15044 2.2267088 14
0.0836 0 0 60.6469 61269 25000 15058 2.2307212 8
0.0838 0 0 60.6465 61271 25000 15002 2.216046 4
0.084 0 0 60.6418 61274 25000 14899 2.2071188 14
0.0842 0 0 60.6347 61276 25000 15023 2.2207568 13
0.0844 0 0 60.6306 61279 25000 15008 2.2170756 10
0.0846 0 0 60.6267 61281 25000 14934 2.2092716 10
0.0848 0 0 60.6249 61284 25000 15012 2.218692 8
0.085 0 0 60.6284 61286 25000 14976 2.2137256 9
0.0852 0 0 60.6358 61289 25000 15000 2.2175572 6
0.0854 0 0 60.6362 61291 25000 14946 2.2079116 10
0.0856 0 0 60.6283 61294 25000 14922 2.207032 7
0.0858 0 0 60.6147 61296 25000 15009 2.2232408 13
0.086 0 0 60.6013 61299 25000 15019 2.22121 11
0.0862 0 0 60.5993 61301 25000 15033 2.2206312 9
0.0864 0 0 60.6097 61304 25000 15074 2.2306 16
0.0866 0 0 60.6243 61306 25000 14948 2.2123116 8
0.0868 0 0 60.6373 61309 25000 14986 2.21498 9
0.087 0 0 60.643 61311 25000 14932 2.2135384 8
0.0872 0 0 60.6387 61314 25000 14868 2.2009364 12
0.0874 0 0 60.628 61316 25000 15114 2.2377148 10
0.0876 0 0 60.6185 61319 25000 14835 2.196324 13
0.0878 0 0 60.6162 61322 25000 14907 2.2091592 8
0.088 0 0 60.6237 61324 25000 15096 2.2357968 11
0.0882 0 0 60.635 61327 25000 15020 2.2235676 10
0.0884 0 0 60.6428 61329 25000 15087 2.2376928 7
0.0886 0 0 60.6455 61331 25000 15001 2.2183252 12
0.0888 0 0 60.6432 61334 25000 14982 2.2177992 15
0.089 0 0 60.6421 61337 25000 14979 2.219178 14
0.0892 0 0 60.6426 61339 25000 14791 2.1909428 6
0.0894 0 0 60.643 61342 25000 15031 2.2210568 2
0.0896 0 0 60.6438 61344 25000 14939 2.2122496 10
0.0898 0 0 60.6455 61347 25000 14953 2.217554 5
0.09 0 0 60.6479 61349 25000 14980 2.2165488 5
0.0902 0 0 60.6464 61351 25000 14891 2.2040052 11
0.0904 0 0 60.6415 61354 25000 15156 2.2455328 11
0.0906 0 0 60.6373 61357 25000 15050 2.2264464 9
0.0908 0 0 60.6339 61359 25000 14872 2.2055504 12
0.091 0 0 60.636 61362 25000 14795 2.1934356 6
0.0912 0 0 60.6388 61364 25000 14929 2.2104324 3
0.0914 0 0 60.64 61367 25000 14897 2.2089492 13
0.0916 0 0 60.64 61369 25000 15050 2.2294516 7
0.0918 0 0 60.6401 61372 25000 14841 2.192794 8
0.092 0 0 60.6414 61374 25000 15014 2.2223976 15
0.0922 0 0 60.6422 61377 25000 14803 2.1925964 9
0.0924 0 0 60.6432 61379 25000 14894 2.2031632 8
0.0926 0 0 60.6433 61382 25000 15128 2.24584 6
0.0928 0 0 60.6418 61384 25000 15021 2.2263704 6
0.093 0 0 60.6402 61387 25000 14996 2.2235756 5
0.0932 0 0 60.6391 61389 25000 14785 2.1904436 5
0.0934 0 0 60.6402 61392 25000 14955 2.2117276 9
0.0936 0 0 60.6438 61394 25000 14853 2.2003512 8
0.0938 0 0 60.6439 61397 25000 14897 2.2070928 6
0.094 0 0 60.6418 61399 25000 15084 2.2357936 7
0.0942 0 0 60.6395 61402 25000 14909 2.2053876 11
0.0944 0 0 60.6368 61404 25000 15130 2.2398076 9
0.0946 0 0 60.6369 61407 25000 14816 2.1963156 12
0.0948 0 0 60.638 61409 25000 14941 2.2128008 12
0.095 0 0 60.6394 61412 25000 14862 2.200238 11
0.0952 0 0 60.6406 61414 25000 14936 2.212168 10
0.0954 0 0 60.6416 61417 25000 14918 2.212462 6
0.0956 0 0 60.6427 61419 25000 15057 2.2297464 10
0.0958 0 0 60.6421 61422 25000 14866 2.2079092 8
0.096 0 0 60.6399 61424 25000 14918 2.216226 6
0.0962 0 0 60.6371 61427 25000 14910 2.2144108 6
0.0964 0 0 60.638 61429 25000 14948 2.2140548 7
0.0966 0 0 60.64 61432 25000 14959 2.2140968 5
0.0968 0 0 60.639 61434 25000 15075 2.233236 5
0.097 0 0 60.6349 61437 25000 15000 2.220438 5
0.0972 0 0 60.6288 61439 25000 14891 2.2125772 5
0.0974 0 0 60.6293 61442 25000 14994 2.2275912 7
0.0976 0 0 60.63 61445 25000 14961 2.2224996 12
0.0978 0 0 60.6297 61447 25000 14814 2.1980064 12
0.098 0 0 60.6279 61450 25000 14931 2.2142892 6
0.0982 0 0 60.6262 61452 25000 14739 2.1893276 9
0.0984 0 0 60.6281 61454 25000 14689 2.1754988 5
0.0986 0 0 60.6298 61457 25000 14818 2.1976516 8
0.0988 0 0 60.6287 61460 25000 14770 2.1936788 9
0.099 0 0 60.6235 61462 25000 15044 2.2263428 5
0.0992 0 0 60.6206 61465 25000 14962 2.223498 8
0.0994 0 0 60.6209 61467 25000 14905 2.2092612 6
0.0996 0 0 60.6232 61470 25000 15021 2.2242748 9
0.0998 0 0 60.6267 61472 25000 14871 2.2061656 4
0.1 0 0 60.6296 61475 25000 14983 2.22521 9
0.1002 0 0 60.6305 61477 25000 15122 2.2448672 2
0.1004 0 0 60.6296 61480 25000 14883 2.2099888 9
0.1006 0 0 60.6276 61482 25000 14774 2.1904796 9
0.1008 0 0 60.6267 61485 25000 14866 2.2038336 10
0.101 0 0 60.6293 61487 25000 15023 2.2293512 5
0.1012 0 0 60.6341 61490 25000 14899 2.2073132 9
0.1014 0 0 60.6353 61492 25000 15012 2.2243996 10
0.1016 0 0 60.6325 61495 25000 15043 2.2305212 10
0.1018 0 0 60.6287 61497 25000 15057 2.240738 9
0.102 0 0 60.631 61500 25000 14978 2.22256 6
0.1022 0 0 60.634 61502 25000 14987 2.223856 3
0.1024 0 0 60.6335 61505 25000 14847 2.2073012 13
0.1026 0 0 60.6293 61507 25000 15047 2.228516 7
0.1028 0 0 60.6265 61510 25000 14995 2.226852 5
0.103 0 0 60.6297 61512 25000 14952 2.2176552 8
0.1032 0 0 60.6322 61515 25000 14957 2.221974 3
0.1034 0 0 60.6313 61517 25000 14945 2.2188444 7
0.1036 0 0 60.6279 61520 25000 14835 2.2015692 12
0.1038 0 0 60.6262 61522 25000 14985 2.2278624 13
0.104 0 0 60.6283 61525 25000 14781 2.1893148 5
0.1042 0 0 60.6323 61527 25000 14954 2.2214284 5
0.1044 0 0 60.6371 61530 25000 14853 2.2091276 5
0.1046 0 0 60.6422 61532 25000 15096 2.2450476 9
0.1048 0 0 60.6456 61535 25000 14870 2.2129 5
0.105 0 0 60.6457 61537 25000 14875 2.214376 7
