0.105 0 0 64.3822 57739 15000 8879 1.2723076 4
0.1051 0 0 64.3874 57741 15000 8943 1.2790676 6
0.1052 0 0 64.391 57743 15000 8932 1.2751128 5
0.1053 0 0 64.3966 57744 15000 8887 1.2734144 5
0.1054 0 0 64.4009 57746 15000 8983 1.2864212 3
0.1055 0 0 64.4067 57748 15000 8845 1.2641048 0
0.1056 0 0 64.4112 57749 15000 8982 1.284556 7
0.1057 0 0 64.4154 57751 15000 9179 1.3100748 7
0.1058 0 0 64.4173 57752 15000 8983 1.2818856 5
0.1059 0 0 64.4187 57754 15000 9098 1.3006232 8
0.106 0 0 64.4173 57756 15000 9101 1.2993084 8
0.1061 0 0 64.4206 57757 15000 9142 1.3064504 3
0.1062 0 0 64.4237 57759 15000 8959 1.275378 7
0.1063 0 0 64.4324 57760 15000 9024 1.2898212 4
0.1064 0 0 64.4412 57762 15000 8977 1.2814476 5
0.1065 0 0 64.4531 57764 15000 9024 1.2847756 4
0.1066 0 0 64.4631 57765 15000 9009 1.284114 7
0.1067 0 0 64.4713 57767 15000 9103 1.301836 3
0.1068 0 0 64.4732 57768 15000 9034 1.29208 5
0.1069 0 0 64.4735 57770 15000 9187 1.3113832 1
0.107 0 0 64.4691 57772 15000 9035 1.2917304 6
0.1071 0 0 64.4676 57773 15000 8982 1.2839472 5
0.1072 0 0 64.4647 57775 15000 9078 1.2976396 7
0.1073 0 0 64.4675 57777 15000 8884 1.2688252 3
0.1074 0 0 64.4698 57778 15000 8984 1.2889428 6
0.1075 0 0 64.4796 57780 15000 8978 1.27886 4
0.1076 0 0 64.4887 57782 15000 8959 1.2834412 4
0.1077 0 0 64.4991 57783 15000 9026 1.2883244 5
0.1078 0 0 64.5054 57785 15000 8958 1.2842032 4
0.1079 0 0 64.512 57787 15000 8960 1.282764 3
0.108 0 0 64.513 57788 15000 8924 1.2752936 5
0.1081 0 0 64.5141 57790 15000 9067 1.2982404 6
0.1082 0 0 64.5111 57791 15000 8967 1.2820248 5
0.1083 0 0 64.5124 57793 15000 8916 1.2722012 6
0.1084 0 0 64.5115 57795 15000 9038 1.2899968 6
0.1085 0 0 64.515 57797 15000 9062 1.2928348 5
0.1086 0 0 64.516 57798 15000 8937 1.2783564 2
0.1087 0 0 64.5189 57800 15000 8957 1.2792516 7
0.1088 0 0 64.5192 57801 15000 9065 1.2923552 9
0.1089 0 0 64.5212 57803 15000 8890 1.2653732 2
0.109 0 0 64.5207 57805 15000 9096 1.299348 8
0.1091 0 0 64.5213 57806 15000 9079 1.2995516 8
0.1092 0 0 64.5216 57808 15000 9114 1.3031632 8
0.1093 0 0 64.5234 57810 15000 9005 1.2860964 3
0.1094 0 0 64.5253 57811 15000 8935 1.2742148 4
0.1095 0 0 64.5281 57813 15000 8981 1.278574 4
0.1096 0 0 64.5285 57815 15000 9061 1.2932484 3
0.1097 0 0 64.5262 57816 15000 9020 1.2899196 7
0.1098 0 0 64.5233 57818 15000 8957 1.2795164 5
0.1099 0 0 64.5199 57819 15000 9084 1.2978324 6
0.11 0 0 64.5183 57821 15000 8991 1.28235 8
0.1101 0 0 64.5199 57822 15000 8990 1.2854352 5
0.1102 0 0 64.5233 57824 15000 8875 1.268808 11
0.1103 0 0 64.5302 57826 15000 8851 1.261088 8
0.1104 0 0 64.5372 57827 15000 8977 1.2838404 10
0.1105 0 0 64.5467 57829 15000 9009 1.2887072 9
0.1106 0 0 64.5537 57831 15000 8861 1.2659624 8
0.1107 0 0 64.5589 57832 15000 8933 1.2770224 7
0.1108 0 0 64.5601 57834 15000 9025 1.288322 9
0.1109 0 0 64.5569 57835 15000 9119 1.301792 10
0.111 0 0 64.5515 57837 15000 8987 1.2840724 3
0.1111 0 0 64.5462 57839 15000 9035 1.2894556 3
0.1112 0 0 64.543 57840 15000 8804 1.2575104 4
0.1113 0 0 64.5427 57842 15000 8930 1.2711896 4
0.1114 0 0 64.5467 57843 15000 9204 1.3173828 4
0.1115 0 0 64.5541 57845 15000 8959 1.2789748 7
0.1116 0 0 64.5641 57847 15000 9104 1.3024652 3
0.1117 0 0 64.575 57848 15000 8964 1.282112 8
0.1118 0 0 64.5828 57850 15000 9044 1.2931832 7
0.1119 0 0 64.5866 57851 15000 9002 1.2833752 6
0.112 0 0 64.5871 57853 15000 9052 1.294156 12
0.1121 0 0 64.5846 57855 15000 8966 1.2814728 6
0.1122 0 0 64.5797 57856 15000 8933 1.2765248 6
0.1123 0 0 64.5747 57858 15000 9089 1.2977384 3
0.1124 0 0 64.57 57859 15000 9071 1.2957972 8
0.1125 0 0 64.5677 57861 15000 9043 1.2915676 10
0.1126 0 0 64.5703 57863 15000 9034 1.2921192 8
0.1127 0 0 64.576 57864 15000 9068 1.291462 8
0.1128 0 0 64.5838 57866 15000 9021 1.2871684 13
0.1129 0 0 64.5887 57868 15000 9146 1.3054096 13
0.113 0 0 64.5951 57869 15000 9074 1.2940832 14
0.1131 0 0 64.5979 57871 15000 9126 1.3016708 15
0.1132 0 0 64.6022 57873 15000 9123 1.302642 15
0.1133 0 0 64.603 57874 15000 9044 1.2903416 21
0.1134 0 0 64.6048 57876 15000 8987 1.2838348 19
0.1135 0 0 64.6026 57878 15000 9079 1.294324 19
0.1136 0 0 64.6026 57879 15000 9049 1.2900464 26
0.1137 0 0 64.5996 57881 15000 9139 1.3025964 20
0.1138 0 0 64.601 57883 15000 9013 1.2867268 29
0.1139 0 0 64.5998 57884 15000 8994 1.2834788 26
0.114 0 0 64.6025 57886 15000 9050 1.2910592 34
0.1141 0 0 64.6019 57887 15000 9145 1.3036384 49
0.1142 0 0 64.603 57889 15000 9145 1.2997596 50
0.1143 0 0 64.6005 57890 15000 9104 1.2908484 49
0.1144 0 0 64.5983 57892 15000 9054 1.293352 63
0.1145 0 0 64.5924 57894 15000 8998 1.2870608 69
0.1146 0 0 64.5907 57895 15000 9096 1.2973444 103
0.1147 0 0 64.5873 57897 15000 9044 1.2930724 120
0.1148 0 0 64.5897 57898 15000 9042 1.2880732 159
0.1149 0 0 64.5901 57900 15000 9065 1.29362 225
0.115 0 0 64.5933 57902 15000 9096 1.2963896 261
0.1151 0 0 64.5931 57903 15000 9159 1.3000564 358
0.1152 0 0 64.5924 57905 15000 9007 1.278956 544
0.1153 0 0 64.5874 57906 15000 8979 1.2777008 747
0.1154 0 0 64.5837 57908 15000 9003 1.2836292 1069
0.1155 0 0 64.5762 57910 15000 9216 1.308574 1486
0.1156 0 0 64.576 57911 15000 9116 1.2968524 1770
0.1157 0 0 64.5747 57913 15000 9169 1.3002068 2099
0.1158 0 0 64.5823 57915 15000 9248 1.3166188 2452
0.1159 0 0 64.5875 57916 15000 9089 1.2866988 2980
0.116 0 0 64.5962 57918 15000 9032 1.280422 3328
0.1161 0 0 64.6015 57920 15000 9097 1.285902 3711
0.1162 0 0 64.6049 57921 15000 9008 1.2739092 4180
0.1163 0 0 64.6035 57923 15000 9204 1.2983556 4840
0.1164 0 0 64.6006 57925 15000 9242 1.3020396 5632
0.1165 0 0 64.5948 57926 15000 9345 1.3143728 6512
0.1166 0 0 64.5926 57928 15000 8990 1.266066 5415
0.1167 0 0 64.5901 57929 15000 9198 1.297666 3675
0.1168 0 0 64.5919 57931 15000 9014 1.2829296 2021
0.1169 0 0 64.5934 57933 15000 9098 1.2914124 1249
0.117 0 0 64.5957 57935 15000 9015 1.281618 904
0.1171 0 0 64.5978 57936 15000 8972 1.2777884 703
0.1172 0 0 64.5987 57938 15000 9083 1.2928348 562
0.1173 0 0 64.6002 57939 15000 9039 1.2837104 477
0.1174 0 0 64.6016 57941 15000 8983 1.2785832 446
0.1175 0 0 64.6026 57943 15000 8982 1.2759336 421
0.1176 0 0 64.6029 57944 15000 9017 1.290074 375
0.1177 0 0 64.6039 57946 15000 9052 1.2909532 350
0.1178 0 0 64.6042 57948 15000 9115 1.301524 344
0.1179 0 0 64.6052 57949 15000 9083 1.294934 343
0.118 0 0 64.6046 57951 15000 9061 1.2886168 279
0.1181 0 0 64.6053 57952 15000 9070 1.2919428 311
0.1182 0 0 64.6048 57954 15000 8996 1.2805532 315
0.1183 0 0 64.6074 57956 15000 9120 1.300968 284
0.1184 0 0 64.6085 57957 15000 9074 1.2895264 263
0.1185 0 0 64.6089 57959 15000 9022 1.2850568 300
0.1186 0 0 64.6051 57961 15000 9058 1.290688 279
0.1187 0 0 64.6017 57962 15000 9010 1.2807508 300
0.1188 0 0 64.5948 57964 15000 9162 1.3033132 280
0.1189 0 0 64.5912 57966 15000 9187 1.3123444 292
0.119 0 0 64.5849 57967 15000 9048 1.2953304 267
0.1191 0 0 64.5894 57969 15000 8956 1.282246 281
0.1192 0 0 64.5935 57971 15000 9123 1.3027212 322
0.1193 0 0 64.6051 57972 15000 8933 1.273802 313
0.1194 0 0 64.6144 57974 15000 8972 1.2792044 281
0.1195 0 0 64.6269 57975 15000 8875 1.2635812 312
0.1196 0 0 64.6347 57977 15000 9216 1.3086212 316
0.1197 0 0 64.6402 57979 15000 9071 1.2926452 303
0.1198 0 0 64.6397 57980 15000 8922 1.2704464 253
0.1199 0 0 64.6354 57982 15000 9015 1.2906092 267
0.12 0 0 64.6269 57984 15000 9079 1.2950204 230
0.1201 0 0 64.6226 57985 15000 9097 1.2984696 205
0.1202 0 0 64.6157 57987 15000 9037 1.2898996 182
0.1203 0 0 64.6132 57988 15000 9132 1.3027504 146
0.1204 0 0 64.6088 57990 15000 8927 1.272312 130
0.1205 0 0 64.609 57992 15000 9179 1.3071068 101
0.1206 0 0 64.6079 57993 15000 8997 1.2851 68
0.1207 0 0 64.6123 57995 15000 9063 1.2926216 77
0.1208 0 0 64.6149 57996 15000 8987 1.2821904 64
0.1209 0 0 64.6202 57998 15000 8998 1.2825504 47
0.121 0 0 64.6224 58000 15000 9029 1.2906096 50
0.1211 0 0 64.6255 58001 15000 9071 1.2967148 32
0.1212 0 0 64.6251 58003 15000 9036 1.2889324 32
0.1213 0 0 64.6261 58005 15000 9073 1.2947148 34
0.1214 0 0 64.6251 58006 15000 9023 1.2856504 34
0.1215 0 0 64.627 58008 15000 9024 1.2908268 37
0.1216 0 0 64.6279 58010 15000 8965 1.2790372 28
0.1217 0 0 64.6301 58011 15000 8946 1.2759836 30
0.1218 0 0 64.6309 58013 15000 8964 1.2804768 23
0.1219 0 0 64.6321 58014 15000 8930 1.27321 21
0.122 0 0 64.6318 58016 15000 9111 1.298898 23
0.1221 0 0 64.6319 58018 15000 8992 1.2843424 19
0.1222 0 0 64.6316 58019 15000 8911 1.2762768 24
0.1223 0 0 64.6333 58021 15000 9105 1.3011692 20
0.1224 0 0 64.6348 58022 15000 9080 1.2962052 16
0.1225 0 0 64.6386 58024 15000 9070 1.2933156 11
0.1226 0 0 64.6411 58026 15000 9071 1.2929572 19
0.1227 0 0 64.6436 58027 15000 9058 1.295644 14
0.1228 0 0 64.6438 58029 15000 8922 1.274226 11
0.1229 0 0 64.6418 58031 15000 8990 1.283572 9
0.123 0 0 64.6388 58032 15000 9051 1.2887212 17
0.1231 0 0 64.6345 58034 15000 9066 1.29683 8
0.1232 0 0 64.6316 58036 15000 9099 1.2956388 14
0.1233 0 0 64.6303 58037 15000 9042 1.292052 8
0.1234 0 0 64.6314 58039 15000 9038 1.2905 13
0.1235 0 0 64.6329 58040 15000 8978 1.2826116 6
0.1236 0 0 64.636 58042 15000 9066 1.2916176 14
0.1237 0 0 64.6377 58044 15000 8879 1.2651672 10
0.1238 0 0 64.639 58045 15000 9021 1.288124 7
0.1239 0 0 64.6366 58047 15000 9032 1.293642 4
0.124 0 0 64.6339 58048 15000 9078 1.2974156 13
0.1241 0 0 64.6279 58050 15000 8951 1.2754036 8
0.1242 0 0 64.6242 58052 15000 9000 1.2791344 9
0.1243 0 0 64.6192 58053 15000 9129 1.3011704 4
0.1244 0 0 64.6194 58055 15000 8859 1.2649308 12
0.1245 0 0 64.6212 58057 15000 9044 1.2925952 10
0.1246 0 0 64.6283 58058 15000 9119 1.3011732 4
0.1247 0 0 64.6337 58060 15000 9116 1.3053564 10
0.1248 0 0 64.6409 58062 15000 9011 1.2885768 8
0.1249 0 0 64.644 58063 15000 8980 1.284138 9
0.125 0 0 64.6474 58065 15000 9026 1.2906484 6
