0.11 0 0 101.296 43098 15000 9688 1.1540988 4
0.1101 0 0 101.3 43099 15000 9633 1.15055 5
0.1102 0 0 101.311 43101 15000 9702 1.1561264 6
0.1103 0 0 101.315 43102 15000 9602 1.1474908 4
0.1104 0 0 101.322 43104 15000 9860 1.1788624 6
0.1105 0 0 101.32 43105 15000 9594 1.1459896 4
0.1106 0 0 101.323 43107 15000 9562 1.1434164 4
0.1107 0 0 101.318 43108 15000 9624 1.1497348 6
0.1108 0 0 101.319 43110 15000 9620 1.1511076 5
0.1109 0 0 101.317 43111 15000 9716 1.1644376 3
0.111 0 0 101.32 43113 15000 9709 1.1645564 6
0.1111 0 0 101.324 43114 15000 9710 1.1597568 15
0.1112 0 0 101.328 43116 15000 9639 1.1528052 7
0.1113 0 0 101.339 43117 15000 9527 1.144146 4
0.1114 0 0 101.346 43119 15000 9628 1.151132 6
0.1115 0 0 101.356 43120 15000 9640 1.15329 4
0.1116 0 0 101.359 43122 15000 9647 1.153254 9
0.1117 0 0 101.361 43123 15000 9522 1.1371712 6
0.1118 0 0 101.354 43124 15000 9538 1.1441368 4
0.1119 0 0 101.352 43126 15000 9616 1.1455436 5
0.112 0 0 101.343 43127 15000 9765 1.1669916 6
0.1121 0 0 101.34 43129 15000 9646 1.1537276 10
0.1122 0 0 101.335 43130 15000 9697 1.1578688 7
0.1123 0 0 101.333 43132 15000 9722 1.164516 7
0.1124 0 0 101.336 43133 15000 9681 1.1559164 5
0.1125 0 0 101.336 43134 15000 9631 1.151806 11
0.1126 0 0 101.345 43136 15000 9632 1.1518592 6
0.1127 0 0 101.347 43138 15000 9536 1.1399744 5
0.1128 0 0 101.355 43139 15000 9623 1.149084 5
0.1129 0 0 101.356 43140 15000 9604 1.1447764 9
0.113 0 0 101.359 43142 15000 9706 1.1595808 12
0.1131 0 0 101.355 43143 15000 9715 1.1579308 10
0.1132 0 0 101.353 43145 15000 9645 1.1500864 4
0.1133 0 0 101.347 43146 15000 9645 1.1509588 5
0.1134 0 0 101.342 43148 15000 9771 1.1667408 5
0.1135 0 0 101.341 43149 15000 9550 1.1452848 6
0.1136 0 0 101.34 43151 15000 9632 1.1539704 11
0.1137 0 0 101.347 43152 15000 9569 1.1479384 8
0.1138 0 0 101.352 43154 15000 9747 1.1654668 6
0.1139 0 0 101.366 43155 15000 9705 1.159378 7
0.114 0 0 101.375 43157 15000 9546 1.1399664 11
0.1141 0 0 101.387 43158 15000 9583 1.1409948 10
0.1142 0 0 101.391 43160 15000 9633 1.154432 2
0.1143 0 0 101.396 43161 15000 9626 1.1501148 11
0.1144 0 0 101.392 43163 15000 9574 1.1435728 7
0.1145 0 0 101.386 43164 15000 9717 1.1622168 10
0.1146 0 0 101.374 43166 15000 9527 1.1396604 6
0.1147 0 0 101.366 43167 15000 9639 1.1557216 6
0.1148 0 0 101.358 43169 15000 9618 1.1509676 4
0.1149 0 0 101.353 43170 15000 9635 1.1545764 8
0.115 0 0 101.355 43171 15000 9633 1.1512864 17
0.1151 0 0 101.355 43173 15000 9692 1.1608272 7
0.1152 0 0 101.367 43174 15000 9709 1.1598792 8
0.1153 0 0 101.375 43176 15000 9630 1.1546264 16
0.1154 0 0 101.39 43177 15000 9628 1.1524172 14
0.1155 0 0 101.4 43179 15000 9776 1.1668 9
0.1156 0 0 101.412 43180 15000 9735 1.1635668 15
0.1157 0 0 101.416 43182 15000 9635 1.1517244 9
0.1158 0 0 101.418 43183 15000 9734 1.1647844 18
0.1159 0 0 101.411 43185 15000 9573 1.148194 32
0.116 0 0 101.407 43187 15000 9764 1.1698768 37
0.1161 0 0 101.397 43188 15000 9608 1.1493108 66
0.1162 0 0 101.392 43190 15000 9688 1.1613588 49
0.1163 0 0 101.388 43191 15000 9569 1.1465564 93
0.1164 0 0 101.384 43193 15000 9549 1.1428828 88
0.1165 0 0 101.385 43194 15000 9596 1.14702 109
0.1166 0 0 101.386 43196 15000 9609 1.152092 143
0.1167 0 0 101.392 43197 15000 9484 1.134244 193
0.1168 0 0 101.395 43199 15000 9680 1.1558356 268
0.1169 0 0 101.402 43200 15000 9536 1.1397536 355
0.117 0 0 101.401 43202 15000 9535 1.139836 545
0.1171 0 0 101.405 43203 15000 9592 1.1455532 748
0.1172 0 0 101.401 43204 15000 9549 1.1370772 1014
0.1173 0 0 101.399 43206 15000 9703 1.15558 1372
0.1174 0 0 101.391 43207 15000 9593 1.1436804 1769
0.1175 0 0 101.389 43209 15000 9593 1.1439812 2255
0.1176 0 0 101.384 43210 15000 9695 1.1539736 2816
0.1177 0 0 101.384 43212 15000 9808 1.1660652 3201
0.1178 0 0 101.387 43213 15000 9829 1.167838 3476
0.1179 0 0 101.388 43215 15000 9844 1.1697184 3684
0.118 0 0 101.395 43216 15000 9671 1.1462796 3842
0.1181 0 0 101.398 43218 15000 9695 1.151146 4384
0.1182 0 0 101.403 43220 15000 9901 1.170802 5357
0.1183 0 0 101.402 43221 15000 9678 1.1444824 5718
0.1184 0 0 101.404 43223 15000 9741 1.1551872 4644
0.1185 0 0 101.401 43224 15000 9756 1.1600252 2841
0.1186 0 0 101.401 43226 15000 9699 1.1565396 1593
0.1187 0 0 101.394 43227 15000 9676 1.1578604 949
0.1188 0 0 101.395 43229 15000 9519 1.1404312 590
0.1189 0 0 101.389 43230 15000 9598 1.1444252 452
0.119 0 0 101.392 43232 15000 9616 1.1537176 386
0.1191 0 0 101.39 43233 15000 9590 1.1490636 317
0.1192 0 0 101.394 43235 15000 9578 1.1464116 274
0.1193 0 0 101.394 43236 15000 9616 1.1527288 248
0.1194 0 0 101.395 43237 15000 9574 1.1442928 218
0.1195 0 0 101.396 43239 15000 9548 1.1437116 199
0.1196 0 0 101.394 43240 15000 9782 1.1697328 182
0.1197 0 0 101.394 43242 15000 9540 1.1444764 139
0.1198 0 0 101.386 43243 15000 9684 1.1603372 152
0.1199 0 0 101.384 43245 15000 9672 1.159296 125
0.12 0 0 101.375 43246 15000 9711 1.1612952 112
0.1201 0 0 101.374 43248 15000 9645 1.1530792 105
0.1202 0 0 101.367 43249 15000 9689 1.1596848 101
0.1203 0 0 101.367 43250 15000 9603 1.1527892 77
0.1204 0 0 101.366 43252 15000 9692 1.1589396 62
0.1205 0 0 101.369 43253 15000 9589 1.1475748 56
0.1206 0 0 101.376 43255 15000 9581 1.147894 50
0.1207 0 0 101.382 43256 15000 9568 1.1469544 39
0.1208 0 0 101.395 43258 15000 9709 1.1611148 41
0.1209 0 0 101.401 43259 15000 9454 1.1353972 49
0.121 0 0 101.412 43261 15000 9743 1.16803 47
0.1211 0 0 101.415 43262 15000 9613 1.1495532 35
0.1212 0 0 101.418 43264 15000 9705 1.164114 33
0.1213 0 0 101.412 43265 15000 9571 1.1485484 22
0.1214 0 0 101.408 43267 15000 9494 1.1414396 36
0.1215 0 0 101.394 43268 15000 9578 1.1502924 32
0.1216 0 0 101.388 43270 15000 9686 1.1621376 22
0.1217 0 0 101.382 43271 15000 9643 1.1521632 17
0.1218 0 0 101.382 43273 15000 9485 1.1386504 21
0.1219 0 0 101.388 43274 15000 9599 1.1489784 26
0.122 0 0 101.392 43275 15000 9651 1.1576864 28
0.1221 0 0 101.406 43277 15000 9703 1.1648688 17
0.1222 0 0 101.413 43278 15000 9574 1.144688 25
0.1223 0 0 101.425 43280 15000 9650 1.158436 21
0.1224 0 0 101.426 43281 15000 9548 1.1455764 16
0.1225 0 0 101.429 43283 15000 9508 1.1400192 23
0.1226 0 0 101.42 43284 15000 9619 1.1530352 17
0.1227 0 0 101.415 43286 15000 9608 1.15575 15
0.1228 0 0 101.403 43287 15000 9682 1.1604372 18
0.1229 0 0 101.398 43289 15000 9581 1.1469428 17
0.123 0 0 101.391 43290 15000 9631 1.1575104 16
0.1231 0 0 101.391 43292 15000 9637 1.1534496 19
0.1232 0 0 101.394 43293 15000 9718 1.1650852 11
0.1233 0 0 101.399 43295 15000 9575 1.147314 16
0.1234 0 0 101.408 43296 15000 9554 1.1412328 18
0.1235 0 0 101.412 43298 15000 9582 1.1490968 22
0.1236 0 0 101.422 43299 15000 9480 1.1357452 17
0.1237 0 0 101.424 43301 15000 9562 1.1450364 16
0.1238 0 0 101.427 43302 15000 9558 1.1455028 14
0.1239 0 0 101.423 43304 15000 9614 1.1527808 20
0.124 0 0 101.419 43305 15000 9614 1.1509916 15
0.1241 0 0 101.408 43307 15000 9697 1.1621348 14
0.1242 0 0 101.402 43308 15000 9599 1.1477268 11
0.1243 0 0 101.394 43310 15000 9433 1.127832 15
0.1244 0 0 101.389 43311 15000 9567 1.149044 14
0.1245 0 0 101.389 43313 15000 9688 1.1596048 15
0.1246 0 0 101.39 43314 15000 9592 1.1524672 16
0.1247 0 0 101.398 43316 15000 9589 1.1524484 9
0.1248 0 0 101.403 43317 15000 9597 1.1488944 10
0.1249 0 0 101.413 43318 15000 9663 1.1591704 10
0.125 0 0 101.417 43320 15000 9495 1.1381952 8
0.1251 0 0 101.426 43321 15000 9482 1.1340232 27
0.1252 0 0 101.426 43323 15000 9608 1.151224 9
0.1253 0 0 101.426 43324 15000 9555 1.1464132 15
0.1254 0 0 101.416 43326 15000 9590 1.147842 9
0.1255 0 0 101.41 43327 15000 9650 1.1591468 12
0.1256 0 0 101.399 43329 15000 9697 1.1610964 8
0.1257 0 0 101.394 43330 15000 9482 1.1346864 16
0.1258 0 0 101.389 43332 15000 9562 1.1446068 8
0.1259 0 0 101.388 43333 15000 9478 1.1384576 19
0.126 0 0 101.392 43335 15000 9688 1.165772 19
0.1261 0 0 101.396 43336 15000 9762 1.1703336 13
0.1262 0 0 101.402 43338 15000 9690 1.1661912 16
0.1263 0 0 101.405 43339 15000 9524 1.1444676 8
0.1264 0 0 101.413 43341 15000 9585 1.1492832 10
0.1265 0 0 101.414 43342 15000 9572 1.1466824 8
0.1266 0 0 101.418 43344 15000 9624 1.1496968 20
0.1267 0 0 101.413 43345 15000 9606 1.148768 11
0.1268 0 0 101.412 43347 15000 9617 1.1498892 14
0.1269 0 0 101.406 43348 15000 9543 1.1405256 9
0.127 0 0 101.404 43350 15000 9446 1.1339268 13
0.1271 0 0 101.399 43351 15000 9586 1.1513396 7
0.1272 0 0 101.394 43353 15000 9551 1.14545 16
0.1273 0 0 101.39 43354 15000 9686 1.1652548 7
0.1274 0 0 101.385 43356 15000 9602 1.1547284 9
0.1275 0 0 101.383 43357 15000 9467 1.1366712 7
0.1276 0 0 101.38 43359 15000 9613 1.153682 7
0.1277 0 0 101.381 43360 15000 9572 1.1489132 9
0.1278 0 0 101.378 43362 15000 9617 1.1570816 9
0.1279 0 0 101.382 43363 15000 9563 1.1458804 9
0.128 0 0 101.381 43365 15000 9490 1.140652 16
0.1281 0 0 101.387 43366 15000 9768 1.1696724 9
0.1282 0 0 101.387 43368 15000 9631 1.154918 20
0.1283 0 0 101.392 43369 15000 9478 1.14164 8
0.1284 0 0 101.39 43371 15000 9623 1.153554 13
0.1285 0 0 101.392 43372 15000 9514 1.139062 9
0.1286 0 0 101.387 43374 15000 9639 1.1569228 10
0.1287 0 0 101.386 43375 15000 9504 1.1441104 9
0.1288 0 0 101.382 43377 15000 9628 1.1545364 8
0.1289 0 0 101.382 43379 15000 9676 1.1623828 9
0.129 0 0 101.381 43380 15000 9523 1.1424464 15
0.1291 0 0 101.383 43382 15000 9679 1.160988 6
0.1292 0 0 101.383 43383 15000 9682 1.1608332 7
0.1293 0 0 101.384 43384 15000 9608 1.1516392 15
0.1294 0 0 101.39 43386 15000 9674 1.1605368 6
0.1295 0 0 101.391 43387 15000 9487 1.1418268 15
0.1296 0 0 101.397 43389 15000 9563 1.143138 8
0.1297 0 0 101.395 43390 15000 9583 1.148484 11
0.1298 0 0 101.397 43392 15000 9669 1.1611896 9
0.1299 0 0 101.39 43393 15000 9632 1.1569784 16
0.13 0 0 101.389 43395 15000 9556 1.1473016 9
