0.1 0 0 174.354 22927 1 10935 15165 5
0.1002 0 0 174.345 22928 1 10961 15038 3
0.1004 0 0 174.343 22930 1 10992 14987 14
0.1006 0 0 174.326 22931 1 10975 15135 3
0.1008 0 0 174.327 22932 1 10989 15035 4
0.101 0 0 174.312 22934 1 10960 15151 6
0.1012 0 0 174.312 22935 1 10956 15383 10
0.1014 0 0 174.31 22936 1 10963 15062 11
0.1016 0 0 174.301 22938 1 10994 15094 15
0.1018 0 0 174.306 22939 1 11001 15166 12
0.102 0 0 174.294 22941 1 10964 15072 2
0.1022 0 0 174.299 22942 1 10959 15252 8
0.1024 0 0 174.288 22943 1 10952 15185 9
0.1026 0 0 174.287 22945 1 10943 15162 7
0.1028 0 0 174.277 22946 1 10928 15174 7
0.103 0 0 174.268 22947 1 10950 15208 7
0.1032 0 0 174.264 22949 1 10977 15257 5
0.1034 0 0 174.249 22950 1 10954 15024 9
0.1036 0 0 174.248 22951 1 10958 15287 6
0.1038 0 0 174.234 22953 1 10981 15315 8
0.104 0 0 174.232 22954 1 10969 15163 10
0.1042 0 0 174.231 22956 1 10996 15081 10
0.1044 0 0 174.227 22957 1 10960 15163 3
0.1046 0 0 174.232 22958 1 10985 15203 7
0.1048 0 0 174.222 22960 1 10986 15299 8
0.105 0 0 174.23 22961 1 10934 15166 7
0.1052 0 0 174.224 22962 1 10972 15234 10
0.1054 0 0 174.229 22964 1 10967 15396 10
0.1056 0 0 174.231 22965 1 10980 15370 9
0.1058 0 0 174.223 22966 1 10991 15072 9
0.106 0 0 174.23 22968 1 10958 15387 9
0.1062 0 0 174.221 22969 1 10976 15378 7
0.1064 0 0 174.222 22971 1 10964 15201 8
0.1066 0 0 174.208 22972 1 10942 15019 11
0.1068 0 0 174.204 22973 1 10958 15247 12
0.107 0 0 174.195 22975 1 10955 15073 5
0.1072 0 0 174.184 22976 1 10952 15294 8
0.1074 0 0 174.188 22978 1 10933 15005 8
0.1076 0 0 174.177 22979 1 10953 15305 6
0.1078 0 0 174.186 22980 1 10962 15304 11
0.108 0 0 174.186 22981 1 10973 14997 7
0.1082 0 0 174.19 22983 1 10964 15148 4
0.1084 0 0 174.201 22984 1 10946 15050 5
0.1086 0 0 174.2 22986 1 10993 14971 13
0.1088 0 0 174.212 22987 1 10985 15205 11
0.109 0 0 174.207 22988 1 10984 15001 9
0.1092 0 0 174.213 22990 1 10966 15292 10
0.1094 0 0 174.207 22991 1 10957 15170 10
0.1096 0 0 174.203 22992 1 10985 15194 3
0.1098 0 0 174.202 22994 1 10968 15178 10
0.11 0 0 174.187 22995 1 10987 15219 8
0.1102 0 0 174.189 22996 1 10940 15084 12
0.1104 0 0 174.179 22998 1 10967 14903 4
0.1106 0 0 174.181 22999 1 10957 15287 11
0.1108 0 0 174.185 23000 1 10973 14994 11
0.111 0 0 174.181 23002 1 10948 15016 10
0.1112 0 0 174.194 23003 1 10963 15206 8
0.1114 0 0 174.19 23004 1 10962 15105 7
0.1116 0 0 174.202 23006 1 10980 15162 11
0.1118 0 0 174.201 23007 1 10949 15196 17
0.112 0 0 174.206 23009 1 10993 15006 11
0.1122 0 0 174.21 23010 1 10980 15031 13
0.1124 0 0 174.201 23011 1 10935 15330 9
0.1126 0 0 174.206 23013 1 10947 15116 8
0.1128 0 0 174.195 23014 1 10941 15134 8
0.113 0 0 174.196 23015 1 10991 15033 9
0.1132 0 0 174.191 23016 1 10979 15009 10
0.1134 0 0 174.184 23018 1 10948 15051 9
0.1136 0 0 174.188 23019 1 10958 15102 11
0.1138 0 0 174.174 23021 1 10945 14892 6
0.114 0 0 174.177 23022 1 10962 15097 10
0.1142 0 0 174.163 23023 1 10957 15044 8
0.1144 0 0 174.163 23025 1 10948 15226 6
0.1146 0 0 174.156 23026 1 10952 15110 8
0.1148 0 0 174.147 23028 1 10956 15025 4
0.115 0 0 174.147 23029 1 10954 15164 10
0.1152 0 0 174.135 23030 1 10983 15042 15
0.1154 0 0 174.137 23031 1 10967 15249 10
0.1156 0 0 174.126 23033 1 10957 15125 12
0.1158 0 0 174.125 23034 1 10968 15476 14
0.116 0 0 174.123 23036 1 10931 14913 9
0.1162 0 0 174.114 23037 1 10933 14933 8
0.1164 0 0 174.12 23038 1 10945 15135 6
0.1166 0 0 174.111 23040 1 10922 15207 7
0.1168 0 0 174.12 23041 1 10938 15283 11
0.117 0 0 174.115 23043 1 10959 15203 6
0.1172 0 0 174.124 23044 1 10945 15177 7
0.1174 0 0 174.127 23045 1 10953 15134 9
0.1176 0 0 174.125 23047 1 10955 15096 11
0.1178 0 0 174.135 23048 1 10958 15159 12
0.118 0 0 174.13 23049 1 10968 15070 11
0.1182 0 0 174.137 23050 1 10951 15110 18
0.1184 0 0 174.136 23052 1 10973 15188 11
0.1186 0 0 174.128 23053 1 10947 15128 8
0.1188 0 0 174.131 23054 1 10952 15074 8
0.119 0 0 174.117 23056 1 10909 15441 9
0.1192 0 0 174.12 23057 1 10939 15101 9
0.1194 0 0 174.11 23059 1 10945 15089 5
0.1196 0 0 174.116 23060 1 10930 15271 7
0.1198 0 0 174.121 23061 1 10968 15118 10
0.12 0 0 174.122 23063 1 10914 14945 17
0.1202 0 0 174.134 23064 1 10950 15171 11
0.1204 0 0 174.133 23065 1 10955 14882 14
0.1206 0 0 174.148 23066 1 10945 15006 12
0.1208 0 0 174.153 23068 1 10956 15152 13
0.121 0 0 174.157 23069 1 10949 15192 16
0.1212 0 0 174.161 23070 1 10925 15228 7
0.1214 0 0 174.152 23072 1 10945 15274 11
0.1216 0 0 174.155 23073 1 10940 15034 8
0.1218 0 0 174.139 23075 1 10927 15135 15
0.122 0 0 174.141 23076 1 10947 15144 14
0.1222 0 0 174.137 23077 1 10963 15103 15
0.1224 0 0 174.137 23079 1 10949 15003 9
0.1226 0 0 174.142 23080 1 10945 15154 9
0.1228 0 0 174.138 23082 1 10938 15166 12
0.123 0 0 174.148 23083 1 10923 14927 16
0.1232 0 0 174.145 23084 1 10962 15054 15
0.1234 0 0 174.152 23086 1 10960 15053 14
0.1236 0 0 174.153 23087 1 10922 14868 9
0.1238 0 0 174.151 23088 1 10907 15204 14
0.124 0 0 174.153 23090 1 10970 15051 12
0.1242 0 0 174.139 23091 1 10926 15001 11
0.1244 0 0 174.141 23092 1 10979 15034 10
0.1246 0 0 174.126 23094 1 10944 14962 13
0.1248 0 0 174.126 23095 1 10957 15038 15
0.125 0 0 174.124 23096 1 10937 14924 13
0.1252 0 0 174.117 23098 1 10937 15012 18
0.1254 0 0 174.126 23099 1 10925 14929 12
0.1256 0 0 174.12 23100 1 10910 15236 18
0.1258 0 0 174.132 23102 1 10946 15125 13
0.126 0 0 174.131 23103 1 10945 15316 16
0.1262 0 0 174.135 23104 1 10934 14696 12
0.1264 0 0 174.14 23106 1 10978 15105 13
0.1266 0 0 174.133 23107 1 10947 15201 19
0.1268 0 0 174.137 23108 1 10953 15187 24
0.127 0 0 174.127 23110 1 10936 15159 14
0.1272 0 0 174.127 23111 1 10953 15113 20
0.1274 0 0 174.122 23113 1 10965 15028 13
0.1276 0 0 174.113 23114 1 10958 15230 20
0.1278 0 0 174.112 23115 1 10954 15167 15
0.128 0 0 174.097 23117 1 10924 15349 9
0.1282 0 0 174.099 23118 1 10959 15131 19
0.1284 0 0 174.087 23119 1 10936 15133 16
0.1286 0 0 174.087 23121 1 10924 14872 21
0.1288 0 0 174.091 23122 1 10966 15129 24
0.129 0 0 174.083 23123 1 10954 14835 24
0.1292 0 0 174.095 23125 1 10953 15258 22
0.1294 0 0 174.093 23126 1 10942 15104 29
0.1296 0 0 174.107 23127 1 10926 15262 29
0.1298 0 0 174.112 23129 1 10925 14877 25
0.13 0 0 174.117 23130 1 10917 14980 42
0.1302 0 0 174.124 23131 1 10931 15149 53
0.1304 0 0 174.117 23133 1 10927 15146 107
0.1306 0 0 174.123 23134 1 10957 14933 228
0.1308 0 0 174.111 23135 1 10939 15272 482
0.131 0 0 174.112 23137 1 10986 14835 1027
0.1312 0 0 174.11 23138 1 11020 15096 1585
0.1314 0 0 174.1 23139 1 11024 15308 2040
0.1316 0 0 174.105 23141 1 11030 15056 2982
0.1318 0 0 174.095 23142 1 11025 14928 2239
0.132 0 0 174.103 23143 1 10954 15054 991
0.1322 0 0 174.104 23144 1 10952 14822 456
0.1324 0 0 174.102 23146 1 10980 15059 354
0.1326 0 0 174.113 23147 1 10971 15068 258
0.1328 0 0 174.11 23149 1 10907 15230 244
0.133 0 0 174.122 23150 1 10956 15123 203
0.1332 0 0 174.119 23151 1 10953 14900 184
0.1334 0 0 174.128 23153 1 10928 15005 153
0.1336 0 0 174.131 23154 1 10936 14998 112
0.1338 0 0 174.13 23155 1 10900 15235 108
0.134 0 0 174.135 23157 1 10974 15173 99
0.1342 0 0 174.125 23158 1 10934 14914 80
0.1344 0 0 174.129 23159 1 10915 15051 69
0.1346 0 0 174.119 23161 1 10923 15131 57
0.1348 0 0 174.115 23162 1 10953 14860 53
0.135 0 0 174.113 23164 1 10923 15191 45
0.1352 0 0 174.102 23165 1 10900 15079 39
0.1354 0 0 174.106 23166 1 10924 14971 21
0.1356 0 0 174.096 23168 1 10936 15071 30
0.1358 0 0 174.102 23169 1 10916 15157 30
0.136 0 0 174.098 23170 1 10964 15040 24
0.1362 0 0 174.101 23172 1 10953 15087 26
0.1364 0 0 174.105 23173 1 10925 15184 19
0.1366 0 0 174.097 23174 1 10914 15068 17
0.1368 0 0 174.106 23176 1 10926 15007 18
0.137 0 0 174.098 23177 1 10925 14801 22
0.1372 0 0 174.1 23178 1 10944 14942 19
0.1374 0 0 174.095 23180 1 10914 15194 27
0.1376 0 0 174.087 23181 1 10923 14973 11
0.1378 0 0 174.086 23182 1 10915 15111 16
0.138 0 0 174.073 23184 1 10979 15257 15
0.1382 0 0 174.076 23185 1 10933 14985 19
0.1384 0 0 174.061 23187 1 10912 15053 23
0.1386 0 0 174.065 23188 1 10922 15028 27
0.1388 0 0 174.059 23189 1 10897 14972 18
0.139 0 0 174.057 23191 1 10942 15164 25
0.1392 0 0 174.064 23192 1 10913 15033 17
0.1394 0 0 174.058 23193 1 10943 15138 23
0.1396 0 0 174.072 23195 1 10914 15377 18
0.1398 0 0 174.072 23196 1 10902 15040 26
0.14 0 0 174.079 23197 1 10909 14935 22
0.1402 0 0 174.087 23199 1 10922 14945 13
0.1404 0 0 174.086 23200 1 10925 15025 22
0.1406 0 0 174.092 23202 1 10893 15178 21
0.1408 0 0 174.083 23203 1 10930 15145 23
0.141 0 0 174.09 23204 1 10909 15101 20
0.1412 0 0 174.083 23206 1 10919 14949 27
0.1414 0 0 174.083 23207 1 10925 15144 17
0.1416 0 0 174.082 23208 1 10917 14944 23
0.1418 0 0 174.071 23210 1 10958 15096 11
0.142 0 0 174.075 23211 1 10934 15162 14
0.1422 0 0 174.066 23212 1 10924 15129 16
0.1424 0 0 174.068 23213 1 10917 15150 19
0.1426 0 0 174.072 23215 1 10912 14950 14
0.1428 0 0 174.064 23216 1 10944 15058 13
0.143 0 0 174.073 23217 1 10948 15085 18
0.1432 0 0 174.065 23219 1 10945 15199 21
0.1434 0 0 174.075 23220 1 10919 15161 12
0.1436 0 0 174.074 23222 1 10925 14958 18
0.1438 0 0 174.079 23223 1 10942 14899 12
0.144 0 0 174.086 23224 1 10922 15165 10
0.1442 0 0 174.083 23226 1 10936 15069 17
0.1444 0 0 174.09 23227 1 10928 15214 11
0.1446 0 0 174.082 23228 1 10906 15049 10
0.1448 0 0 174.09 23230 1 10944 15103 20
0.145 0 0 174.088 23231 1 10897 15259 14
0.1452 0 0 174.083 23232 1 10933 15115 15
0.1454 0 0 174.081 23234 1 10913 15188 15
0.1456 0 0 174.068 23235 1 10901 15029 22
0.1458 0 0 174.07 23237 1 10919 14951 17
0.146 0 0 174.055 23238 1 10902 15100 13
0.1462 0 0 174.06 23239 1 10886 15117 10
0.1464 0 0 174.053 23241 1 10945 15105 7
0.1466 0 0 174.057 23242 1 10897 15050 12
0.1468 0 0 174.064 23243 1 10887 15031 15
0.147 0 0 174.062 23245 1 10919 14925 18
0.1472 0 0 174.078 23246 1 10939 14999 17
0.1474 0 0 174.083 23247 1 10920 15055 14
0.1476 0 0 174.092 23249 1 10875 15137 14
0.1478 0 0 174.101 23250 1 10939 15330 10
0.148 0 0 174.099 23251 1 10946 15353 23
0.1482 0 0 174.109 23253 1 10894 15059 15
0.1484 0 0 174.1 23254 1 10907 15142 13
0.1486 0 0 174.104 23255 1 10948 14930 16
0.1488 0 0 174.095 23257 1 10950 15015 12
0.149 0 0 174.092 23258 1 10962 15161 14
0.1492 0 0 174.09 23259 1 10919 14960 11
0.1494 0 0 174.08 23261 1 10927 15280 13
0.1496 0 0 174.088 23262 1 10909 14937 14
0.1498 0 0 174.082 23263 1 10948 14979 15
0.15 0 0 174.09 23265 1 10912 15058 15
0.1502 0 0 174.094 23266 1 10930 14992 6
0.1504 0 0 174.095 23267 1 10933 15243 10
0.1506 0 0 174.107 23269 1 10911 14849 12
0.1508 0 0 174.105 23270 1 10963 14998 14
0.151 0 0 174.119 23271 1 10900 15110 10
0.1512 0 0 174.12 23273 1 10920 14968 8
0.1514 0 0 174.124 23274 1 10868 15294 14
0.1516 0 0 174.124 23276 1 10926 15057 10
0.1518 0 0 174.114 23277 1 10880 15015 8
0.152 0 0 174.116 23278 1 10904 15086 15
0.1522 0 0 174.098 23280 1 10932 15155 11
0.1524 0 0 174.099 23281 1 10926 15010 13
0.1526 0 0 174.091 23282 1 10934 15039 14
0.1528 0 0 174.087 23284 1 10918 15095 9
0.153 0 0 174.092 23285 1 10907 15057 9
0.1532 0 0 174.085 23286 1 10924 15034 10
0.1534 0 0 174.098 23287 1 10941 15089 8
0.1536 0 0 174.096 23289 1 10887 14925 9
0.1538 0 0 174.107 23290 1 10926 15052 8
0.154 0 0 174.112 23292 1 10907 14978 13
0.1542 0 0 174.116 23293 1 10905 15193 14
0.1544 0 0 174.124 23294 1 10904 15001 20
0.1546 0 0 174.118 23296 1 10910 15300 11
0.1548 0 0 174.127 23297 1 10899 15224 13
0.155 0 0 174.122 23298 1 10925 14959 9
0.1552 0 0 174.122 23300 1 10911 15181 9
0.1554 0 0 174.12 23301 1 10911 15062 2
0.1556 0 0 174.108 23302 1 10905 15120 6
0.1558 0 0 174.11 23304 1 10929 15006 20
0.156 0 0 174.096 23305 1 10919 15017 11
0.1562 0 0 174.098 23306 1 10939 15132 11
0.1564 0 0 174.097 23308 1 10905 15101 14
0.1566 0 0 174.091 23309 1 10903 14935 12
0.1568 0 0 174.096 23311 1 10946 14929 13
0.157 0 0 174.088 23312 1 10910 14978 8
0.1572 0 0 174.097 23313 1 10924 15042 10
0.1574 0 0 174.091 23315 1 10937 15009 16
0.1576 0 0 174.099 23316 1 10892 15045 13
0.1578 0 0 174.097 23317 1 10895 15155 14
0.158 0 0 174.098 23319 1 10903 14979 4
0.1582 0 0 174.105 23320 1 10901 15086 4
0.1584 0 0 174.098 23321 1 10917 14921 10
0.1586 0 0 174.103 23323 1 10896 14859 7
0.1588 0 0 174.092 23324 1 10892 14992 11
0.159 0 0 174.091 23326 1 10951 14910 10
0.1592 0 0 174.085 23327 1 10898 15126 17
0.1594 0 0 174.076 23328 1 10899 15006 15
0.1596 0 0 174.08 23330 1 10909 15104 13
0.1598 0 0 174.068 23331 1 10884 15080 16
0.16 0 0 174.077 23332 1 10913 14929 7
