0.105 0 0 29.7396 80062 20000 13771 1.2607876 9
0.1051 0 0 29.7361 80063 20000 13837 1.2659064 7
0.1052 0 0 29.7318 80065 20000 13871 1.2691812 4
0.1053 0 0 29.7286 80067 20000 13943 1.2779928 3
0.1054 0 0 29.7254 80068 20000 13696 1.2544424 6
0.1055 0 0 29.722 80070 20000 13613 1.2508932 7
0.1056 0 0 29.7177 80071 20000 14064 1.287294 5
0.1057 0 0 29.7143 80073 20000 13634 1.2500852 7
0.1058 0 0 29.711 80075 20000 13843 1.2648356 4
0.1059 0 0 29.7068 80076 20000 13710 1.2593628 7
0.106 0 0 29.7034 80078 20000 13833 1.268006 6
0.1061 0 0 29.7001 80079 20000 13974 1.2792852 11
0.1062 0 0 29.6959 80081 20000 13892 1.2771224 7
0.1063 0 0 29.6926 80082 20000 13707 1.254836 5
0.1064 0 0 29.6896 80084 20000 13754 1.261416 8
0.1065 0 0 29.6864 80086 20000 13669 1.2554212 7
0.1066 0 0 29.683 80087 20000 13916 1.275054 6
0.1067 0 0 29.6789 80089 20000 13761 1.2592164 2
0.1068 0 0 29.6756 80090 20000 14010 1.2850244 4
0.1069 0 0 29.6723 80092 20000 13947 1.2799124 9
0.107 0 0 29.6682 80094 20000 13987 1.2832604 7
0.1071 0 0 29.6651 80095 20000 13706 1.2585984 6
0.1072 0 0 29.6619 80097 20000 13751 1.260756 10
0.1073 0 0 29.6586 80098 20000 13736 1.258422 10
0.1074 0 0 29.6546 80100 20000 13853 1.2692572 1
0.1075 0 0 29.6515 80101 20000 13926 1.2734748 12
0.1076 0 0 29.6483 80103 20000 13880 1.273256 4
0.1077 0 0 29.645 80105 20000 13855 1.2680592 3
0.1078 0 0 29.6406 80106 20000 13827 1.2738548 8
0.1079 0 0 29.6374 80108 20000 14126 1.2950204 6
0.108 0 0 29.6338 80110 20000 13856 1.2734132 4
0.1081 0 0 29.6297 80111 20000 13850 1.2658932 5
0.1082 0 0 29.6266 80113 20000 13806 1.2646092 11
0.1083 0 0 29.6235 80115 20000 13860 1.2720332 5
0.1084 0 0 29.6201 80116 20000 13826 1.268344 9
0.1085 0 0 29.6159 80118 20000 13653 1.2543924 8
0.1086 0 0 29.6128 80120 20000 14052 1.2852692 7
0.1087 0 0 29.6097 80121 20000 13845 1.2727996 9
0.1088 0 0 29.6065 80123 20000 13722 1.2599176 10
0.1089 0 0 29.6032 80124 20000 13814 1.270588 11
0.109 0 0 29.6 80126 20000 13777 1.264962 4
0.1091 0 0 29.5966 80127 20000 13919 1.2769068 11
0.1092 0 0 29.5932 80129 20000 13455 1.2384808 4
0.1093 0 0 29.59 80130 20000 13917 1.27825 4
0.1094 0 0 29.5865 80132 20000 13826 1.265668 5
0.1095 0 0 29.583 80134 20000 13620 1.251706 9
0.1096 0 0 29.5797 80135 20000 13826 1.2695424 8
0.1097 0 0 29.5766 80137 20000 13880 1.2727736 5
0.1098 0 0 29.5724 80139 20000 14029 1.283524 9
0.1099 0 0 29.5692 80140 20000 13720 1.2563664 9
0.11 0 0 29.5666 80142 20000 13861 1.2701764 7
0.1101 0 0 29.5633 80143 20000 13858 1.2680572 8
0.1102 0 0 29.56 80145 20000 13797 1.2625308 8
0.1103 0 0 29.5569 80147 20000 13819 1.2661496 5
0.1104 0 0 29.5536 80148 20000 13905 1.2785768 12
0.1105 0 0 29.5504 80150 20000 13824 1.2687228 10
0.1106 0 0 29.5471 80151 20000 13809 1.2658604 5
0.1107 0 0 29.5438 80153 20000 13751 1.260572 3
0.1108 0 0 29.5406 80154 20000 13761 1.2611 10
0.1109 0 0 29.5374 80156 20000 13744 1.2598948 6
0.111 0 0 29.5342 80158 20000 13959 1.2823084 9
0.1111 0 0 29.5309 80159 20000 13815 1.2688836 8
0.1112 0 0 29.5277 80161 20000 13859 1.2723724 10
0.1113 0 0 29.5244 80162 20000 14003 1.286122 10
0.1114 0 0 29.5212 80164 20000 13759 1.2591296 5
0.1115 0 0 29.519 80165 20000 13797 1.2631648 7
0.1116 0 0 29.5171 80167 20000 13914 1.2781012 14
0.1117 0 0 29.517 80169 20000 13763 1.2633756 14
0.1118 0 0 29.5179 80170 20000 13806 1.2663412 11
0.1119 0 0 29.5186 80172 20000 13857 1.2721708 7
0.112 0 0 29.5191 80173 20000 13598 1.250872 13
0.1121 0 0 29.5192 80175 20000 13814 1.2684168 9
0.1122 0 0 29.519 80176 20000 13648 1.2549768 15
0.1123 0 0 29.5232 80178 20000 13743 1.2622116 17
0.1124 0 0 29.5286 80179 20000 13703 1.2563184 8
0.1125 0 0 29.5413 80181 20000 13848 1.2704888 9
0.1126 0 0 29.5556 80183 20000 13857 1.27297 9
0.1127 0 0 29.577 80184 20000 13940 1.2771144 11
0.1128 0 0 29.5973 80186 20000 13982 1.284646 9
0.1129 0 0 29.6189 80188 20000 13890 1.2757328 11
0.113 0 0 29.6395 80189 20000 13790 1.2685916 8
0.1131 0 0 29.6579 80191 20000 13947 1.2804784 7
0.1132 0 0 29.6754 80192 20000 13899 1.2737632 13
0.1133 0 0 29.6888 80194 20000 13807 1.2647428 18
0.1134 0 0 29.7014 80196 20000 13780 1.2614496 8
0.1135 0 0 29.7147 80197 20000 13804 1.2685832 17
0.1136 0 0 29.7279 80199 20000 13804 1.267526 21
0.1137 0 0 29.7454 80201 20000 13891 1.2741424 13
0.1138 0 0 29.7632 80202 20000 13654 1.2548964 20
0.1139 0 0 29.7868 80204 20000 13864 1.274182 16
0.114 0 0 29.8078 80205 20000 13826 1.2730044 23
0.1141 0 0 29.8295 80207 20000 13745 1.261782 15
0.1142 0 0 29.8496 80209 20000 14006 1.2870392 22
0.1143 0 0 29.8672 80210 20000 13570 1.2438568 16
0.1144 0 0 29.8823 80212 20000 13778 1.2663008 25
0.1145 0 0 29.895 80213 20000 13793 1.266102 26
0.1146 0 0 29.9056 80215 20000 13787 1.2673068 25
0.1147 0 0 29.9163 80216 20000 13928 1.2747168 40
0.1148 0 0 29.9258 80218 20000 13969 1.2802652 30
0.1149 0 0 29.9368 80220 20000 13793 1.2677868 31
0.115 0 0 29.9487 80221 20000 13912 1.2749696 45
0.1151 0 0 29.9641 80223 20000 13821 1.2671672 38
0.1152 0 0 29.9801 80225 20000 13908 1.2792868 36
0.1153 0 0 30.0015 80226 20000 13848 1.2720588 59
0.1154 0 0 30.0234 80228 20000 13903 1.2765744 40
0.1155 0 0 30.0499 80229 20000 13973 1.2826568 49
0.1156 0 0 30.0724 80231 20000 13614 1.2504808 46
0.1157 0 0 30.0923 80233 20000 13869 1.2731092 58
0.1158 0 0 30.1112 80234 20000 14001 1.285524 64
0.1159 0 0 30.1266 80236 20000 13783 1.2665332 66
0.116 0 0 30.1397 80238 20000 13849 1.269798 67
0.1161 0 0 30.1504 80239 20000 13907 1.2749504 73
0.1162 0 0 30.1585 80241 20000 13832 1.2707064 66
0.1163 0 0 30.1675 80242 20000 13922 1.2779044 56
0.1164 0 0 30.1765 80244 20000 13723 1.2593836 49
0.1165 0 0 30.1874 80245 20000 13822 1.2687388 44
0.1166 0 0 30.198 80247 20000 13871 1.2738924 53
0.1167 0 0 30.2117 80249 20000 13990 1.2812652 44
0.1168 0 0 30.2234 80250 20000 13900 1.277094 32
0.1169 0 0 30.2356 80252 20000 13820 1.2704844 51
0.117 0 0 30.2477 80254 20000 13957 1.2819656 45
0.1171 0 0 30.256 80255 20000 13813 1.2699156 42
0.1172 0 0 30.2642 80257 20000 13974 1.2822564 49
0.1173 0 0 30.2705 80258 20000 13774 1.2658476 31
0.1174 0 0 30.2769 80260 20000 13732 1.264942 46
0.1175 0 0 30.2829 80261 20000 13706 1.2622488 53
0.1176 0 0 30.2897 80263 20000 13818 1.2689184 53
0.1177 0 0 30.2999 80265 20000 13741 1.265888 59
0.1178 0 0 30.3121 80266 20000 13989 1.2832604 62
0.1179 0 0 30.3267 80268 20000 13723 1.26123 61
0.118 0 0 30.3413 80270 20000 13789 1.2679304 75
0.1181 0 0 30.3574 80271 20000 13755 1.265634 89
0.1182 0 0 30.3723 80273 20000 13782 1.2633612 76
0.1183 0 0 30.3851 80274 20000 13735 1.2631256 87
0.1184 0 0 30.3958 80276 20000 13834 1.266614 117
0.1185 0 0 30.4045 80278 20000 13836 1.2703372 139
0.1186 0 0 30.4122 80279 20000 13683 1.2568748 128
0.1187 0 0 30.4188 80281 20000 13748 1.266238 179
0.1188 0 0 30.4273 80283 20000 13858 1.2760136 185
0.1189 0 0 30.4379 80284 20000 13805 1.2690704 208
0.119 0 0 30.4486 80286 20000 13784 1.2645332 305
0.1191 0 0 30.4597 80287 20000 13839 1.2714528 321
0.1192 0 0 30.4689 80289 20000 13771 1.2663852 433
0.1193 0 0 30.4783 80291 20000 13818 1.2700072 462
0.1194 0 0 30.4854 80292 20000 13628 1.2534376 516
0.1195 0 0 30.49 80294 20000 14034 1.2862388 682
0.1196 0 0 30.4933 80295 20000 13977 1.2785164 844
0.1197 0 0 30.4967 80297 20000 13835 1.2723648 1042
0.1198 0 0 30.5002 80298 20000 13893 1.2747856 1229
0.1199 0 0 30.5051 80300 20000 14041 1.2809012 1545
0.12 0 0 30.5096 80302 20000 13791 1.2603464 1809
0.1201 0 0 30.5184 80303 20000 13898 1.2670872 2196
0.1202 0 0 30.5257 80305 20000 13797 1.2639132 2516
0.1203 0 0 30.5332 80306 20000 13958 1.277126 2934
0.1204 0 0 30.5388 80308 20000 13848 1.2620108 3241
0.1205 0 0 30.5447 80309 20000 13857 1.2605536 3664
0.1206 0 0 30.5503 80311 20000 13854 1.264238 4211
0.1207 0 0 30.5549 80313 20000 14022 1.2752476 4471
0.1208 0 0 30.5586 80314 20000 13933 1.2690688 4755
0.1209 0 0 30.5631 80316 20000 14049 1.2797896 4889
0.121 0 0 30.5658 80318 20000 13853 1.25967 4763
0.1211 0 0 30.5683 80319 20000 13909 1.2632772 4354
0.1212 0 0 30.5699 80321 20000 13753 1.2537068 3805
0.1213 0 0 30.5724 80323 20000 13803 1.2593936 3118
0.1214 0 0 30.5752 80324 20000 13967 1.281022 2413
0.1215 0 0 30.5797 80326 20000 13871 1.2722116 1966
0.1216 0 0 30.5823 80327 20000 13925 1.276322 1525
0.1217 0 0 30.5846 80329 20000 13864 1.2674784 1162
0.1218 0 0 30.5859 80331 20000 13854 1.2679804 924
0.1219 0 0 30.5862 80332 20000 13807 1.2668552 753
0.122 0 0 30.5859 80334 20000 13818 1.2733632 555
0.1221 0 0 30.5869 80336 20000 13901 1.2807808 513
0.1222 0 0 30.5891 80337 20000 13859 1.275632 397
0.1223 0 0 30.5938 80339 20000 13815 1.2713676 370
0.1224 0 0 30.6003 80340 20000 13961 1.2845944 306
0.1225 0 0 30.6071 80342 20000 13775 1.2667096 268
0.1226 0 0 30.6146 80344 20000 13832 1.2698772 247
0.1227 0 0 30.6206 80345 20000 13855 1.273752 222
0.1228 0 0 30.6242 80347 20000 13794 1.2685176 171
0.1229 0 0 30.6269 80349 20000 13645 1.2539436 180
0.123 0 0 30.629 80350 20000 13840 1.271556 143
0.1231 0 0 30.6309 80352 20000 13919 1.2784948 140
0.1232 0 0 30.6323 80353 20000 13903 1.2781844 96
0.1233 0 0 30.6336 80355 20000 13736 1.2600136 99
0.1234 0 0 30.6361 80356 20000 13926 1.2797776 92
0.1235 0 0 30.6408 80358 20000 13646 1.2581644 85
0.1236 0 0 30.6456 80359 20000 13776 1.2658884 83
0.1237 0 0 30.6504 80361 20000 13910 1.2811916 69
0.1238 0 0 30.6551 80363 20000 13746 1.2631948 54
0.1239 0 0 30.6599 80364 20000 13807 1.2723256 53
0.124 0 0 30.6644 80366 20000 13958 1.2836848 47
0.1241 0 0 30.6674 80367 20000 13899 1.276304 54
0.1242 0 0 30.67 80369 20000 13898 1.2794908 47
0.1243 0 0 30.6711 80371 20000 13723 1.2660152 35
0.1244 0 0 30.6715 80372 20000 13790 1.2719324 24
0.1245 0 0 30.673 80374 20000 13968 1.2855648 40
0.1246 0 0 30.6743 80375 20000 13936 1.2811056 23
0.1247 0 0 30.6758 80377 20000 13590 1.2554244 22
0.1248 0 0 30.6771 80379 20000 13965 1.2847016 23
0.1249 0 0 30.6794 80380 20000 13877 1.2768592 22
0.125 0 0 30.6829 80382 20000 13919 1.2826232 22
0.1251 0 0 30.6861 80384 20000 13729 1.2640888 24
0.1252 0 0 30.6891 80385 20000 13762 1.265608 22
0.1253 0 0 30.6912 80387 20000 13656 1.2570968 22
0.1254 0 0 30.6926 80388 20000 13810 1.2684884 21
0.1255 0 0 30.6939 80390 20000 13847 1.2754428 23
0.1256 0 0 30.695 80392 20000 14024 1.2935828 14
0.1257 0 0 30.6972 80393 20000 13662 1.2579548 18
0.1258 0 0 30.6991 80395 20000 13729 1.2675944 15
0.1259 0 0 30.7013 80396 20000 13770 1.2680192 10
0.126 0 0 30.7028 80398 20000 13658 1.2610668 19
0.1261 0 0 30.7034 80399 20000 13853 1.2718904 17
0.1262 0 0 30.7032 80401 20000 13934 1.281698 15
0.1263 0 0 30.702 80403 20000 13762 1.2657172 12
0.1264 0 0 30.7005 80404 20000 13808 1.2688104 15
0.1265 0 0 30.7002 80406 20000 13806 1.2714336 12
0.1266 0 0 30.702 80408 20000 13878 1.2745888 10
0.1267 0 0 30.707 80409 20000 13918 1.2772312 9
0.1268 0 0 30.7129 80411 20000 13879 1.2758808 16
0.1269 0 0 30.7181 80413 20000 13808 1.2707108 15
0.127 0 0 30.7227 80414 20000 13977 1.2886724 11
0.1271 0 0 30.726 80416 20000 13862 1.2771084 10
0.1272 0 0 30.7284 80417 20000 13741 1.2674652 10
0.1273 0 0 30.7295 80419 20000 13806 1.2715644 7
0.1274 0 0 30.7297 80421 20000 13647 1.257924 17
0.1275 0 0 30.7288 80422 20000 13869 1.2780704 8
0.1276 0 0 30.7283 80424 20000 13830 1.2761148 18
0.1277 0 0 30.7307 80425 20000 13796 1.2697144 9
0.1278 0 0 30.7347 80427 20000 13789 1.2707908 13
0.1279 0 0 30.7402 80428 20000 13906 1.2797076 12
0.128 0 0 30.7452 80430 20000 13861 1.2751112 6
0.1281 0 0 30.7495 80432 20000 13841 1.2717444 7
0.1282 0 0 30.7517 80433 20000 13771 1.26684 10
0.1283 0 0 30.7536 80435 20000 13766 1.2665052 5
0.1284 0 0 30.7542 80437 20000 13883 1.278284 7
0.1285 0 0 30.7538 80438 20000 13867 1.2747712 7
0.1286 0 0 30.7531 80440 20000 13773 1.269468 10
0.1287 0 0 30.7535 80441 20000 13873 1.2764956 7
0.1288 0 0 30.7535 80443 20000 13810 1.2724404 7
0.1289 0 0 30.7528 80445 20000 13864 1.2737904 15
0.129 0 0 30.7521 80446 20000 13797 1.2713816 9
0.1291 0 0 30.7525 80448 20000 13725 1.2653896 5
0.1292 0 0 30.7526 80449 20000 13889 1.2788388 4
0.1293 0 0 30.7521 80451 20000 13794 1.2709872 9
0.1294 0 0 30.7514 80452 20000 13856 1.2778588 7
0.1295 0 0 30.7519 80454 20000 13681 1.2599516 4
0.1296 0 0 30.7521 80456 20000 14035 1.2908552 10
0.1297 0 0 30.7517 80457 20000 13740 1.2677728 8
0.1298 0 0 30.7508 80459 20000 14069 1.2946048 8
0.1299 0 0 30.7502 80461 20000 13961 1.2864168 12
0.13 0 0 30.749 80462 20000 14058 1.2920608 3
0.1301 0 0 30.7471 80464 20000 13845 1.2729304 6
0.1302 0 0 30.7449 80466 20000 13665 1.2592428 3
0.1303 0 0 30.7432 80467 20000 13815 1.26831 7
0.1304 0 0 30.7419 80469 20000 13700 1.263666 7
0.1305 0 0 30.7419 80470 20000 13836 1.2740728 4
0.1306 0 0 30.7415 80472 20000 13840 1.2725296 6
0.1307 0 0 30.7406 80474 20000 13870 1.2789792 5
0.1308 0 0 30.7391 80475 20000 13778 1.2695392 8
0.1309 0 0 30.737 80477 20000 14005 1.28837 7
0.131 0 0 30.7349 80478 20000 13720 1.2627728 9
0.1311 0 0 30.7341 80480 20000 13767 1.2639896 3
0.1312 0 0 30.7334 80481 20000 13751 1.2636924 9
0.1313 0 0 30.7331 80483 20000 13937 1.2873264 6
0.1314 0 0 30.7328 80485 20000 13752 1.2698392 5
0.1315 0 0 30.7328 80486 20000 13750 1.2699684 6
0.1316 0 0 30.7321 80488 20000 13828 1.2732684 3
0.1317 0 0 30.7307 80490 20000 13671 1.2590212 5
0.1318 0 0 30.7299 80492 20000 13793 1.2713092 3
0.1319 0 0 30.7299 80493 20000 13795 1.2711604 9
0.132 0 0 30.7314 80495 20000 13929 1.286542 2
0.1321 0 0 30.7347 80496 20000 13982 1.2908416 8
0.1322 0 0 30.7373 80498 20000 13811 1.2756136 4
0.1323 0 0 30.7388 80500 20000 13911 1.280884 7
0.1324 0 0 30.7393 80502 20000 13828 1.27529 7
0.1325 0 0 30.7391 80503 20000 13974 1.2845548 8
0.1326 0 0 30.742 80505 20000 13848 1.2770928 2
0.1327 0 0 30.747 80507 20000 14078 1.299588 8
0.1328 0 0 30.7539 80508 20000 13867 1.2772896 4
0.1329 0 0 30.7605 80510 20000 13859 1.273104 6
0.133 0 0 30.7658 80512 20000 13753 1.2649128 8
0.1331 0 0 30.7704 80513 20000 13732 1.25956 6
0.1332 0 0 30.7739 80515 20000 13707 1.2622736 2
0.1333 0 0 30.7758 80516 20000 13849 1.2759936 4
0.1334 0 0 30.7769 80518 20000 13814 1.272124 2
0.1335 0 0 30.7772 80520 20000 13902 1.2830728 4
0.1336 0 0 30.7776 80521 20000 13772 1.2721956 4
0.1337 0 0 30.7775 80523 20000 13852 1.2761824 5
0.1338 0 0 30.7776 80524 20000 13832 1.2741248 2
0.1339 0 0 30.7775 80526 20000 13923 1.2845844 5
0.134 0 0 30.7788 80528 20000 13711 1.266054 7
0.1341 0 0 30.7799 80529 20000 13799 1.273532 10
0.1342 0 0 30.7776 81494 20000 360219 1.273532 5
0.1343 0 0 30.7776 81496 20000 14180 1.368 5
0.1344 0 0 30.7776 81498 20000 14317 1.3692924 3
0.1345 0 0 30.7776 81499 20000 14295 1.3626412 4
0.1346 0 0 30.7776 81501 20000 14211 1.353958 4
0.1347 0 0 30.7776 81503 20000 14249 1.3517972 2
0.1348 0 0 30.7776 81504 20000 14182 1.340002 3
0.1349 0 0 30.7776 81506 20000 14154 1.340876 6
0.135 0 0 30.7776 81508 20000 14166 1.3381228 11
