0.11 0 0 116.234 36471 15000 10246 1.1242844 10
0.1101 0 0 116.245 36473 15000 10246 1.1241052 10
0.1102 0 0 116.244 36474 15000 10116 1.1097912 8
0.1103 0 0 116.248 36476 15000 10149 1.1084396 10
0.1104 0 0 116.245 36477 15000 10160 1.1144952 8
0.1105 0 0 116.246 36479 15000 10125 1.1095876 5
0.1106 0 0 116.244 36480 15000 10194 1.119404 8
0.1107 0 0 116.241 36481 15000 10238 1.123132 6
0.1108 0 0 116.246 36483 15000 10157 1.11228 8
0.1109 0 0 116.245 36484 15000 10110 1.1104744 5
0.111 0 0 116.256 36486 15000 10034 1.09882 2
0.1111 0 0 116.259 36487 15000 10121 1.1097484 11
0.1112 0 0 116.271 36489 15000 10247 1.121476 4
0.1113 0 0 116.274 36490 15000 10164 1.1108988 13
0.1114 0 0 116.28 36492 15000 10262 1.1240788 9
0.1115 0 0 116.281 36493 15000 9991 1.0961756 6
0.1116 0 0 116.279 36495 15000 10157 1.109974 10
0.1117 0 0 116.278 36496 15000 10061 1.1032788 7
0.1118 0 0 116.272 36497 15000 10228 1.1213576 7
0.1119 0 0 116.274 36499 15000 10309 1.1303656 7
0.112 0 0 116.266 36500 15000 10063 1.1020488 6
0.1121 0 0 116.269 36502 15000 10115 1.1086336 13
0.1122 0 0 116.265 36503 15000 10065 1.1056792 10
0.1123 0 0 116.269 36505 15000 10070 1.10523 10
0.1124 0 0 116.267 36506 15000 10288 1.1289308 13
0.1125 0 0 116.274 36507 15000 10137 1.1132588 5
0.1126 0 0 116.278 36509 15000 10217 1.1172888 6
0.1127 0 0 116.283 36510 15000 10299 1.1270104 5
0.1128 0 0 116.291 36512 15000 10263 1.1239616 5
0.1129 0 0 116.292 36513 15000 10084 1.1053112 6
0.113 0 0 116.297 36515 15000 10190 1.1189892 10
0.1131 0 0 116.292 36516 15000 10041 1.1021408 10
0.1132 0 0 116.294 36518 15000 10258 1.1266216 8
0.1133 0 0 116.288 36519 15000 10092 1.1102216 7
0.1134 0 0 116.289 36521 15000 10146 1.1138924 9
0.1135 0 0 116.284 36522 15000 10242 1.1227672 7
0.1136 0 0 116.287 36524 15000 10018 1.0981832 10
0.1137 0 0 116.29 36525 15000 10168 1.1177356 8
0.1138 0 0 116.293 36526 15000 10266 1.1274592 12
0.1139 0 0 116.3 36528 15000 10168 1.1177156 9
0.114 0 0 116.302 36529 15000 10165 1.1100488 12
0.1141 0 0 116.311 36531 15000 10214 1.1209528 12
0.1142 0 0 116.312 36532 15000 10174 1.1156212 11
0.1143 0 0 116.317 36534 15000 10031 1.1030872 10
0.1144 0 0 116.312 36535 15000 10176 1.115774 8
0.1145 0 0 116.315 36536 15000 10147 1.1140064 8
0.1146 0 0 116.314 36538 15000 10189 1.1138844 11
0.1147 0 0 116.312 36539 15000 9995 1.0975804 10
0.1148 0 0 116.315 36540 15000 9967 1.0948368 10
0.1149 0 0 116.311 36542 15000 10268 1.1243888 12
0.115 0 0 116.314 36543 15000 10154 1.1126472 11
0.1151 0 0 116.31 36545 15000 10137 1.1128744 7
0.1152 0 0 116.312 36546 15000 10079 1.1093228 14
0.1153 0 0 116.311 36547 15000 10176 1.1157164 9
0.1154 0 0 116.312 36549 15000 10211 1.1217948 9
0.1155 0 0 116.314 36550 15000 10130 1.1128916 5
0.1156 0 0 116.312 36552 15000 10117 1.1130672 16
0.1157 0 0 116.316 36553 15000 10056 1.1045132 13
0.1158 0 0 116.311 36555 15000 10146 1.1107004 12
0.1159 0 0 116.315 36556 15000 9952 1.0925236 10
0.116 0 0 116.312 36557 15000 10256 1.1251788 8
0.1161 0 0 116.316 36559 15000 10221 1.1204268 6
0.1162 0 0 116.316 36560 15000 10341 1.1364324 12
0.1163 0 0 116.32 36562 15000 10164 1.1134468 10
0.1164 0 0 116.322 36563 15000 10137 1.1106744 16
0.1165 0 0 116.321 36565 15000 10174 1.1190008 8
0.1166 0 0 116.324 36566 15000 10039 1.1031324 15
0.1167 0 0 116.321 36568 15000 10207 1.1231668 19
0.1168 0 0 116.324 36569 15000 10124 1.1124392 7
0.1169 0 0 116.319 36570 15000 10110 1.111918 9
0.117 0 0 116.322 36572 15000 10200 1.1212372 14
0.1171 0 0 116.316 36574 15000 10187 1.1158568 20
0.1172 0 0 116.319 36575 15000 10219 1.1221328 15
0.1173 0 0 116.314 36577 15000 10119 1.1124372 16
0.1174 0 0 116.318 36578 15000 10154 1.1163892 17
0.1175 0 0 116.318 36580 15000 10273 1.12521 17
0.1176 0 0 116.322 36581 15000 10094 1.1083192 24
0.1177 0 0 116.323 36583 15000 10101 1.1073076 12
0.1178 0 0 116.323 36584 15000 10183 1.1158368 25
0.1179 0 0 116.325 36585 15000 10111 1.1108432 24
0.118 0 0 116.32 36587 15000 10348 1.1350512 32
0.1181 0 0 116.321 36588 15000 10099 1.1100876 29
0.1182 0 0 116.314 36590 15000 10142 1.1144856 40
0.1183 0 0 116.317 36591 15000 10102 1.1096068 78
0.1184 0 0 116.312 36593 15000 10061 1.1058752 104
0.1185 0 0 116.315 36594 15000 9978 1.0938136 131
0.1186 0 0 116.316 36595 15000 10142 1.1131836 155
0.1187 0 0 116.318 36597 15000 10382 1.1403368 185
0.1188 0 0 116.322 36598 15000 10249 1.1275248 198
0.1189 0 0 116.32 36600 15000 10162 1.1179936 194
0.119 0 0 116.324 36601 15000 10175 1.1200296 209
0.1191 0 0 116.322 36603 15000 10166 1.1134056 276
0.1192 0 0 116.328 36604 15000 10210 1.1176944 413
0.1193 0 0 116.326 36606 15000 9995 1.0955408 473
0.1194 0 0 116.331 36607 15000 10073 1.102936 665
0.1195 0 0 116.33 36608 15000 10170 1.1133104 824
0.1196 0 0 116.331 36610 15000 10149 1.1070572 1217
0.1197 0 0 116.33 36611 15000 10197 1.1138732 1474
0.1198 0 0 116.327 36613 15000 10239 1.1202724 1751
0.1199 0 0 116.327 36614 15000 10270 1.1246988 1916
0.12 0 0 116.322 36615 15000 10117 1.113368 2201
0.1201 0 0 116.325 36617 15000 10256 1.1187076 2464
0.1202 0 0 116.321 36618 15000 10403 1.1319228 2762
0.1203 0 0 116.327 36620 15000 10257 1.1162944 3162
0.1204 0 0 116.326 36621 15000 10237 1.1126612 3736
0.1205 0 0 116.331 36623 15000 10343 1.1227876 4271
0.1206 0 0 116.332 36624 15000 10195 1.1060856 4555
0.1207 0 0 116.331 36625 15000 10212 1.1119564 3646
0.1208 0 0 116.334 36627 15000 10128 1.1017992 2437
0.1209 0 0 116.33 36628 15000 10082 1.1039564 1313
0.121 0 0 116.331 36630 15000 10260 1.1284152 805
0.1211 0 0 116.322 36631 15000 10255 1.1255344 550
0.1212 0 0 116.322 36633 15000 10253 1.125792 392
0.1213 0 0 116.313 36634 15000 10115 1.1140276 318
0.1214 0 0 116.312 36635 15000 10165 1.114816 268
0.1215 0 0 116.312 36637 15000 10165 1.1121028 246
0.1216 0 0 116.312 36638 15000 10021 1.1020076 188
0.1217 0 0 116.314 36640 15000 10175 1.1119888 170
0.1218 0 0 116.312 36641 15000 10094 1.107448 178
0.1219 0 0 116.316 36643 15000 10195 1.1176844 148
0.122 0 0 116.312 36644 15000 10092 1.1072668 131
0.1221 0 0 116.314 36645 15000 10066 1.103454 98
0.1222 0 0 116.31 36647 15000 10282 1.129868 109
0.1223 0 0 116.31 36648 15000 10120 1.1070344 93
0.1224 0 0 116.309 36650 15000 10174 1.1220544 107
0.1225 0 0 116.309 36651 15000 10215 1.1215264 66
0.1226 0 0 116.312 36653 15000 10136 1.115234 77
0.1227 0 0 116.312 36654 15000 10090 1.1109172 73
0.1228 0 0 116.318 36655 15000 10182 1.1173596 59
0.1229 0 0 116.315 36657 15000 10178 1.1167256 56
0.123 0 0 116.32 36658 15000 10131 1.1147956 43
0.1231 0 0 116.315 36660 15000 10119 1.113884 51
0.1232 0 0 116.315 36661 15000 10040 1.105202 51
0.1233 0 0 116.315 36663 15000 10247 1.1283924 30
0.1234 0 0 116.312 36664 15000 10220 1.1210564 40
0.1235 0 0 116.314 36665 15000 10115 1.1121652 35
0.1236 0 0 116.312 36667 15000 9914 1.0880352 30
0.1237 0 0 116.317 36668 15000 10048 1.1034296 45
0.1238 0 0 116.314 36670 15000 10109 1.10982 47
0.1239 0 0 116.32 36671 15000 10134 1.1173544 33
0.124 0 0 116.319 36673 15000 10215 1.1212288 35
0.1241 0 0 116.324 36674 15000 10180 1.1160164 29
0.1242 0 0 116.325 36675 15000 10118 1.1106136 36
0.1243 0 0 116.329 36677 15000 10249 1.128846 19
0.1244 0 0 116.33 36678 15000 10106 1.1129248 27
0.1245 0 0 116.327 36680 15000 10066 1.1088696 23
0.1246 0 0 116.328 36681 15000 10093 1.1099144 21
0.1247 0 0 116.32 36683 15000 10047 1.1046144 26
0.1248 0 0 116.322 36684 15000 10237 1.1231948 25
0.1249 0 0 116.314 36686 15000 10198 1.1195492 28
0.125 0 0 116.319 36687 15000 10150 1.1175848 29
0.1251 0 0 116.317 36689 15000 10261 1.1284032 25
0.1252 0 0 116.322 36690 15000 10114 1.1098712 30
0.1253 0 0 116.32 36692 15000 10150 1.1171832 24
0.1254 0 0 116.322 36693 15000 10141 1.1135112 24
0.1255 0 0 116.322 36695 15000 10185 1.1173516 24
0.1256 0 0 116.321 36696 15000 10054 1.1062924 22
0.1257 0 0 116.321 36697 15000 10064 1.1051428 27
0.1258 0 0 116.313 36699 15000 10168 1.1172532 26
0.1259 0 0 116.315 36700 15000 10222 1.1241376 24
0.126 0 0 116.309 36702 15000 10114 1.1139812 29
0.1261 0 0 116.312 36703 15000 10135 1.1113704 22
0.1262 0 0 116.31 36704 15000 10173 1.1198408 17
0.1263 0 0 116.313 36706 15000 10086 1.1127548 13
0.1264 0 0 116.316 36707 15000 10088 1.1091924 31
0.1265 0 0 116.317 36709 15000 10058 1.1052476 23
0.1266 0 0 116.321 36710 15000 10141 1.1178044 31
0.1267 0 0 116.322 36712 15000 10219 1.1255824 22
0.1268 0 0 116.324 36713 15000 10045 1.1061816 14
0.1269 0 0 116.322 36715 15000 10064 1.105308 20
0.127 0 0 116.325 36716 15000 10188 1.1203808 19
0.1271 0 0 116.32 36718 15000 10106 1.109924 29
0.1272 0 0 116.323 36719 15000 10068 1.1100208 18
0.1273 0 0 116.318 36721 15000 10183 1.1177656 22
0.1274 0 0 116.321 36722 15000 10081 1.1098056 22
0.1275 0 0 116.317 36724 15000 10241 1.1267992 14
0.1276 0 0 116.32 36725 15000 10186 1.1217464 12
0.1277 0 0 116.319 36727 15000 10212 1.119866 16
0.1278 0 0 116.319 36728 15000 10154 1.1160384 20
0.1279 0 0 116.324 36729 15000 10044 1.1053088 13
0.128 0 0 116.322 36731 15000 10148 1.1142268 17
0.1281 0 0 116.33 36732 15000 10174 1.1190132 21
0.1282 0 0 116.328 36733 15000 9928 1.094066 22
0.1283 0 0 116.331 36735 15000 10019 1.1020108 13
0.1284 0 0 116.327 36737 15000 10373 1.1405404 11
0.1285 0 0 116.326 36738 15000 10103 1.1108644 13
0.1286 0 0 116.321 36740 15000 10132 1.1170016 12
0.1287 0 0 116.317 36741 15000 9996 1.1027272 26
0.1288 0 0 116.316 36742 15000 10118 1.1156536 12
0.1289 0 0 116.312 36744 15000 10358 1.140934 17
0.129 0 0 116.316 36745 15000 10002 1.1019928 10
0.1291 0 0 116.315 36747 15000 10065 1.1099452 15
0.1292 0 0 116.322 36748 15000 10044 1.1057512 19
0.1293 0 0 116.322 36750 15000 10377 1.1409272 25
0.1294 0 0 116.327 36751 15000 10225 1.1287004 18
0.1295 0 0 116.324 36752 15000 10050 1.1037364 16
0.1296 0 0 116.324 36754 15000 10217 1.1270264 17
0.1297 0 0 116.319 36756 15000 10206 1.1239284 18
0.1298 0 0 116.318 36757 15000 10146 1.1168892 17
0.1299 0 0 116.317 36758 15000 10127 1.1155404 10
0.13 0 0 116.312 36760 15000 10170 1.1188296 10
