0.1 0 0 159.434 21696 1 11171 15965 11
0.1002 0 0 159.429 21698 1 11155 15738 7
0.1004 0 0 159.417 21699 1 11183 15704 4
0.1006 0 0 159.419 21700 1 11224 15802 4
0.1008 0 0 159.405 21702 1 11184 15832 9
0.101 0 0 159.409 21703 1 11159 15736 8
0.1012 0 0 159.411 21704 1 11175 15801 10
0.1014 0 0 159.413 21706 1 11202 15669 9
0.1016 0 0 159.421 21707 1 11164 15893 13
0.1018 0 0 159.421 21709 1 11172 15739 9
0.102 0 0 159.432 21710 1 11153 15544 9
0.1022 0 0 159.428 21711 1 11216 15966 7
0.1024 0 0 159.44 21713 1 11195 16016 7
0.1026 0 0 159.44 21714 1 11206 15923 5
0.1028 0 0 159.444 21715 1 11162 16053 10
0.103 0 0 159.451 21717 1 11164 15669 4
0.1032 0 0 159.446 21718 1 11169 15802 5
0.1034 0 0 159.455 21719 1 11193 15975 6
0.1036 0 0 159.448 21721 1 11175 15732 13
0.1038 0 0 159.452 21722 1 11176 15811 11
0.104 0 0 159.448 21724 1 11151 15823 10
0.1042 0 0 159.444 21725 1 11201 15762 4
0.1044 0 0 159.443 21726 1 11155 15808 10
0.1046 0 0 159.432 21728 1 11183 16164 9
0.1048 0 0 159.435 21729 1 11155 15916 8
0.105 0 0 159.427 21730 1 11191 16009 8
0.1052 0 0 159.43 21732 1 11175 15734 7
0.1054 0 0 159.432 21733 1 11185 15785 8
0.1056 0 0 159.427 21734 1 11209 15847 12
0.1058 0 0 159.433 21736 1 11195 15866 13
0.106 0 0 159.427 21737 1 11154 15815 14
0.1062 0 0 159.433 21738 1 11147 15519 8
0.1064 0 0 159.433 21740 1 11148 15328 12
0.1066 0 0 159.431 21741 1 11195 15655 9
0.1068 0 0 159.437 21742 1 11144 15693 11
0.107 0 0 159.43 21744 1 11215 15449 7
0.1072 0 0 159.438 21745 1 11201 15663 9
0.1074 0 0 159.432 21746 1 11230 15599 8
0.1076 0 0 159.437 21748 1 11167 15622 6
0.1078 0 0 159.437 21749 1 11194 15651 9
0.108 0 0 159.433 21750 1 11240 15668 10
0.1082 0 0 159.438 21752 1 11208 15442 7
0.1084 0 0 159.431 21753 1 11163 15514 8
0.1086 0 0 159.435 21754 1 11162 15285 5
0.1088 0 0 159.435 21756 1 11200 15458 9
0.109 0 0 159.43 21757 1 11182 15534 8
0.1092 0 0 159.434 21758 1 11181 15589 7
0.1094 0 0 159.427 21759 1 11143 15807 5
0.1096 0 0 159.433 21761 1 11169 15515 4
0.1098 0 0 159.429 21762 1 11117 15340 11
0.11 0 0 159.431 21764 1 11207 15657 9
0.1102 0 0 159.435 21765 1 11172 15163 4
0.1104 0 0 159.431 21766 1 11225 15490 7
0.1106 0 0 159.44 21768 1 11148 15402 9
0.1108 0 0 159.436 21769 1 11157 15293 8
0.111 0 0 159.444 21770 1 11179 15381 3
0.1112 0 0 159.444 21772 1 11158 15288 7
0.1114 0 0 159.446 21773 1 11194 15521 8
0.1116 0 0 159.45 21774 1 11171 15190 9
0.1118 0 0 159.442 21776 1 11160 15483 6
0.112 0 0 159.446 21777 1 11151 15596 10
0.1122 0 0 159.438 21778 1 11122 15329 15
0.1124 0 0 159.437 21780 1 11148 15411 7
0.1126 0 0 159.435 21781 1 11165 15465 5
0.1128 0 0 159.427 21782 1 11177 15619 6
0.113 0 0 159.432 21784 1 11162 15472 8
0.1132 0 0 159.424 21785 1 11126 15375 13
0.1134 0 0 159.433 21787 1 11148 15531 10
0.1136 0 0 159.429 21788 1 11132 15316 4
0.1138 0 0 159.433 21789 1 11144 15489 8
0.114 0 0 159.437 21791 1 11101 15308 8
0.1142 0 0 159.433 21792 1 11157 15525 8
0.1144 0 0 159.44 21793 1 11151 15350 8
0.1146 0 0 159.434 21794 1 11160 15424 5
0.1148 0 0 159.438 21796 1 11152 15421 12
0.115 0 0 159.439 21797 1 11177 15581 11
0.1152 0 0 159.433 21798 1 11150 15280 7
0.1154 0 0 159.438 21800 1 11167 15627 5
0.1156 0 0 159.43 21801 1 11165 15295 14
0.1158 0 0 159.434 21802 1 11137 15441 7
0.116 0 0 159.434 21804 1 11179 15676 7
0.1162 0 0 159.431 21805 1 11156 15657 6
0.1164 0 0 159.435 21806 1 11193 15615 8
0.1166 0 0 159.427 21808 1 11136 15425 5
0.1168 0 0 159.436 21809 1 11158 15534 10
0.117 0 0 159.43 21811 1 11169 15489 11
0.1172 0 0 159.439 21812 1 11186 15512 10
0.1174 0 0 159.438 21813 1 11138 15573 9
0.1176 0 0 159.44 21815 1 11150 15343 6
0.1178 0 0 159.445 21816 1 11141 15446 16
0.118 0 0 159.439 21817 1 11155 15435 7
0.1182 0 0 159.446 21819 1 11153 15252 12
0.1184 0 0 159.437 21820 1 11141 15561 9
0.1186 0 0 159.44 21821 1 11119 15617 4
0.1188 0 0 159.434 21823 1 11158 15335 5
0.119 0 0 159.431 21824 1 11152 15553 15
0.1192 0 0 159.431 21826 1 11149 15314 13
0.1194 0 0 159.423 21827 1 11175 15630 9
0.1196 0 0 159.429 21828 1 11174 15496 13
0.1198 0 0 159.425 21830 1 11123 15368 17
0.12 0 0 159.432 21831 1 11171 15631 17
0.1202 0 0 159.436 21832 1 11183 15395 9
0.1204 0 0 159.436 21834 1 11151 15559 10
0.1206 0 0 159.442 21835 1 11130 15563 11
0.1208 0 0 159.435 21837 1 11139 15326 9
0.121 0 0 159.441 21838 1 11157 15387 13
0.1212 0 0 159.433 21839 1 11137 15504 15
0.1214 0 0 159.436 21841 1 11167 15370 8
0.1216 0 0 159.431 21842 1 11165 15518 16
0.1218 0 0 159.43 21843 1 11142 15410 13
0.122 0 0 159.432 21845 1 11163 15579 11
0.1222 0 0 159.422 21846 1 11173 15474 11
0.1224 0 0 159.426 21847 1 11137 15602 17
0.1226 0 0 159.423 21848 1 11143 15508 10
0.1228 0 0 159.422 21850 1 11122 15236 10
0.123 0 0 159.426 21851 1 11158 15495 16
0.1232 0 0 159.421 21852 1 11184 15563 16
0.1234 0 0 159.428 21854 1 11162 15554 8
0.1236 0 0 159.429 21855 1 11148 15401 9
0.1238 0 0 159.43 21856 1 11155 15176 9
0.124 0 0 159.431 21858 1 11155 15537 15
0.1242 0 0 159.424 21859 1 11144 15538 9
0.1244 0 0 159.429 21861 1 11125 15362 24
0.1246 0 0 159.419 21862 1 11124 15571 10
0.1248 0 0 159.424 21863 1 11122 15370 24
0.125 0 0 159.416 21865 1 11145 15532 24
0.1252 0 0 159.418 21866 1 11143 15431 24
0.1254 0 0 159.42 21867 1 11155 15405 20
0.1256 0 0 159.412 21868 1 11150 15519 23
0.1258 0 0 159.419 21870 1 11154 15546 30
0.126 0 0 159.414 21871 1 11172 15276 47
0.1262 0 0 159.418 21872 1 11152 15638 73
0.1264 0 0 159.421 21874 1 11130 15548 89
0.1266 0 0 159.417 21875 1 11161 15292 196
0.1268 0 0 159.425 21876 1 11128 15444 453
0.127 0 0 159.42 21878 1 11203 15422 1257
0.1272 0 0 159.428 21879 1 11214 15385 1975
0.1274 0 0 159.423 21881 1 11200 15375 2681
0.1276 0 0 159.426 21882 1 11238 15345 3537
0.1278 0 0 159.429 21883 1 11297 15577 3737
0.128 0 0 159.421 21885 1 11185 15276 1958
0.1282 0 0 159.427 21886 1 11179 15402 737
0.1284 0 0 159.418 21887 1 11146 15297 483
0.1286 0 0 159.421 21889 1 11134 15470 382
0.1288 0 0 159.421 21890 1 11142 15375 313
0.129 0 0 159.416 21891 1 11120 15552 283
0.1292 0 0 159.422 21893 1 11158 15524 215
0.1294 0 0 159.416 21894 1 11147 15368 178
0.1296 0 0 159.425 21895 1 11130 15545 155
0.1298 0 0 159.422 21897 1 11130 15506 135
0.13 0 0 159.428 21898 1 11144 15676 131
0.1302 0 0 159.43 21900 1 11107 15407 98
0.1304 0 0 159.429 21901 1 11149 15335 93
0.1306 0 0 159.433 21902 1 11153 15470 90
0.1308 0 0 159.425 21904 1 11121 15559 72
0.131 0 0 159.43 21905 1 11125 15371 52
0.1312 0 0 159.423 21906 1 11141 15511 43
0.1314 0 0 159.423 21908 1 11152 15521 34
0.1316 0 0 159.424 21909 1 11153 15457 34
0.1318 0 0 159.415 21910 1 11147 15264 36
0.132 0 0 159.419 21912 1 11151 15526 33
0.1322 0 0 159.41 21913 1 11160 15491 25
0.1324 0 0 159.414 21915 1 11150 15691 31
0.1326 0 0 159.41 21916 1 11146 15511 39
0.1328 0 0 159.414 21917 1 11127 15323 35
0.133 0 0 159.418 21919 1 11140 15491 23
0.1332 0 0 159.417 21920 1 11139 15549 28
0.1334 0 0 159.427 21921 1 11150 15627 25
0.1336 0 0 159.425 21922 1 11126 15325 24
0.1338 0 0 159.432 21924 1 11143 15255 26
0.134 0 0 159.433 21925 1 11116 15631 31
0.1342 0 0 159.429 21926 1 11113 15545 25
0.1344 0 0 159.433 21928 1 11148 15389 33
0.1346 0 0 159.421 21929 1 11119 15511 33
0.1348 0 0 159.422 21930 1 11112 15455 21
0.135 0 0 159.41 21932 1 11149 15415 21
0.1352 0 0 159.405 21933 1 11137 15549 24
0.1354 0 0 159.401 21935 1 11125 15641 23
0.1356 0 0 159.392 21936 1 11100 15356 20
0.1358 0 0 159.397 21937 1 11151 15444 15
0.136 0 0 159.389 21939 1 11144 15272 18
0.1362 0 0 159.397 21940 1 11110 15666 18
0.1364 0 0 159.396 21941 1 11164 15521 17
0.1366 0 0 159.399 21943 1 11143 15277 18
0.1368 0 0 159.406 21944 1 11146 15452 15
0.137 0 0 159.404 21945 1 11151 15425 17
0.1372 0 0 159.415 21947 1 11122 15376 15
0.1374 0 0 159.411 21948 1 11135 15466 18
0.1376 0 0 159.418 21950 1 11150 15383 20
0.1378 0 0 159.417 21951 1 11170 15571 18
0.138 0 0 159.416 21952 1 11140 15463 16
0.1382 0 0 159.422 21954 1 11158 15512 12
0.1384 0 0 159.417 21955 1 11147 15404 21
0.1386 0 0 159.425 21956 1 11137 15470 13
0.1388 0 0 159.423 21957 1 11121 15413 16
0.139 0 0 159.425 21959 1 11100 15408 20
0.1392 0 0 159.429 21960 1 11109 15312 17
0.1394 0 0 159.423 21961 1 11151 15399 14
0.1396 0 0 159.429 21963 1 11114 15410 12
0.1398 0 0 159.423 21964 1 11156 15588 16
0.14 0 0 159.427 21965 1 11165 15510 13
0.1402 0 0 159.424 21967 1 11132 15511 22
0.1404 0 0 159.421 21968 1 11121 15481 12
0.1406 0 0 159.426 21970 1 11139 15511 11
0.1408 0 0 159.419 21971 1 11145 15410 19
0.141 0 0 159.427 21972 1 11153 15405 11
0.1412 0 0 159.42 21974 1 11134 15412 17
0.1414 0 0 159.427 21975 1 11129 15315 25
0.1416 0 0 159.425 21976 1 11125 15571 19
0.1418 0 0 159.425 21978 1 11082 15257 11
0.142 0 0 159.431 21979 1 11121 15368 20
0.1422 0 0 159.426 21980 1 11114 15228 12
0.1424 0 0 159.435 21982 1 11143 15276 18
0.1426 0 0 159.428 21983 1 11162 15267 20
0.1428 0 0 159.434 21985 1 11132 15268 8
0.143 0 0 159.435 21986 1 11157 15321 12
0.1432 0 0 159.433 21987 1 11148 15387 23
0.1434 0 0 159.437 21989 1 11097 15330 24
0.1436 0 0 159.428 21990 1 11133 15488 13
0.1438 0 0 159.433 21992 1 11102 15519 12
0.144 0 0 159.424 21993 1 11087 15556 12
0.1442 0 0 159.427 21994 1 11123 15488 14
0.1444 0 0 159.424 21996 1 11130 15371 15
0.1446 0 0 159.42 21997 1 11118 15448 14
0.1448 0 0 159.424 21998 1 11127 15342 7
0.145 0 0 159.416 22000 1 11120 15314 9
0.1452 0 0 159.426 22001 1 11134 15396 15
0.1454 0 0 159.423 22002 1 11109 15182 13
0.1456 0 0 159.434 22004 1 11126 15573 21
0.1458 0 0 159.434 22005 1 11102 15311 7
0.146 0 0 159.435 22007 1 11125 15568 10
0.1462 0 0 159.44 22008 1 11143 15315 14
0.1464 0 0 159.433 22009 1 11148 15478 11
0.1466 0 0 159.437 22011 1 11112 15253 12
0.1468 0 0 159.426 22012 1 11143 15425 11
0.147 0 0 159.424 22013 1 11122 15371 10
0.1472 0 0 159.42 22015 1 11115 15336 10
0.1474 0 0 159.409 22016 1 11110 15489 8
0.1476 0 0 159.412 22017 1 11145 15346 13
0.1478 0 0 159.401 22019 1 11101 15278 9
0.148 0 0 159.409 22020 1 11133 15389 12
0.1482 0 0 159.406 22021 1 11121 15717 8
0.1484 0 0 159.414 22023 1 11121 15265 7
0.1486 0 0 159.423 22024 1 11089 15129 10
0.1488 0 0 159.425 22025 1 11127 15372 13
0.149 0 0 159.436 22027 1 11094 15173 12
0.1492 0 0 159.436 22028 1 11132 15333 10
0.1494 0 0 159.442 22029 1 11118 15333 14
0.1496 0 0 159.446 22031 1 11086 15555 13
0.1498 0 0 159.439 22032 1 11144 15261 5
0.15 0 0 159.442 22033 1 11116 15281 11
0.1502 0 0 159.428 22035 1 11114 15488 7
0.1504 0 0 159.428 22036 1 11150 15357 18
0.1506 0 0 159.413 22038 1 11132 15312 11
0.1508 0 0 159.408 22039 1 11108 15575 10
0.151 0 0 159.399 22040 1 11125 15440 18
0.1512 0 0 159.389 22042 1 11118 15433 14
0.1514 0 0 159.393 22043 1 11111 15456 10
0.1516 0 0 159.386 22044 1 11116 15250 14
0.1518 0 0 159.396 22045 1 11097 15613 8
0.152 0 0 159.4 22047 1 11091 15371 11
0.1522 0 0 159.407 22048 1 11096 15191 20
0.1524 0 0 159.417 22050 1 11116 15355 8
0.1526 0 0 159.417 22051 1 11122 15184 12
0.1528 0 0 159.427 22052 1 11141 15293 7
0.153 0 0 159.422 22054 1 11116 15279 13
0.1532 0 0 159.426 22055 1 11111 15155 19
0.1534 0 0 159.419 22057 1 11140 15651 16
0.1536 0 0 159.414 22058 1 11119 15474 11
0.1538 0 0 159.411 22059 1 11105 15513 9
0.154 0 0 159.398 22061 1 11095 15351 12
0.1542 0 0 159.399 22062 1 11118 15298 13
0.1544 0 0 159.386 22063 1 11081 15417 13
0.1546 0 0 159.388 22065 1 11086 15236 7
0.1548 0 0 159.387 22066 1 11075 15337 19
0.155 0 0 159.389 22068 1 11109 15214 14
0.1552 0 0 159.397 22069 1 11099 15563 10
0.1554 0 0 159.398 22070 1 11085 15412 9
0.1556 0 0 159.414 22072 1 11117 15166 6
0.1558 0 0 159.416 22073 1 11130 15545 10
0.156 0 0 159.428 22074 1 11125 15461 9
0.1562 0 0 159.43 22076 1 11114 15360 10
0.1564 0 0 159.429 22077 1 11082 15282 7
0.1566 0 0 159.434 22078 1 11103 15168 8
0.1568 0 0 159.424 22080 1 11125 15565 3
0.157 0 0 159.427 22081 1 11137 15453 13
0.1572 0 0 159.415 22083 1 11082 15443 9
0.1574 0 0 159.418 22084 1 11122 15295 5
0.1576 0 0 159.412 22085 1 11129 15509 7
0.1578 0 0 159.411 22087 1 11078 15297 8
0.158 0 0 159.417 22088 1 11093 15298 6
0.1582 0 0 159.413 22089 1 11135 15350 8
0.1584 0 0 159.427 22091 1 11082 15325 14
0.1586 0 0 159.427 22092 1 11103 15435 8
0.1588 0 0 159.435 22093 1 11086 15473 5
0.159 0 0 159.438 22095 1 11125 15313 5
0.1592 0 0 159.438 22096 1 11107 15388 6
0.1594 0 0 159.442 22098 1 11132 15291 13
0.1596 0 0 159.435 22099 1 11097 15397 9
0.1598 0 0 159.44 22100 1 11082 15277 9
0.16 0 0 159.428 22102 1 11093 15492 10
