0.105 0 0 56.4159 66852 15000 8920 1.3978964 6
0.1051 0 0 56.424 66854 15000 8894 1.3964348 4
0.1052 0 0 56.4334 66856 15000 8941 1.4010632 3
0.1053 0 0 56.4422 66858 15000 8963 1.4059124 8
0.1054 0 0 56.4504 66859 15000 8922 1.3933516 8
0.1055 0 0 56.4551 66861 15000 8987 1.411558 7
0.1056 0 0 56.4615 66863 15000 8839 1.3817436 4
0.1057 0 0 56.4678 66865 15000 9016 1.4115852 3
0.1058 0 0 56.4756 66866 15000 8930 1.399506 3
0.1059 0 0 56.4815 66868 15000 8897 1.393668 6
0.106 0 0 56.4844 66870 15000 8953 1.4047732 1
0.1061 0 0 56.4878 66872 15000 8913 1.3993768 2
0.1062 0 0 56.4887 66873 15000 8983 1.4045052 6
0.1063 0 0 56.4923 66875 15000 8968 1.402422 9
0.1064 0 0 56.4938 66876 15000 8936 1.3983512 3
0.1065 0 0 56.5018 66878 15000 8862 1.3898188 6
0.1066 0 0 56.5086 66880 15000 8965 1.403154 7
0.1067 0 0 56.5165 66882 15000 8820 1.3845928 5
0.1068 0 0 56.5198 66883 15000 8981 1.4093936 2
0.1069 0 0 56.5206 66885 15000 8809 1.3771812 4
0.107 0 0 56.5175 66887 15000 9005 1.4120476 5
0.1071 0 0 56.5144 66889 15000 8922 1.3983384 6
0.1072 0 0 56.5118 66890 15000 9057 1.4173792 6
0.1073 0 0 56.5123 66892 15000 8967 1.4044764 4
0.1074 0 0 56.5166 66894 15000 8864 1.38412 5
0.1075 0 0 56.5229 66896 15000 8936 1.4006936 5
0.1076 0 0 56.5309 66897 15000 8957 1.4052544 4
0.1077 0 0 56.5361 66899 15000 8898 1.392412 5
0.1078 0 0 56.5409 66901 15000 8868 1.3889404 4
0.1079 0 0 56.5414 66903 15000 8900 1.3979864 3
0.108 0 0 56.5412 66904 15000 8826 1.3883536 3
0.1081 0 0 56.5383 66906 15000 8890 1.3929156 5
0.1082 0 0 56.5367 66908 15000 8788 1.376668 5
0.1083 0 0 56.5357 66909 15000 8985 1.4107924 3
0.1084 0 0 56.5393 66911 15000 8844 1.3829192 7
0.1085 0 0 56.5446 66913 15000 8925 1.398502 3
0.1086 0 0 56.5509 66915 15000 8862 1.3871236 0
0.1087 0 0 56.5562 66916 15000 8919 1.3945936 5
0.1088 0 0 56.5579 66918 15000 8953 1.4012624 8
0.1089 0 0 56.5599 66920 15000 8887 1.3931652 6
0.109 0 0 56.5587 66922 15000 8867 1.385826 7
0.1091 0 0 56.5586 66923 15000 8926 1.4028108 3
0.1092 0 0 56.5557 66925 15000 8872 1.3888252 2
0.1093 0 0 56.556 66927 15000 8933 1.397032 5
0.1094 0 0 56.5557 66928 15000 8854 1.3898136 7
0.1095 0 0 56.5614 66930 15000 8886 1.3933052 5
0.1096 0 0 56.567 66932 15000 8868 1.3895284 10
0.1097 0 0 56.5735 66934 15000 9031 1.4169236 8
0.1098 0 0 56.5791 66935 15000 8915 1.3950252 5
0.1099 0 0 56.5814 66937 15000 8943 1.4005168 3
0.11 0 0 56.5813 66939 15000 8870 1.3899688 7
0.1101 0 0 56.5772 66941 15000 8961 1.4059876 4
0.1102 0 0 56.576 66942 15000 8862 1.388604 2
0.1103 0 0 56.5733 66944 15000 8964 1.409082 5
0.1104 0 0 56.5763 66946 15000 8951 1.4072376 9
0.1105 0 0 56.5782 66948 15000 9021 1.4116168 5
0.1106 0 0 56.5817 66949 15000 8999 1.4089944 6
0.1107 0 0 56.5834 66951 15000 8796 1.375736 0
0.1108 0 0 56.5861 66953 15000 8957 1.4025652 4
0.1109 0 0 56.5884 66954 15000 8891 1.3948332 6
0.111 0 0 56.5909 66956 15000 9053 1.4216404 4
0.1111 0 0 56.595 66958 15000 8766 1.3760432 9
0.1112 0 0 56.5995 66959 15000 8892 1.391952 5
0.1113 0 0 56.6038 66961 15000 8979 1.4072692 3
0.1114 0 0 56.6057 66963 15000 8817 1.382748 6
0.1115 0 0 56.6078 66965 15000 8820 1.3821656 2
0.1116 0 0 56.6067 66966 15000 8948 1.407688 5
0.1117 0 0 56.6063 66968 15000 8841 1.385118 6
0.1118 0 0 56.603 66970 15000 8820 1.3817332 13
0.1119 0 0 56.602 66971 15000 8972 1.4024184 9
0.112 0 0 56.5994 66973 15000 8865 1.3903792 11
0.1121 0 0 56.602 66975 15000 8932 1.4090532 7
0.1122 0 0 56.6045 66977 15000 8941 1.4046576 2
0.1123 0 0 56.6084 66978 15000 8923 1.4050976 6
0.1124 0 0 56.6114 66980 15000 8928 1.4064892 6
0.1125 0 0 56.6127 66982 15000 8803 1.3819056 4
0.1126 0 0 56.6137 66984 15000 8875 1.3894772 7
0.1127 0 0 56.6123 66985 15000 8935 1.408104 5
0.1128 0 0 56.6105 66987 15000 8901 1.394356 7
0.1129 0 0 56.6059 66989 15000 8927 1.4006576 24
0.113 0 0 56.6041 66990 15000 8863 1.3926596 18
0.1131 0 0 56.6011 66992 15000 8851 1.3906336 7
0.1132 0 0 56.6053 66994 15000 9170 1.4353976 13
0.1133 0 0 56.6088 66996 15000 8882 1.3907476 8
0.1134 0 0 56.615 66997 15000 8980 1.4079184 17
0.1135 0 0 56.6188 66999 15000 8817 1.3877428 14
0.1136 0 0 56.6208 67001 15000 8933 1.4047492 16
0.1137 0 0 56.6198 67003 15000 8880 1.3956448 17
0.1138 0 0 56.6154 67004 15000 8948 1.4050628 9
0.1139 0 0 56.6114 67006 15000 8923 1.3974568 19
0.114 0 0 56.6042 67008 15000 8916 1.4016112 18
0.1141 0 0 56.6042 67009 15000 8902 1.3962604 21
0.1142 0 0 56.604 67011 15000 8804 1.382336 23
0.1143 0 0 56.6122 67013 15000 8880 1.392588 43
0.1144 0 0 56.6197 67015 15000 8905 1.4028948 33
0.1145 0 0 56.6283 67016 15000 8875 1.3924264 38
0.1146 0 0 56.634 67018 15000 8887 1.3914496 34
0.1147 0 0 56.6374 67019 15000 8803 1.3790588 40
0.1148 0 0 56.6362 67021 15000 8893 1.396258 45
0.1149 0 0 56.6309 67023 15000 8910 1.397942 48
0.115 0 0 56.6219 67025 15000 8832 1.3862212 37
0.1151 0 0 56.6106 67026 15000 8986 1.4076772 33
0.1152 0 0 56.6048 67028 15000 8909 1.399484 56
0.1153 0 0 56.6011 67030 15000 8808 1.3823544 43
0.1154 0 0 56.6028 67031 15000 9048 1.4175276 31
0.1155 0 0 56.6093 67033 15000 8963 1.4083336 33
0.1156 0 0 56.6192 67035 15000 9007 1.4114808 34
0.1157 0 0 56.6284 67037 15000 8864 1.388922 24
0.1158 0 0 56.6358 67038 15000 8943 1.4016372 29
0.1159 0 0 56.6381 67040 15000 8975 1.408176 30
0.116 0 0 56.6374 67042 15000 8867 1.3954276 21
0.1161 0 0 56.6318 67044 15000 8869 1.393382 20
0.1162 0 0 56.6258 67045 15000 8973 1.4098952 22
0.1163 0 0 56.6193 67047 15000 8895 1.396712 30
0.1164 0 0 56.6168 67049 15000 8967 1.4101836 23
0.1165 0 0 56.6171 67051 15000 8944 1.4044776 19
0.1166 0 0 56.6195 67052 15000 9005 1.4082428 16
0.1167 0 0 56.6224 67054 15000 8908 1.4018808 27
0.1168 0 0 56.6234 67056 15000 8834 1.3859036 21
0.1169 0 0 56.6265 67057 15000 8859 1.39319 30
0.117 0 0 56.6277 67059 15000 9063 1.4260468 23
0.1171 0 0 56.63 67061 15000 8851 1.3879268 21
0.1172 0 0 56.6291 67063 15000 9054 1.4250388 34
0.1173 0 0 56.63 67064 15000 8871 1.3964356 39
0.1174 0 0 56.6293 67066 15000 8891 1.3989376 40
0.1175 0 0 56.6307 67068 15000 8958 1.408162 57
0.1176 0 0 56.6324 67070 15000 8860 1.3950648 57
0.1177 0 0 56.6358 67071 15000 8978 1.4123524 64
0.1178 0 0 56.6413 67073 15000 8920 1.3958856 81
0.1179 0 0 56.6463 67075 15000 8867 1.395334 103
0.118 0 0 56.6513 67076 15000 8907 1.3988432 113
0.1181 0 0 56.6534 67078 15000 8909 1.4025256 134
0.1182 0 0 56.6527 67080 15000 8830 1.3853496 150
0.1183 0 0 56.6478 67082 15000 8923 1.4023476 216
0.1184 0 0 56.6434 67083 15000 8906 1.4045016 262
0.1185 0 0 56.6372 67085 15000 8896 1.3988388 305
0.1186 0 0 56.6376 67087 15000 8848 1.3889672 405
0.1187 0 0 56.6376 67089 15000 8911 1.3972584 489
0.1188 0 0 56.6374 67091 15000 8949 1.409736 710
0.1189 0 0 56.6357 67092 15000 8814 1.3813988 906
0.119 0 0 56.6317 67094 15000 8894 1.39511 1185
0.1191 0 0 56.6299 67096 15000 8979 1.4023992 1529
0.1192 0 0 56.627 67097 15000 8979 1.4050376 1858
0.1193 0 0 56.6294 67099 15000 8845 1.3805316 1974
0.1194 0 0 56.631 67101 15000 8915 1.3945192 2361
0.1195 0 0 56.6373 67102 15000 8799 1.378454 2676
0.1196 0 0 56.6411 67104 15000 9035 1.4164024 3228
0.1197 0 0 56.6475 67106 15000 8944 1.3974888 3650
0.1198 0 0 56.6506 67107 15000 8871 1.387252 4058
0.1199 0 0 56.653 67109 15000 8965 1.4012852 4549
0.12 0 0 56.6517 67111 15000 8974 1.4001964 5116
0.1201 0 0 56.6495 67112 15000 9071 1.4087204 5105
0.1202 0 0 56.6459 67114 15000 9180 1.427784 4714
0.1203 0 0 56.6437 67116 15000 9095 1.4189256 3912
0.1204 0 0 56.6432 67118 15000 8932 1.3979708 2931
0.1205 0 0 56.6435 67120 15000 9048 1.4121884 2157
0.1206 0 0 56.6463 67121 15000 8930 1.3999652 1598
0.1207 0 0 56.6479 67123 15000 8911 1.396908 1127
0.1208 0 0 56.6524 67125 15000 8938 1.401424 771
0.1209 0 0 56.6545 67127 15000 8929 1.4001148 625
0.121 0 0 56.6573 67128 15000 8923 1.4005028 476
0.1211 0 0 56.6577 67130 15000 8909 1.3987688 375
0.1212 0 0 56.6602 67132 15000 8920 1.4042316 332
0.1213 0 0 56.6611 67133 15000 8891 1.3967712 270
0.1214 0 0 56.6629 67135 15000 9123 1.43206 219
0.1215 0 0 56.664 67137 15000 8930 1.3982896 221
0.1216 0 0 56.6663 67138 15000 8979 1.410966 174
0.1217 0 0 56.6677 67140 15000 8940 1.4060392 150
0.1218 0 0 56.6675 67142 15000 8911 1.399244 131
0.1219 0 0 56.6671 67144 15000 8885 1.3983872 133
0.122 0 0 56.6643 67145 15000 8822 1.386344 104
0.1221 0 0 56.6624 67147 15000 8803 1.3821284 85
0.1222 0 0 56.6579 67149 15000 8809 1.3851488 84
0.1223 0 0 56.6564 67150 15000 8752 1.3765104 71
0.1224 0 0 56.6535 67152 15000 8918 1.4013028 60
0.1225 0 0 56.6553 67154 15000 8917 1.400578 54
0.1226 0 0 56.6553 67155 15000 8905 1.4032152 54
0.1227 0 0 56.6576 67157 15000 8865 1.3945672 34
0.1228 0 0 56.6579 67159 15000 8833 1.3846432 40
0.1229 0 0 56.6592 67161 15000 8844 1.3887752 31
0.123 0 0 56.6599 67162 15000 8981 1.405732 30
0.1231 0 0 56.6613 67164 15000 8732 1.3748872 28
0.1232 0 0 56.6615 67166 15000 8889 1.3954892 28
0.1233 0 0 56.6589 67168 15000 8926 1.4011476 21
0.1234 0 0 56.6586 67169 15000 8975 1.4137652 16
0.1235 0 0 56.6567 67171 15000 8861 1.3956004 17
0.1236 0 0 56.657 67173 15000 8874 1.3946092 12
0.1237 0 0 56.655 67174 15000 8884 1.3956368 15
0.1238 0 0 56.6564 67176 15000 8856 1.3917624 14
0.1239 0 0 56.656 67178 15000 8892 1.3943828 18
0.124 0 0 56.6587 67179 15000 8859 1.3879024 12
0.1241 0 0 56.6594 67181 15000 8980 1.4088684 6
0.1242 0 0 56.662 67183 15000 8940 1.4020044 9
0.1243 0 0 56.6621 67185 15000 8896 1.3964216 10
0.1244 0 0 56.6623 67186 15000 8923 1.4033876 8
0.1245 0 0 56.6607 67188 15000 8841 1.3911536 10
0.1246 0 0 56.6587 67189 15000 8799 1.3864392 15
0.1247 0 0 56.6561 67191 15000 8934 1.404368 6
0.1248 0 0 56.6532 67193 15000 8883 1.397186 11
0.1249 0 0 56.6522 67195 15000 8899 1.3987716 12
0.125 0 0 56.6503 67197 15000 8905 1.4030528 10
0.1251 0 0 56.6528 67198 15000 8858 1.3906904 10
0.1252 0 0 56.6536 67200 15000 8863 1.3916676 8
0.1253 0 0 56.6544 67202 15000 8965 1.408096 6
0.1254 0 0 56.6516 67204 15000 9020 1.4124652 10
0.1255 0 0 56.6483 67205 15000 8989 1.41526 4
0.1256 0 0 56.6435 67207 15000 8977 1.4088952 5
0.1257 0 0 56.639 67209 15000 8852 1.3942812 3
0.1258 0 0 56.6368 67210 15000 8798 1.383916 9
0.1259 0 0 56.637 67212 15000 8938 1.4057 0
0.126 0 0 56.6403 67214 15000 9049 1.4199928 4
0.1261 0 0 56.6432 67216 15000 8939 1.400324 9
0.1262 0 0 56.6481 67218 15000 9011 1.417852 5
0.1263 0 0 56.6502 67219 15000 8982 1.410358 3
0.1264 0 0 56.653 67221 15000 8865 1.3930992 7
0.1265 0 0 56.652 67223 15000 8822 1.38853 6
0.1266 0 0 56.6496 67224 15000 8927 1.4042924 7
0.1267 0 0 56.644 67226 15000 8796 1.3832384 5
0.1268 0 0 56.6385 67228 15000 8804 1.3855784 5
0.1269 0 0 56.6324 67230 15000 8807 1.3830624 0
0.127 0 0 56.6266 67231 15000 9050 1.4242648 2
0.1271 0 0 56.6245 67233 15000 9031 1.4178156 5
0.1272 0 0 56.6233 67235 15000 8929 1.4062592 8
0.1273 0 0 56.6271 67237 15000 8854 1.3936952 6
0.1274 0 0 56.6289 67239 15000 8913 1.400894 3
0.1275 0 0 56.6307 67240 15000 8952 1.4053896 10
0.1276 0 0 56.6294 67242 15000 8862 1.3946324 6
0.1277 0 0 56.6283 67244 15000 8835 1.3910944 4
0.1278 0 0 56.6253 67245 15000 8858 1.3936148 7
0.1279 0 0 56.6222 67247 15000 8984 1.4125156 3
0.128 0 0 56.6196 67249 15000 8930 1.4033392 7
0.1281 0 0 56.6186 67251 15000 8984 1.4101792 2
0.1282 0 0 56.6208 67252 15000 8956 1.4129828 10
0.1283 0 0 56.6243 67254 15000 8852 1.3906184 4
0.1284 0 0 56.6293 67256 15000 8883 1.3958232 8
0.1285 0 0 56.6316 67257 15000 8873 1.3933988 2
0.1286 0 0 56.6339 67259 15000 8932 1.4038856 5
0.1287 0 0 56.6319 67261 15000 8931 1.4014476 4
0.1288 0 0 56.6284 67263 15000 8861 1.3953348 3
0.1289 0 0 56.6222 67264 15000 8896 1.3996036 8
0.129 0 0 56.6186 67266 15000 8834 1.3898116 7
0.1291 0 0 56.6162 67268 15000 9046 1.4237748 4
0.1292 0 0 56.617 67270 15000 8921 1.4057284 5
0.1293 0 0 56.6202 67271 15000 8844 1.3887372 6
0.1294 0 0 56.6255 67273 15000 8815 1.3888116 3
0.1295 0 0 56.6312 67275 15000 8958 1.4069276 7
0.1296 0 0 56.6357 67276 15000 8849 1.395482 4
0.1297 0 0 56.6383 67278 15000 8777 1.386688 1
0.1298 0 0 56.6363 67280 15000 8842 1.3923072 3
0.1299 0 0 56.6338 67282 15000 8890 1.3958096 3
0.13 0 0 56.6282 67283 15000 8853 1.3928284 1
0.1301 0 0 56.6269 67285 15000 8836 1.3904452 5
0.1302 0 0 56.6257 67287 15000 8920 1.4050136 9
0.1303 0 0 56.6303 67289 15000 8888 1.4021192 6
0.1304 0 0 56.634 67290 15000 8858 1.3939332 3
0.1305 0 0 56.6369 67292 15000 8833 1.3930792 6
0.1306 0 0 56.6372 67294 15000 8914 1.4015292 6
0.1307 0 0 56.6338 67296 15000 8957 1.4058264 0
0.1308 0 0 56.6301 67297 15000 9042 1.4232048 3
0.1309 0 0 56.6229 67299 15000 8861 1.3954604 6
0.131 0 0 56.621 67301 15000 8999 1.4177424 4
0.1311 0 0 56.6186 67302 15000 8923 1.4013512 4
0.1312 0 0 56.6211 67304 15000 8817 1.3870128 4
0.1313 0 0 56.6222 67306 15000 8767 1.3837856 3
0.1314 0 0 56.6264 67307 15000 8898 1.4011212 6
0.1315 0 0 56.6286 67309 15000 8838 1.3925876 4
0.1316 0 0 56.6326 67311 15000 8969 1.4093848 8
0.1317 0 0 56.6337 67312 15000 8876 1.3988324 3
0.1318 0 0 56.6351 67314 15000 8829 1.3900508 1
0.1319 0 0 56.6347 67316 15000 8960 1.407448 2
0.132 0 0 56.6346 67317 15000 8919 1.4052252 5
0.1321 0 0 56.6346 67319 15000 9076 1.4298812 3
0.1322 0 0 56.6351 67321 15000 8962 1.41059 8
0.1323 0 0 56.6371 67323 15000 8933 1.4029936 3
0.1324 0 0 56.638 67324 15000 8878 1.400014 3
0.1325 0 0 56.6395 67326 15000 8950 1.4092064 5
0.1326 0 0 56.6384 67328 15000 8994 1.416106 6
0.1327 0 0 56.6403 67330 15000 8927 1.4090864 1
0.1328 0 0 56.6399 67331 15000 8850 1.3965588 5
0.1329 0 0 56.6417 67333 15000 9036 1.4208256 5
0.133 0 0 56.6415 67335 15000 9000 1.4174216 2
0.1331 0 0 56.6437 67337 15000 8936 1.4102432 7
0.1332 0 0 56.645 67338 15000 8906 1.4013236 1
0.1333 0 0 56.6462 67340 15000 8936 1.4106128 0
0.1334 0 0 56.6466 67342 15000 8891 1.4034892 4
0.1335 0 0 56.6451 67344 15000 8861 1.3958136 2
0.1336 0 0 56.6448 67345 15000 8754 1.378884 3
0.1337 0 0 56.6423 67347 15000 8858 1.3951564 5
0.1338 0 0 56.6433 67349 15000 8749 1.379216 4
0.1339 0 0 56.6423 67351 15000 8879 1.4012992 2
0.134 0 0 56.6459 67352 15000 8967 1.4118832 1
0.1341 0 0 56.6482 67354 15000 8850 1.3937156 4
0.1342 0 0 56.6524 67356 15000 8855 1.3938692 3
0.1343 0 0 56.6551 67357 15000 8901 1.40157 6
0.1344 0 0 56.6584 67359 15000 8971 1.4149448 4
0.1345 0 0 56.6609 67361 15000 8844 1.3945228 6
0.1346 0 0 56.6623 67363 15000 8958 1.4118436 2
0.1347 0 0 56.6627 67364 15000 8996 1.4112036 2
0.1348 0 0 56.6596 67366 15000 8566 1.3505484 7
0.1349 0 0 56.6562 67368 15000 8977 1.414908 3
0.135 0 0 56.6495 67370 15000 8916 1.406466 2
