0.11 0 0 119.255 34941 15000 10150 1.0932056 5
0.1101 0 0 119.259 34943 15000 10326 1.1072284 5
0.1102 0 0 119.258 34944 15000 10013 1.0766324 7
0.1103 0 0 119.259 34946 15000 10280 1.1053264 6
0.1104 0 0 119.259 34947 15000 10306 1.1054348 9
0.1105 0 0 119.257 34949 15000 10221 1.098258 6
0.1106 0 0 119.261 34950 15000 10225 1.1012792 7
0.1107 0 0 119.26 34952 15000 10129 1.088694 8
0.1108 0 0 119.267 34953 15000 10316 1.10936 6
0.1109 0 0 119.267 34954 15000 10242 1.1014284 12
0.111 0 0 119.273 34956 15000 10239 1.1020592 9
0.1111 0 0 119.271 34957 15000 10195 1.0989068 5
0.1112 0 0 119.275 34959 15000 10190 1.0954188 7
0.1113 0 0 119.276 34960 15000 10235 1.1022464 5
0.1114 0 0 119.277 34962 15000 10129 1.08873 5
0.1115 0 0 119.278 34963 15000 10271 1.1037496 8
0.1116 0 0 119.276 34964 15000 10257 1.1038704 7
0.1117 0 0 119.281 34966 15000 10375 1.1140436 3
0.1118 0 0 119.276 34967 15000 10392 1.117662 9
0.1119 0 0 119.283 34969 15000 10193 1.0981232 11
0.112 0 0 119.282 34970 15000 10176 1.0937564 5
0.1121 0 0 119.285 34971 15000 10348 1.1122608 9
0.1122 0 0 119.285 34973 15000 10223 1.099542 8
0.1123 0 0 119.283 34974 15000 10313 1.1096284 6
0.1124 0 0 119.283 34976 15000 10065 1.0836664 3
0.1125 0 0 119.277 34977 15000 10307 1.1058708 6
0.1126 0 0 119.281 34978 15000 10189 1.0945856 8
0.1127 0 0 119.276 34980 15000 10275 1.1037784 8
0.1128 0 0 119.281 34981 15000 10213 1.1003696 11
0.1129 0 0 119.28 34983 15000 10209 1.0990328 10
0.113 0 0 119.285 34984 15000 10183 1.0965004 11
0.1131 0 0 119.287 34986 15000 10280 1.1100596 7
0.1132 0 0 119.288 34987 15000 10247 1.0998744 7
0.1133 0 0 119.291 34988 15000 10356 1.1101792 5
0.1134 0 0 119.288 34990 15000 10355 1.1144196 9
0.1135 0 0 119.291 34991 15000 10151 1.089584 8
0.1136 0 0 119.286 34993 15000 10240 1.1016272 7
0.1137 0 0 119.291 34994 15000 10256 1.104242 8
0.1138 0 0 119.287 34996 15000 10192 1.0991144 12
0.1139 0 0 119.295 34997 15000 10127 1.0865992 8
0.114 0 0 119.295 34999 15000 10297 1.1075268 9
0.1141 0 0 119.298 35000 15000 10265 1.102976 6
0.1142 0 0 119.298 35002 15000 10181 1.0963224 6
0.1143 0 0 119.295 35003 15000 10105 1.0916116 6
0.1144 0 0 119.296 35005 15000 10197 1.0933928 9
0.1145 0 0 119.291 35006 15000 10453 1.1243776 7
0.1146 0 0 119.294 35007 15000 10194 1.0967708 7
0.1147 0 0 119.289 35009 15000 10117 1.0902312 6
0.1148 0 0 119.294 35010 15000 10236 1.1045948 14
0.1149 0 0 119.292 35012 15000 10093 1.0829904 4
0.115 0 0 119.298 35013 15000 10183 1.0953668 8
0.1151 0 0 119.299 35015 15000 10296 1.1072932 11
0.1152 0 0 119.303 35016 15000 10345 1.1144372 11
0.1153 0 0 119.305 35018 15000 10178 1.0964108 8
0.1154 0 0 119.305 35019 15000 10241 1.1042384 10
0.1155 0 0 119.307 35020 15000 10280 1.1083248 11
0.1156 0 0 119.303 35022 15000 10313 1.111232 10
0.1157 0 0 119.307 35023 15000 10303 1.1073864 9
0.1158 0 0 119.302 35025 15000 10226 1.1009696 7
0.1159 0 0 119.307 35026 15000 10169 1.0951192 11
0.116 0 0 119.304 35028 15000 10334 1.1132844 16
0.1161 0 0 119.309 35029 15000 10228 1.0995356 14
0.1162 0 0 119.309 35030 15000 10266 1.1077092 10
0.1163 0 0 119.309 35032 15000 10250 1.1040344 10
0.1164 0 0 119.312 35033 15000 10266 1.1070372 9
0.1165 0 0 119.309 35035 15000 10107 1.0889736 13
0.1166 0 0 119.313 35036 15000 10178 1.0969652 15
0.1167 0 0 119.308 35038 15000 10259 1.1009328 11
0.1168 0 0 119.314 35039 15000 10211 1.0997988 13
0.1169 0 0 119.311 35040 15000 10139 1.091666 12
0.117 0 0 119.315 35042 15000 10149 1.0939876 9
0.1171 0 0 119.315 35043 15000 10199 1.1003924 16
0.1172 0 0 119.317 35045 15000 10147 1.0949636 13
0.1173 0 0 119.321 35046 15000 10255 1.1065372 17
0.1174 0 0 119.321 35048 15000 10286 1.1105232 14
0.1175 0 0 119.328 35049 15000 10184 1.099946 20
0.1176 0 0 119.325 35050 15000 10394 1.1182188 16
0.1177 0 0 119.332 35052 15000 10211 1.101126 12
0.1178 0 0 119.331 35053 15000 10435 1.124752 12
0.1179 0 0 119.334 35055 15000 10312 1.1099656 9
0.118 0 0 119.334 35056 15000 10164 1.0939264 17
0.1181 0 0 119.334 35057 15000 10132 1.0904052 10
0.1182 0 0 119.336 35059 15000 10199 1.0969104 15
0.1183 0 0 119.333 35060 15000 10264 1.105856 21
0.1184 0 0 119.337 35062 15000 10307 1.10783 17
0.1185 0 0 119.331 35063 15000 10235 1.1021304 29
0.1186 0 0 119.335 35065 15000 10140 1.0913992 32
0.1187 0 0 119.333 35066 15000 10173 1.0970176 54
0.1188 0 0 119.336 35067 15000 10269 1.108058 62
0.1189 0 0 119.337 35069 15000 10065 1.0874908 82
0.119 0 0 119.337 35070 15000 10190 1.0927172 117
0.1191 0 0 119.339 35072 15000 10277 1.107506 132
0.1192 0 0 119.336 35073 15000 10347 1.1143604 150
0.1193 0 0 119.34 35075 15000 10307 1.1102404 148
0.1194 0 0 119.335 35076 15000 10261 1.106656 145
0.1195 0 0 119.337 35077 15000 10234 1.1018504 190
0.1196 0 0 119.332 35079 15000 10425 1.1217268 232
0.1197 0 0 119.331 35080 15000 10159 1.0931072 257
0.1198 0 0 119.328 35082 15000 10197 1.099022 296
0.1199 0 0 119.325 35083 15000 10384 1.1181404 428
0.12 0 0 119.326 35085 15000 10341 1.1145508 603
0.1201 0 0 119.323 35086 15000 10208 1.0992552 820
0.1202 0 0 119.328 35087 15000 10286 1.104006 1117
0.1203 0 0 119.324 35089 15000 10306 1.1050132 1383
0.1204 0 0 119.329 35090 15000 10241 1.096986 1565
0.1205 0 0 119.325 35092 15000 10413 1.1203248 1843
0.1206 0 0 119.324 35093 15000 10291 1.1031812 1990
0.1207 0 0 119.321 35094 15000 10344 1.1104516 2301
0.1208 0 0 119.316 35096 15000 10144 1.0824208 2580
0.1209 0 0 119.316 35097 15000 10225 1.0951348 3008
0.121 0 0 119.309 35099 15000 10164 1.0810692 3501
0.1211 0 0 119.311 35100 15000 10366 1.1045968 4167
0.1212 0 0 119.306 35101 15000 10411 1.1100864 4266
0.1213 0 0 119.31 35103 15000 10386 1.1145524 3268
0.1214 0 0 119.309 35104 15000 10424 1.1167872 2071
0.1215 0 0 119.311 35106 15000 10308 1.1094932 1094
0.1216 0 0 119.313 35107 15000 10158 1.0951476 663
0.1217 0 0 119.312 35109 15000 10211 1.10315 435
0.1218 0 0 119.316 35110 15000 10290 1.1083412 318
0.1219 0 0 119.313 35112 15000 10220 1.1001492 323
0.122 0 0 119.318 35113 15000 10229 1.1034424 280
0.1221 0 0 119.314 35114 15000 10236 1.102178 196
0.1222 0 0 119.317 35116 15000 10208 1.1008548 208
0.1223 0 0 119.315 35117 15000 10184 1.097178 167
0.1224 0 0 119.317 35118 15000 10226 1.1047652 159
0.1225 0 0 119.32 35120 15000 10235 1.1056536 152
0.1226 0 0 119.321 35121 15000 10095 1.0891152 118
0.1227 0 0 119.328 35123 15000 10189 1.0959952 92
0.1228 0 0 119.327 35124 15000 10271 1.1089904 113
0.1229 0 0 119.333 35125 15000 10164 1.0965844 103
0.123 0 0 119.33 35127 15000 10240 1.1022976 77
0.1231 0 0 119.333 35128 15000 10202 1.1004076 77
0.1232 0 0 119.331 35130 15000 10151 1.0947492 64
0.1233 0 0 119.329 35131 15000 10263 1.1080868 66
0.1234 0 0 119.328 35133 15000 10388 1.1237244 54
0.1235 0 0 119.324 35134 15000 10086 1.0888696 67
0.1236 0 0 119.327 35135 15000 10349 1.116694 49
0.1237 0 0 119.323 35137 15000 10152 1.0994424 51
0.1238 0 0 119.327 35138 15000 10046 1.0832692 46
0.1239 0 0 119.323 35140 15000 10126 1.0917068 61
0.124 0 0 119.327 35141 15000 10190 1.1009224 40
0.1241 0 0 119.323 35143 15000 10277 1.1093496 53
0.1242 0 0 119.325 35144 15000 10124 1.0941792 40
0.1243 0 0 119.324 35146 15000 10147 1.0938008 32
0.1244 0 0 119.322 35147 15000 10196 1.0984072 34
0.1245 0 0 119.324 35149 15000 10181 1.0954144 34
0.1246 0 0 119.322 35150 15000 10148 1.094362 33
0.1247 0 0 119.327 35151 15000 10277 1.109514 40
0.1248 0 0 119.324 35153 15000 10099 1.0915412 31
0.1249 0 0 119.331 35154 15000 10249 1.1060828 33
0.125 0 0 119.33 35156 15000 10191 1.096362 31
0.1251 0 0 119.335 35157 15000 10073 1.0894452 34
0.1252 0 0 119.336 35159 15000 10216 1.1015928 28
0.1253 0 0 119.337 35160 15000 10290 1.1106208 32
0.1254 0 0 119.338 35161 15000 10204 1.1015008 28
0.1255 0 0 119.334 35163 15000 10164 1.0968316 27
0.1256 0 0 119.336 35164 15000 10316 1.1164176 22
0.1257 0 0 119.329 35166 15000 10261 1.103862 38
0.1258 0 0 119.331 35167 15000 10248 1.1069628 41
0.1259 0 0 119.323 35169 15000 10252 1.1044032 26
0.126 0 0 119.326 35170 15000 10217 1.1042536 29
0.1261 0 0 119.321 35172 15000 10215 1.1014748 20
0.1262 0 0 119.324 35173 15000 10301 1.1085016 21
0.1263 0 0 119.325 35175 15000 10212 1.1020852 26
0.1264 0 0 119.326 35176 15000 10186 1.101246 18
0.1265 0 0 119.327 35178 15000 10372 1.1146892 28
0.1266 0 0 119.325 35179 15000 10134 1.0972932 20
0.1267 0 0 119.322 35180 15000 10056 1.085928 18
0.1268 0 0 119.313 35182 15000 10299 1.1089464 24
0.1269 0 0 119.312 35183 15000 10376 1.1209388 22
0.127 0 0 119.303 35185 15000 10182 1.1027756 27
0.1271 0 0 119.304 35186 15000 10101 1.089578 19
0.1272 0 0 119.299 35188 15000 10099 1.0881868 21
0.1273 0 0 119.302 35189 15000 10323 1.1123068 17
0.1274 0 0 119.305 35190 15000 10057 1.0857752 12
0.1275 0 0 119.307 35192 15000 10369 1.1188708 27
0.1276 0 0 119.312 35193 15000 10304 1.1129868 19
0.1277 0 0 119.311 35195 15000 10419 1.1280376 23
0.1278 0 0 119.316 35196 15000 10150 1.097582 27
0.1279 0 0 119.312 35198 15000 10106 1.0935564 28
0.128 0 0 119.316 35199 15000 10205 1.1005928 16
0.1281 0 0 119.31 35201 15000 10288 1.1081452 19
0.1282 0 0 119.312 35202 15000 10277 1.1084232 26
0.1283 0 0 119.308 35203 15000 10168 1.096842 21
0.1284 0 0 119.308 35205 15000 10308 1.1093412 18
0.1285 0 0 119.309 35206 15000 10324 1.1170788 18
0.1286 0 0 119.307 35208 15000 10112 1.0907676 24
0.1287 0 0 119.312 35209 15000 10196 1.1007676 14
0.1288 0 0 119.31 35211 15000 10209 1.1048268 18
0.1289 0 0 119.315 35212 15000 10361 1.1167624 18
0.129 0 0 119.312 35213 15000 10262 1.108374 15
0.1291 0 0 119.316 35215 15000 10440 1.1269404 29
0.1292 0 0 119.316 35216 15000 10053 1.0833348 18
0.1293 0 0 119.318 35218 15000 10264 1.1084952 12
0.1294 0 0 119.321 35219 15000 10311 1.1156864 18
0.1295 0 0 119.32 35220 15000 10083 1.09362 16
0.1296 0 0 119.325 35222 15000 10145 1.0958464 18
0.1297 0 0 119.322 35223 15000 10253 1.1059472 15
0.1298 0 0 119.326 35225 15000 10203 1.1030764 23
0.1299 0 0 119.321 35226 15000 10236 1.1049208 14
0.13 0 0 119.325 35228 15000 10203 1.1055012 16
