0.11 0 0 111.271 38620 15000 10022 1.1289332 5
0.1101 0 0 111.263 38622 15000 9932 1.1193068 6
0.1102 0 0 111.261 38623 15000 10029 1.1315428 14
0.1103 0 0 111.25 38625 15000 9966 1.12342 7
0.1104 0 0 111.25 38626 15000 9989 1.1227016 9
0.1105 0 0 111.243 38628 15000 10153 1.143004 6
0.1106 0 0 111.246 38630 15000 9947 1.1228 3
0.1107 0 0 111.247 38631 15000 10072 1.1353952 7
0.1108 0 0 111.259 38633 15000 9828 1.1082232 5
0.1109 0 0 111.267 38634 15000 9897 1.1154524 4
0.111 0 0 111.278 38636 15000 10066 1.135204 5
0.1111 0 0 111.285 38637 15000 10006 1.1268604 8
0.1112 0 0 111.288 38639 15000 10004 1.130698 5
0.1113 0 0 111.288 38640 15000 9948 1.1242008 11
0.1114 0 0 111.282 38641 15000 10067 1.1364456 6
0.1115 0 0 111.278 38643 15000 10055 1.133248 6
0.1116 0 0 111.266 38644 15000 9980 1.1287744 5
0.1117 0 0 111.261 38646 15000 9934 1.1176976 11
0.1118 0 0 111.249 38647 15000 9955 1.1227316 5
0.1119 0 0 111.25 38649 15000 9961 1.1212756 4
0.112 0 0 111.246 38650 15000 9939 1.1179088 5
0.1121 0 0 111.251 38652 15000 9941 1.1208932 8
0.1122 0 0 111.255 38653 15000 10081 1.1341308 9
0.1123 0 0 111.262 38655 15000 9914 1.11933 6
0.1124 0 0 111.27 38656 15000 9894 1.114502 11
0.1125 0 0 111.275 38657 15000 10017 1.1284772 8
0.1126 0 0 111.284 38659 15000 9968 1.1210984 10
0.1127 0 0 111.285 38661 15000 9981 1.128244 8
0.1128 0 0 111.29 38662 15000 10056 1.1344772 4
0.1129 0 0 111.285 38663 15000 10026 1.1313948 4
0.113 0 0 111.285 38665 15000 10048 1.1359672 6
0.1131 0 0 111.278 38666 15000 9805 1.105228 4
0.1132 0 0 111.275 38668 15000 9910 1.1177648 4
0.1133 0 0 111.271 38669 15000 9883 1.1134924 9
0.1134 0 0 111.269 38671 15000 10077 1.1340824 13
0.1135 0 0 111.272 38672 15000 9969 1.129434 9
0.1136 0 0 111.273 38674 15000 9987 1.1210572 4
0.1137 0 0 111.281 38675 15000 10043 1.1322228 8
0.1138 0 0 111.281 38676 15000 9965 1.127246 5
0.1139 0 0 111.289 38678 15000 10200 1.152504 8
0.114 0 0 111.288 38679 15000 9833 1.1121988 14
0.1141 0 0 111.293 38681 15000 9923 1.1215468 6
0.1142 0 0 111.295 38682 15000 10087 1.137946 13
0.1143 0 0 111.299 38684 15000 10048 1.134978 15
0.1144 0 0 111.301 38685 15000 9869 1.1165836 10
0.1145 0 0 111.303 38687 15000 9940 1.1210816 7
0.1146 0 0 111.309 38688 15000 9968 1.1268628 11
0.1147 0 0 111.308 38689 15000 10096 1.1381184 11
0.1148 0 0 111.313 38691 15000 9835 1.1123292 8
0.1149 0 0 111.311 38692 15000 10028 1.13366 10
0.115 0 0 111.317 38694 15000 10089 1.1346104 7
0.1151 0 0 111.313 38695 15000 10099 1.13946 9
0.1152 0 0 111.318 38697 15000 10090 1.1392404 7
0.1153 0 0 111.314 38698 15000 9947 1.1215028 7
0.1154 0 0 111.319 38700 15000 10088 1.136746 13
0.1155 0 0 111.318 38701 15000 9917 1.1223736 17
0.1156 0 0 111.323 38703 15000 10097 1.135996 10
0.1157 0 0 111.325 38704 15000 9995 1.1273532 8
0.1158 0 0 111.328 38706 15000 10041 1.1324676 9
0.1159 0 0 111.332 38707 15000 9943 1.1188616 11
0.116 0 0 111.333 38709 15000 10024 1.1312404 15
0.1161 0 0 111.336 38710 15000 10002 1.1246992 12
0.1162 0 0 111.331 38712 15000 9926 1.119876 17
0.1163 0 0 111.332 38713 15000 10043 1.1345244 14
0.1164 0 0 111.324 38715 15000 10084 1.1372652 15
0.1165 0 0 111.326 38716 15000 9913 1.1211904 14
0.1166 0 0 111.321 38718 15000 10029 1.1341704 20
0.1167 0 0 111.325 38719 15000 10032 1.1320124 16
0.1168 0 0 111.323 38721 15000 10003 1.1286868 18
0.1169 0 0 111.329 38722 15000 10153 1.1490652 16
0.117 0 0 111.329 38724 15000 9990 1.1263444 37
0.1171 0 0 111.332 38725 15000 10029 1.1316828 41
0.1172 0 0 111.333 38727 15000 10054 1.1381112 39
0.1173 0 0 111.333 38728 15000 9978 1.1267908 62
0.1174 0 0 111.336 38730 15000 10115 1.1388724 76
0.1175 0 0 111.336 38731 15000 10007 1.1308364 85
0.1176 0 0 111.337 38733 15000 10017 1.127726 132
0.1177 0 0 111.337 38735 15000 9923 1.1224952 180
0.1178 0 0 111.339 38736 15000 10057 1.133928 215
0.1179 0 0 111.337 38738 15000 9904 1.1134516 201
0.118 0 0 111.339 38739 15000 10090 1.1383584 251
0.1181 0 0 111.334 38741 15000 9898 1.117704 283
0.1182 0 0 111.338 38742 15000 9970 1.1216096 383
0.1183 0 0 111.335 38744 15000 10020 1.1320696 551
0.1184 0 0 111.338 38745 15000 9939 1.1190416 805
0.1185 0 0 111.334 38747 15000 10023 1.126576 1171
0.1186 0 0 111.338 38748 15000 10207 1.1432964 1546
0.1187 0 0 111.335 38749 15000 9933 1.1178772 1828
0.1188 0 0 111.339 38751 15000 9982 1.122352 2068
0.1189 0 0 111.339 38752 15000 10006 1.1265372 2311
0.119 0 0 111.343 38754 15000 10073 1.1312988 2541
0.1191 0 0 111.345 38756 15000 9950 1.1177812 2714
0.1192 0 0 111.349 38757 15000 10079 1.131226 3156
0.1193 0 0 111.351 38759 15000 10145 1.136614 3383
0.1194 0 0 111.35 38760 15000 10168 1.1332744 4058
0.1195 0 0 111.351 38762 15000 10118 1.1270872 4667
0.1196 0 0 111.345 38763 15000 9988 1.1166008 4856
0.1197 0 0 111.349 38764 15000 10034 1.1206932 3995
0.1198 0 0 111.345 38766 15000 10004 1.1245632 2701
0.1199 0 0 111.348 38767 15000 9989 1.1280852 1410
0.12 0 0 111.345 38769 15000 10028 1.1306884 873
0.1201 0 0 111.349 38770 15000 10049 1.1302556 594
0.1202 0 0 111.349 38772 15000 9928 1.1204 417
0.1203 0 0 111.349 38773 15000 10145 1.1453268 362
0.1204 0 0 111.349 38775 15000 9936 1.1200148 303
0.1205 0 0 111.345 38776 15000 10049 1.1320136 266
0.1206 0 0 111.346 38777 15000 9994 1.1286932 234
0.1207 0 0 111.341 38779 15000 9992 1.1284624 204
0.1208 0 0 111.343 38780 15000 10027 1.132014 168
0.1209 0 0 111.339 38782 15000 10021 1.1321836 158
0.121 0 0 111.342 38783 15000 9903 1.1207272 146
0.1211 0 0 111.339 38785 15000 10040 1.1316752 142
0.1212 0 0 111.342 38786 15000 9963 1.1244248 119
0.1213 0 0 111.342 38788 15000 10025 1.1310344 95
0.1214 0 0 111.343 38789 15000 9977 1.1268336 87
0.1215 0 0 111.343 38791 15000 9983 1.1280264 76
0.1216 0 0 111.341 38792 15000 9997 1.1330208 89
0.1217 0 0 111.343 38794 15000 9912 1.1196492 63
0.1218 0 0 111.339 38795 15000 9944 1.122638 75
0.1219 0 0 111.343 38796 15000 9753 1.1028444 51
0.122 0 0 111.339 38798 15000 9954 1.1229932 64
0.1221 0 0 111.344 38799 15000 10068 1.137792 50
0.1222 0 0 111.341 38801 15000 9917 1.11977 51
0.1223 0 0 111.344 38802 15000 9979 1.1272332 62
0.1224 0 0 111.339 38804 15000 10033 1.1362184 33
0.1225 0 0 111.341 38805 15000 9916 1.1206976 43
0.1226 0 0 111.339 38807 15000 9988 1.1284668 39
0.1227 0 0 111.339 38808 15000 9971 1.1268004 31
0.1228 0 0 111.341 38810 15000 9908 1.121192 40
0.1229 0 0 111.339 38811 15000 9920 1.118914 22
0.123 0 0 111.345 38813 15000 9857 1.1149276 25
0.1231 0 0 111.344 38814 15000 9907 1.1229252 29
0.1232 0 0 111.349 38816 15000 10093 1.142786 21
0.1233 0 0 111.345 38817 15000 9939 1.1233452 21
0.1234 0 0 111.351 38818 15000 9912 1.1225716 19
0.1235 0 0 111.349 38820 15000 9986 1.127778 26
0.1236 0 0 111.352 38822 15000 10000 1.1278472 25
0.1237 0 0 111.35 38823 15000 9812 1.1108596 26
0.1238 0 0 111.352 38824 15000 9912 1.1209544 17
0.1239 0 0 111.351 38826 15000 9998 1.1301648 20
0.124 0 0 111.351 38828 15000 10012 1.133228 21
0.1241 0 0 111.352 38829 15000 9895 1.120368 16
0.1242 0 0 111.351 38831 15000 9977 1.1301628 28
0.1243 0 0 111.35 38832 15000 9937 1.1199544 20
0.1244 0 0 111.345 38834 15000 9935 1.1239396 20
0.1245 0 0 111.346 38835 15000 9947 1.1245828 14
0.1246 0 0 111.341 38836 15000 10068 1.1393632 20
0.1247 0 0 111.342 38838 15000 10127 1.1441296 17
0.1248 0 0 111.336 38839 15000 9978 1.1259256 20
0.1249 0 0 111.339 38841 15000 9920 1.1211764 10
0.125 0 0 111.335 38842 15000 9875 1.1148108 16
0.1251 0 0 111.339 38844 15000 9977 1.1257572 14
0.1252 0 0 111.34 38845 15000 9920 1.1236592 21
0.1253 0 0 111.342 38847 15000 9988 1.126892 18
0.1254 0 0 111.343 38848 15000 9985 1.1269012 12
0.1255 0 0 111.342 38850 15000 9903 1.122512 13
0.1256 0 0 111.345 38851 15000 9924 1.1217864 13
0.1257 0 0 111.342 38853 15000 9958 1.1271632 16
0.1258 0 0 111.343 38854 15000 10042 1.1331932 12
0.1259 0 0 111.339 38856 15000 10052 1.1370524 16
0.126 0 0 111.34 38857 15000 9962 1.1278352 18
0.1261 0 0 111.334 38859 15000 10031 1.1337548 9
0.1262 0 0 111.336 38860 15000 9910 1.1220364 14
0.1263 0 0 111.329 38862 15000 10012 1.1313576 15
0.1264 0 0 111.334 38863 15000 9918 1.121112 18
0.1265 0 0 111.334 38865 15000 10012 1.1317748 23
0.1266 0 0 111.339 38866 15000 9930 1.1221064 16
0.1267 0 0 111.341 38868 15000 9928 1.1230452 19
0.1268 0 0 111.345 38869 15000 9940 1.1202152 18
0.1269 0 0 111.344 38871 15000 10004 1.1308332 16
0.127 0 0 111.342 38872 15000 10140 1.1444512 13
0.1271 0 0 111.34 38874 15000 10078 1.1394528 14
0.1272 0 0 111.333 38875 15000 9959 1.1289504 15
0.1273 0 0 111.333 38877 15000 9931 1.1218856 19
0.1274 0 0 111.325 38878 15000 9978 1.1285628 16
0.1275 0 0 111.326 38880 15000 10012 1.1311648 10
0.1276 0 0 111.32 38881 15000 9981 1.1309428 17
0.1277 0 0 111.324 38882 15000 9936 1.1276432 11
0.1278 0 0 111.322 38884 15000 9857 1.1172384 11
0.1279 0 0 111.326 38885 15000 9913 1.1236828 21
0.128 0 0 111.329 38887 15000 9942 1.126798 12
0.1281 0 0 111.336 38888 15000 10004 1.133718 15
0.1282 0 0 111.339 38890 15000 9991 1.1315676 10
0.1283 0 0 111.342 38891 15000 9880 1.1224816 18
0.1284 0 0 111.345 38893 15000 10075 1.139788 16
0.1285 0 0 111.344 38894 15000 10021 1.1314784 17
0.1286 0 0 111.346 38896 15000 9958 1.1270708 16
0.1287 0 0 111.342 38897 15000 9988 1.1275252 13
0.1288 0 0 111.342 38899 15000 9957 1.1272768 9
0.1289 0 0 111.336 38900 15000 9979 1.130292 13
0.129 0 0 111.337 38902 15000 9918 1.1241356 11
0.1291 0 0 111.333 38903 15000 9877 1.1201188 13
0.1292 0 0 111.334 38904 15000 9952 1.1250364 8
0.1293 0 0 111.335 38906 15000 9895 1.1210212 12
0.1294 0 0 111.334 38907 15000 9981 1.1293808 9
0.1295 0 0 111.338 38909 15000 9815 1.114996 8
0.1296 0 0 111.336 38910 15000 10062 1.1405236 8
0.1297 0 0 111.342 38912 15000 10125 1.1448824 17
0.1298 0 0 111.339 38913 15000 9956 1.12706 11
0.1299 0 0 111.342 38915 15000 10042 1.13812 11
0.13 0 0 111.338 38916 15000 10010 1.1346356 5
