0.105 0 0 84.3936 51363 15000 9424 1.2448476 4
0.1051 0 0 84.3939 51365 15000 9152 1.2132448 2
0.1052 0 0 84.3993 51366 15000 9246 1.2236384 4
0.1053 0 0 84.4024 51368 15000 9339 1.2332952 6
0.1054 0 0 84.4082 51369 15000 9334 1.2345504 5
0.1055 0 0 84.413 51371 15000 9155 1.21125 4
0.1056 0 0 84.4182 51373 15000 9229 1.2224852 5
0.1057 0 0 84.4213 51374 15000 9173 1.2168632 2
0.1058 0 0 84.4231 51376 15000 9287 1.2253564 1
0.1059 0 0 84.4231 51377 15000 9268 1.2249508 8
0.106 0 0 84.421 51379 15000 9317 1.235498 6
0.1061 0 0 84.4176 51380 15000 9286 1.223398 4
0.1062 0 0 84.4142 51382 15000 9312 1.2336488 9
0.1063 0 0 84.413 51383 15000 9119 1.2086624 4
0.1064 0 0 84.411 51385 15000 9378 1.2424244 2
0.1065 0 0 84.4156 51386 15000 9099 1.203952 11
0.1066 0 0 84.4179 51388 15000 9312 1.2301064 9
0.1067 0 0 84.4236 51390 15000 9153 1.2121024 8
0.1068 0 0 84.4256 51391 15000 9080 1.2045928 5
0.1069 0 0 84.4296 51393 15000 9328 1.2375548 5
0.107 0 0 84.4285 51394 15000 9237 1.223032 7
0.1071 0 0 84.4299 51396 15000 9231 1.2199288 7
0.1072 0 0 84.4262 51397 15000 9306 1.2323592 4
0.1073 0 0 84.4279 51399 15000 9133 1.213152 6
0.1074 0 0 84.4251 51400 15000 9418 1.248294 4
0.1075 0 0 84.4285 51402 15000 9283 1.2293508 4
0.1076 0 0 84.4273 51404 15000 9129 1.2089356 5
0.1077 0 0 84.4311 51405 15000 9241 1.2241604 5
0.1078 0 0 84.4302 51407 15000 9095 1.2039048 8
0.1079 0 0 84.4348 51408 15000 9082 1.1996 6
0.108 0 0 84.4351 51410 15000 9160 1.2142016 4
0.1081 0 0 84.4399 51411 15000 9315 1.230194 6
0.1082 0 0 84.4399 51413 15000 9298 1.2324616 2
0.1083 0 0 84.4428 51414 15000 9184 1.2137684 3
0.1084 0 0 84.4422 51416 15000 9282 1.2317444 9
0.1085 0 0 84.4442 51418 15000 9387 1.2431824 7
0.1086 0 0 84.4448 51419 15000 9054 1.1984796 4
0.1087 0 0 84.4474 51421 15000 9266 1.2267156 5
0.1088 0 0 84.448 51422 15000 9325 1.2390496 1
0.1089 0 0 84.4508 51424 15000 9213 1.2202464 6
0.109 0 0 84.4525 51425 15000 9145 1.2112624 5
0.1091 0 0 84.4554 51427 15000 9169 1.2118284 6
0.1092 0 0 84.4597 51428 15000 9151 1.2160536 5
0.1093 0 0 84.4617 51430 15000 9263 1.2258288 2
0.1094 0 0 84.4632 51432 15000 9201 1.2186204 6
0.1095 0 0 84.4629 51433 15000 9269 1.2248692 5
0.1096 0 0 84.4649 51435 15000 9339 1.2343188 4
0.1097 0 0 84.4652 51436 15000 9318 1.2325576 3
0.1098 0 0 84.4675 51438 15000 9249 1.2236704 5
0.1099 0 0 84.4666 51439 15000 9221 1.2231068 6
0.11 0 0 84.4663 51441 15000 9046 1.1997376 7
0.1101 0 0 84.4626 51442 15000 9138 1.2083344 6
0.1102 0 0 84.4609 51444 15000 9391 1.2400612 4
0.1103 0 0 84.4563 51446 15000 9147 1.210044 8
0.1104 0 0 84.4563 51447 15000 9263 1.2259296 4
0.1105 0 0 84.4534 51449 15000 9039 1.1963148 4
0.1106 0 0 84.4563 51450 15000 9240 1.223202 7
0.1107 0 0 84.456 51452 15000 9228 1.2241976 6
0.1108 0 0 84.4637 51454 15000 9385 1.2446568 3
0.1109 0 0 84.4672 51455 15000 9245 1.2220676 5
0.111 0 0 84.4758 51457 15000 9293 1.2294596 4
0.1111 0 0 84.4789 51458 15000 9186 1.2154988 6
0.1112 0 0 84.4832 51460 15000 9249 1.2227952 5
0.1113 0 0 84.4812 51461 15000 9204 1.2208236 6
0.1114 0 0 84.4809 51463 15000 9198 1.2190392 5
0.1115 0 0 84.4743 51464 15000 9246 1.2232072 5
0.1116 0 0 84.4718 51466 15000 9281 1.2247144 5
0.1117 0 0 84.4643 51468 15000 9359 1.2407356 4
0.1118 0 0 84.464 51469 15000 9145 1.2086024 5
0.1119 0 0 84.4597 51471 15000 9242 1.2254936 3
0.112 0 0 84.4643 51472 15000 9198 1.220608 5
0.1121 0 0 84.4663 51474 15000 9111 1.2060112 8
0.1122 0 0 84.4746 51475 15000 9332 1.2357768 7
0.1123 0 0 84.4792 51477 15000 9235 1.2241908 7
0.1124 0 0 84.4844 51478 15000 9253 1.2248408 4
0.1125 0 0 84.4838 51480 15000 9276 1.2290804 6
0.1126 0 0 84.4806 51482 15000 9300 1.2350156 8
0.1127 0 0 84.472 51483 15000 9360 1.2432384 3
0.1128 0 0 84.466 51485 15000 9064 1.201674 6
0.1129 0 0 84.4568 51486 15000 9208 1.2202484 6
0.113 0 0 84.4514 51488 15000 9275 1.2292528 2
0.1131 0 0 84.4491 51489 15000 9333 1.2340676 9
0.1132 0 0 84.4491 51491 15000 9278 1.2284784 6
0.1133 0 0 84.4514 51492 15000 9220 1.2207724 6
0.1134 0 0 84.4531 51494 15000 9330 1.2357968 7
0.1135 0 0 84.4577 51495 15000 9180 1.2137192 6
0.1136 0 0 84.46 51497 15000 9302 1.2307684 8
0.1137 0 0 84.4646 51499 15000 9278 1.2275856 11
0.1138 0 0 84.4657 51500 15000 9211 1.2238052 7
0.1139 0 0 84.4683 51502 15000 9132 1.209778 9
0.114 0 0 84.4669 51503 15000 9188 1.2208608 8
0.1141 0 0 84.4686 51504 15000 9163 1.2138376 8
0.1142 0 0 84.4652 51506 15000 9218 1.2222504 9
0.1143 0 0 84.4697 51508 15000 9321 1.2311644 9
0.1144 0 0 84.47 51509 15000 9164 1.210668 18
0.1145 0 0 84.4763 51511 15000 9202 1.2191264 21
0.1146 0 0 84.4772 51512 15000 9237 1.226022 26
0.1147 0 0 84.4809 51514 15000 9178 1.2178872 27
0.1148 0 0 84.4798 51515 15000 9269 1.2276064 40
0.1149 0 0 84.4806 51517 15000 9117 1.2047408 37
0.115 0 0 84.4778 51518 15000 9214 1.2227732 64
0.1151 0 0 84.4772 51520 15000 9186 1.2190504 67
0.1152 0 0 84.4755 51521 15000 9272 1.2292904 73
0.1153 0 0 84.4752 51523 15000 9158 1.2145132 94
0.1154 0 0 84.4763 51524 15000 9076 1.2017652 101
0.1155 0 0 84.4784 51526 15000 9206 1.218972 161
0.1156 0 0 84.4812 51528 15000 9351 1.2380256 199
0.1157 0 0 84.4824 51529 15000 9143 1.208624 266
0.1158 0 0 84.4847 51531 15000 9224 1.22054 442
0.1159 0 0 84.4838 51532 15000 9059 1.1989 577
0.116 0 0 84.4844 51534 15000 9201 1.2142984 938
0.1161 0 0 84.4815 51535 15000 9147 1.2061012 1224
0.1162 0 0 84.4821 51537 15000 9257 1.2222088 1673
0.1163 0 0 84.4798 51538 15000 9280 1.221274 2141
0.1164 0 0 84.4829 51540 15000 9315 1.224674 2726
0.1165 0 0 84.4821 51541 15000 9333 1.226184 3279
0.1166 0 0 84.4861 51543 15000 9214 1.2112636 3642
0.1167 0 0 84.4852 51545 15000 9389 1.2339936 4065
0.1168 0 0 84.4904 51546 15000 9399 1.2316808 4328
0.1169 0 0 84.4904 51548 15000 9404 1.2304524 4714
0.117 0 0 84.4944 51549 15000 9335 1.217938 5427
0.1171 0 0 84.4921 51551 15000 9242 1.2073484 6381
0.1172 0 0 84.4933 51552 15000 9537 1.2392328 6807
0.1173 0 0 84.4881 51554 15000 9295 1.2183752 4957
0.1174 0 0 84.487 51555 15000 9395 1.2397956 2854
0.1175 0 0 84.4804 51557 15000 9290 1.222258 1445
0.1176 0 0 84.4806 51559 15000 9205 1.2196892 865
0.1177 0 0 84.4775 51560 15000 9180 1.2153952 591
0.1178 0 0 84.4801 51562 15000 9129 1.2078316 421
0.1179 0 0 84.4806 51563 15000 9275 1.2260888 387
0.118 0 0 84.4847 51565 15000 9141 1.215026 322
0.1181 0 0 84.4867 51566 15000 9224 1.2208728 269
0.1182 0 0 84.4901 51568 15000 9265 1.2276676 204
0.1183 0 0 84.4907 51569 15000 9303 1.2349744 173
0.1184 0 0 84.4916 51571 15000 9174 1.2171652 155
0.1185 0 0 84.4895 51573 15000 9115 1.206388 136
0.1186 0 0 84.4881 51574 15000 9248 1.2267064 111
0.1187 0 0 84.4875 51576 15000 9125 1.2065964 119
0.1188 0 0 84.4867 51577 15000 9220 1.2242612 92
0.1189 0 0 84.4867 51579 15000 9328 1.236524 86
0.119 0 0 84.4852 51580 15000 9269 1.2238992 82
0.1191 0 0 84.4858 51582 15000 9124 1.2100468 64
0.1192 0 0 84.4838 51583 15000 9158 1.2185224 59
0.1193 0 0 84.4832 51585 15000 9212 1.2210356 76
0.1194 0 0 84.4798 51586 15000 9094 1.205206 43
0.1195 0 0 84.4812 51588 15000 9164 1.2182768 50
0.1196 0 0 84.4789 51590 15000 9246 1.227716 37
0.1197 0 0 84.4821 51591 15000 9266 1.2259592 27
0.1198 0 0 84.4806 51593 15000 9123 1.2100248 34
0.1199 0 0 84.4847 51594 15000 9292 1.2304864 34
0.12 0 0 84.4832 51596 15000 9321 1.2371996 29
0.1201 0 0 84.4881 51597 15000 9164 1.2153708 22
0.1202 0 0 84.4875 51599 15000 9199 1.221214 25
0.1203 0 0 84.491 51601 15000 9187 1.219348 18
0.1204 0 0 84.4887 51602 15000 9284 1.2299664 16
0.1205 0 0 84.4895 51604 15000 9173 1.2135292 11
0.1206 0 0 84.4847 51605 15000 9306 1.235818 21
0.1207 0 0 84.4852 51607 15000 9218 1.2224896 11
0.1208 0 0 84.4818 51608 15000 9253 1.2297928 13
0.1209 0 0 84.485 51610 15000 9284 1.2299028 9
0.121 0 0 84.4847 51611 15000 9243 1.22254 12
0.1211 0 0 84.4887 51613 15000 9339 1.2351364 10
0.1212 0 0 84.4907 51614 15000 9274 1.2316044 16
0.1213 0 0 84.4938 51616 15000 9280 1.2315796 11
0.1214 0 0 84.4944 51617 15000 9282 1.2310132 10
0.1215 0 0 84.4938 51619 15000 9173 1.2145596 11
0.1216 0 0 84.4898 51621 15000 9123 1.212328 10
0.1217 0 0 84.4872 51622 15000 9363 1.238964 13
0.1218 0 0 84.4841 51624 15000 9273 1.231764 9
0.1219 0 0 84.4838 51625 15000 9315 1.2354652 10
0.122 0 0 84.4852 51627 15000 9014 1.1979284 10
0.1221 0 0 84.4893 51628 15000 9276 1.2323104 17
0.1222 0 0 84.4953 51630 15000 9127 1.2119592 8
0.1223 0 0 84.5013 51632 15000 9157 1.214718 14
0.1224 0 0 84.5073 51633 15000 9253 1.226024 14
0.1225 0 0 84.5114 51635 15000 9192 1.2186456 14
0.1226 0 0 84.5142 51636 15000 9178 1.2200556 10
0.1227 0 0 84.5128 51638 15000 9144 1.2089688 6
0.1228 0 0 84.5108 51639 15000 9081 1.205322 11
0.1229 0 0 84.5039 51641 15000 9336 1.2408408 10
0.123 0 0 84.4999 51642 15000 9180 1.2165448 7
0.1231 0 0 84.4933 51644 15000 9174 1.218034 12
0.1232 0 0 84.4936 51646 15000 9231 1.2262936 10
0.1233 0 0 84.4921 51647 15000 9273 1.2311368 9
0.1234 0 0 84.5007 51649 15000 9313 1.2365988 14
0.1235 0 0 84.505 51650 15000 9225 1.2287656 6
0.1236 0 0 84.5142 51652 15000 9193 1.2178164 10
0.1237 0 0 84.5171 51653 15000 9119 1.2118804 7
0.1238 0 0 84.5211 51655 15000 9161 1.215178 10
0.1239 0 0 84.5183 51656 15000 9266 1.2261368 12
0.124 0 0 84.5165 51658 15000 9128 1.2101996 9
0.1241 0 0 84.5082 51660 15000 9307 1.2381628 7
0.1242 0 0 84.5022 51661 15000 9294 1.2337608 10
0.1243 0 0 84.4913 51663 15000 9199 1.2209136 9
0.1244 0 0 84.4895 51664 15000 9246 1.226272 4
0.1245 0 0 84.4864 51666 15000 9412 1.2451428 8
0.1246 0 0 84.4898 51667 15000 9173 1.2208956 7
0.1247 0 0 84.4904 51669 15000 9235 1.225738 10
0.1248 0 0 84.4921 51671 15000 9306 1.2405608 13
0.1249 0 0 84.4875 51672 15000 9142 1.2131348 10
0.125 0 0 84.4847 51674 15000 9242 1.229856 6
