0.105 0 0 66.4749 56913 15000 8969 1.2694144 2
0.10505 0 0 66.4753 56915 15000 9060 1.2842924 2
0.1051 0 0 66.4764 56916 15000 9015 1.2710132 4
0.10515 0 0 66.4736 56918 15000 9043 1.281442 6
0.1052 0 0 66.4725 56919 15000 9137 1.2895468 4
0.10525 0 0 66.4686 56921 15000 9051 1.2811736 6
0.1053 0 0 66.4708 56923 15000 8893 1.259158 3
0.10535 0 0 66.4713 56924 15000 9057 1.2812356 5
0.1054 0 0 66.479 56926 15000 8927 1.2659952 4
0.10545 0 0 66.4844 56927 15000 9044 1.2777492 3
0.1055 0 0 66.495 56929 15000 9119 1.2897424 3
0.10555 0 0 66.5006 56931 15000 8999 1.2735452 3
0.1056 0 0 66.5054 56932 15000 8956 1.2671272 3
0.10565 0 0 66.5058 56934 15000 9033 1.275056 2
0.1057 0 0 66.5069 56935 15000 8970 1.2676812 3
0.10575 0 0 66.5036 56937 15000 8968 1.2697912 8
0.1058 0 0 66.5024 56938 15000 9034 1.2793788 7
0.10585 0 0 66.4976 56940 15000 8883 1.2559364 6
0.1059 0 0 66.4989 56942 15000 9105 1.2865404 3
0.10595 0 0 66.4985 56943 15000 8953 1.2653408 3
0.106 0 0 66.5039 56945 15000 9063 1.2789988 3
0.10605 0 0 66.5076 56946 15000 8941 1.2696452 6
0.1061 0 0 66.5153 56948 15000 9017 1.2770072 3
0.10615 0 0 66.52 56949 15000 9031 1.2780756 6
0.1062 0 0 66.526 56951 15000 9078 1.2870772 5
0.10625 0 0 66.5285 56953 15000 9010 1.2751724 7
0.1063 0 0 66.5323 56954 15000 9105 1.2858644 2
0.10635 0 0 66.5318 56956 15000 8919 1.2590128 6
0.1064 0 0 66.5332 56957 15000 9031 1.2748412 5
0.10645 0 0 66.5309 56959 15000 9044 1.2762588 7
0.1065 0 0 66.5323 56960 15000 9126 1.2919816 7
0.10655 0 0 66.5313 56962 15000 9030 1.2775748 5
0.1066 0 0 66.5324 56964 15000 8873 1.2531536 3
0.10665 0 0 66.5314 56965 15000 8948 1.2662792 2
0.1067 0 0 66.5313 56967 15000 8970 1.2681568 7
0.10675 0 0 66.5274 56968 15000 9134 1.2918452 5
0.1068 0 0 66.5265 56970 15000 9258 1.3093616 3
0.10685 0 0 66.5242 56972 15000 8970 1.2722924 4
0.1069 0 0 66.5231 56973 15000 8987 1.2726624 6
0.10695 0 0 66.5193 56975 15000 9023 1.274018 7
0.107 0 0 66.5192 56977 15000 9036 1.2796828 4
0.10705 0 0 66.517 56978 15000 8932 1.2679484 7
0.1071 0 0 66.5182 56980 15000 8988 1.2695272 4
0.10715 0 0 66.5175 56981 15000 9195 1.3018652 1
0.1072 0 0 66.5185 56983 15000 9034 1.280114 2
0.10725 0 0 66.5168 56984 15000 9109 1.2900832 8
0.1073 0 0 66.517 56986 15000 9043 1.2781676 5
0.10735 0 0 66.5149 56988 15000 9035 1.2805324 4
0.1074 0 0 66.5164 56990 15000 8966 1.26861 4
0.10745 0 0 66.5153 56991 15000 8983 1.2688496 4
0.1075 0 0 66.5182 56993 15000 8957 1.2627408 6
0.10755 0 0 66.5183 56994 15000 9071 1.2826932 10
0.1076 0 0 66.5196 56996 15000 8939 1.2666144 7
0.10765 0 0 66.5168 56998 15000 9057 1.2816468 4
0.1077 0 0 66.517 56999 15000 9038 1.277938 5
0.10775 0 0 66.5138 57001 15000 9129 1.2918144 5
0.1078 0 0 66.5138 57002 15000 9001 1.272932 3
0.10785 0 0 66.5113 57004 15000 9143 1.2978524 5
0.1079 0 0 66.511 57005 15000 8983 1.2711536 7
0.10795 0 0 66.5086 57007 15000 9066 1.2828908 4
0.108 0 0 66.5104 57009 15000 9149 1.2908536 4
0.10805 0 0 66.5107 57010 15000 9080 1.2792476 2
0.1081 0 0 66.5154 57012 15000 8993 1.2735396 6
0.10815 0 0 66.5188 57013 15000 9217 1.3032072 6
0.1082 0 0 66.5232 57015 15000 8970 1.2706024 2
0.10825 0 0 66.5246 57017 15000 9129 1.287828 4
0.1083 0 0 66.5291 57018 15000 9060 1.2831088 10
0.10835 0 0 66.5307 57020 15000 8967 1.26607 6
0.1084 0 0 66.5339 57021 15000 8990 1.2699072 8
0.10845 0 0 66.5336 57023 15000 9084 1.2885032 6
0.1085 0 0 66.5377 57025 15000 9161 1.2994096 6
0.10855 0 0 66.5391 57026 15000 8959 1.2683704 2
0.1086 0 0 66.5434 57028 15000 8951 1.2692068 3
0.10865 0 0 66.5444 57029 15000 8925 1.2651752 7
0.1087 0 0 66.547 57031 15000 9026 1.2758484 8
0.10875 0 0 66.5459 57033 15000 9071 1.2844352 3
0.1088 0 0 66.5476 57034 15000 8981 1.2716804 3
0.10885 0 0 66.546 57036 15000 9028 1.2803404 5
0.1089 0 0 66.5502 57037 15000 9029 1.275172 5
0.10895 0 0 66.5523 57039 15000 8912 1.262478 4
0.109 0 0 66.5591 57041 15000 9011 1.2739868 3
0.10905 0 0 66.5633 57042 15000 8935 1.263666 9
0.1091 0 0 66.5705 57044 15000 9079 1.2828832 2
0.10915 0 0 66.574 57045 15000 9061 1.283186 5
0.1092 0 0 66.5763 57047 15000 9048 1.2810896 3
0.10925 0 0 66.5733 57048 15000 8975 1.2715328 3
0.1093 0 0 66.5714 57050 15000 9228 1.3039424 9
0.10935 0 0 66.5665 57052 15000 9137 1.2912308 3
0.1094 0 0 66.5661 57053 15000 9055 1.2838748 6
0.10945 0 0 66.5654 57055 15000 9130 1.2919176 8
0.1095 0 0 66.5698 57056 15000 9126 1.2916432 5
0.10955 0 0 66.575 57058 15000 9009 1.2739232 5
0.1096 0 0 66.5831 57060 15000 8989 1.2702376 8
0.10965 0 0 66.5906 57061 15000 9013 1.2763196 4
0.1097 0 0 66.5961 57063 15000 9070 1.2796684 1
0.10975 0 0 66.5973 57064 15000 8862 1.2567172 6
0.1098 0 0 66.5969 57066 15000 9162 1.2974272 4
0.10985 0 0 66.5948 57067 15000 8990 1.27499 3
0.1099 0 0 66.5915 57069 15000 9029 1.2798596 3
0.10995 0 0 66.5882 57071 15000 9148 1.292516 7
0.11 0 0 66.5864 57072 15000 9006 1.276366 6
0.11005 0 0 66.5862 57074 15000 8952 1.2706848 4
0.1101 0 0 66.5871 57075 15000 9076 1.2877224 4
0.11015 0 0 66.588 57077 15000 9079 1.2893852 7
0.1102 0 0 66.5878 57078 15000 8982 1.2733324 10
0.11025 0 0 66.5849 57080 15000 9088 1.2897128 5
0.1103 0 0 66.5816 57082 15000 9067 1.2851432 7
0.11035 0 0 66.5771 57083 15000 9040 1.2789924 8
0.1104 0 0 66.5739 57085 15000 9035 1.2786152 7
0.11045 0 0 66.5725 57086 15000 9135 1.291128 4
0.1105 0 0 66.5714 57088 15000 8835 1.2564432 6
0.11055 0 0 66.5703 57090 15000 8910 1.265216 6
0.1106 0 0 66.5687 57091 15000 9021 1.2783464 5
0.11065 0 0 66.5651 57093 15000 9057 1.2833632 3
0.1107 0 0 66.5632 57095 15000 8951 1.27366 8
0.11075 0 0 66.5618 57096 15000 9023 1.2757576 6
0.1108 0 0 66.5625 57098 15000 8832 1.2513312 9
0.11085 0 0 66.5629 57099 15000 9123 1.2918316 2
0.1109 0 0 66.5643 57101 15000 8985 1.2743272 6
0.11095 0 0 66.5666 57102 15000 9099 1.294206 4
0.111 0 0 66.5672 57104 15000 9083 1.2867772 5
0.11105 0 0 66.5669 57106 15000 9072 1.290086 6
0.1111 0 0 66.5648 57107 15000 8970 1.2703536 6
0.11115 0 0 66.5622 57109 15000 9060 1.2827224 4
0.1112 0 0 66.5609 57110 15000 9028 1.27853 7
0.11125 0 0 66.5622 57112 15000 9091 1.2887024 1
0.1113 0 0 66.5636 57113 15000 9026 1.281632 3
0.11135 0 0 66.5654 57115 15000 8881 1.2629052 4
0.1114 0 0 66.5659 57117 15000 9078 1.286918 3
0.11145 0 0 66.5664 57118 15000 8964 1.2669572 2
0.1115 0 0 66.565 57120 15000 9074 1.2850496 5
0.11155 0 0 66.5639 57122 15000 8911 1.2622604 4
0.1116 0 0 66.5618 57123 15000 9073 1.2838544 10
0.11165 0 0 66.5612 57125 15000 8963 1.2706576 4
0.1117 0 0 66.5602 57126 15000 9061 1.2859848 12
0.11175 0 0 66.5601 57128 15000 9082 1.285214 4
0.1118 0 0 66.559 57130 15000 8952 1.2682828 7
0.11185 0 0 66.5588 57131 15000 9011 1.2737356 8
0.1119 0 0 66.5576 57133 15000 8970 1.267406 4
0.11195 0 0 66.5576 57134 15000 9052 1.2819952 6
0.112 0 0 66.5566 57136 15000 8961 1.2727272 6
0.11205 0 0 66.558 57137 15000 8881 1.2573528 6
0.1121 0 0 66.5569 57139 15000 9066 1.2827968 4
0.11215 0 0 66.5561 57141 15000 9098 1.2876784 7
0.1122 0 0 66.5529 57142 15000 9001 1.274356 3
0.11225 0 0 66.5516 57144 15000 9106 1.291816 4
0.1123 0 0 66.5487 57145 15000 8774 1.2505272 3
0.11235 0 0 66.5502 57147 15000 9051 1.27868 10
0.1124 0 0 66.5494 57148 15000 9072 1.2888516 7
0.11245 0 0 66.5527 57150 15000 9031 1.2761192 10
0.1125 0 0 66.5529 57151 15000 9110 1.2927856 9
0.11255 0 0 66.5562 57153 15000 8878 1.2574848 9
0.1126 0 0 66.5558 57155 15000 8934 1.263274 10
0.11265 0 0 66.5586 57156 15000 9110 1.2900168 5
0.1127 0 0 66.5576 57158 15000 9033 1.281414 4
0.11275 0 0 66.5588 57159 15000 9043 1.2847996 9
0.1128 0 0 66.5558 57161 15000 8990 1.277052 4
0.11285 0 0 66.554 57163 15000 8980 1.2769808 6
0.1129 0 0 66.5484 57164 15000 9076 1.290058 10
0.11295 0 0 66.5473 57166 15000 8969 1.2716308 5
0.113 0 0 66.5435 57167 15000 9090 1.2891108 7
0.11305 0 0 66.5464 57169 15000 9159 1.2984916 4
0.1131 0 0 66.5471 57171 15000 9010 1.275946 11
0.11315 0 0 66.5542 57172 15000 8937 1.2683404 6
0.1132 0 0 66.5586 57174 15000 8823 1.2520488 5
0.11325 0 0 66.5644 57175 15000 9017 1.2795824 4
0.1133 0 0 66.5669 57177 15000 8976 1.2745924 8
0.11335 0 0 66.5719 57178 15000 8978 1.2742788 4
0.1134 0 0 66.5733 57180 15000 8991 1.28127 14
0.11345 0 0 66.5781 57182 15000 8988 1.2759824 8
0.1135 0 0 66.5796 57183 15000 8965 1.2691776 8
0.11355 0 0 66.5825 57185 15000 9019 1.2781408 9
0.1136 0 0 66.5817 57187 15000 9074 1.2858504 14
0.11365 0 0 66.5824 57188 15000 9068 1.285696 10
0.1137 0 0 66.5799 57190 15000 8938 1.2702696 19
0.11375 0 0 66.5811 57191 15000 8979 1.2739792 22
0.1138 0 0 66.5795 57193 15000 8985 1.2766208 18
0.11385 0 0 66.5809 57195 15000 8945 1.2686972 18
0.1139 0 0 66.5789 57196 15000 9009 1.2791968 21
0.11395 0 0 66.58 57198 15000 8987 1.2751872 27
0.114 0 0 66.5778 57199 15000 8967 1.273504 34
0.11405 0 0 66.5788 57201 15000 8967 1.2701964 26
0.1141 0 0 66.5761 57203 15000 9051 1.2807048 30
0.11415 0 0 66.5747 57204 15000 8988 1.276536 36
0.1142 0 0 66.5694 57206 15000 9016 1.279292 30
0.11425 0 0 66.5664 57207 15000 9044 1.2781976 58
0.1143 0 0 66.5601 57209 15000 8989 1.2767704 53
0.11435 0 0 66.5601 57210 15000 8990 1.2760128 55
0.1144 0 0 66.5584 57212 15000 9037 1.2809328 59
0.11445 0 0 66.5646 57214 15000 9039 1.286286 63
0.1145 0 0 66.5686 57215 15000 9129 1.2912252 75
0.11455 0 0 66.5785 57217 15000 9010 1.2834648 86
0.1146 0 0 66.5839 57219 15000 9098 1.2953672 106
0.11465 0 0 66.5888 57220 15000 8982 1.27707 99
0.1147 0 0 66.5887 57222 15000 9103 1.289972 103
0.11475 0 0 66.5882 57223 15000 9138 1.2979292 147
0.1148 0 0 66.5831 57225 15000 9090 1.2886024 146
0.11485 0 0 66.581 57226 15000 8976 1.2724076 178
0.1149 0 0 66.576 57228 15000 9040 1.2831156 203
0.11495 0 0 66.5783 57230 15000 8998 1.2801336 240
0.115 0 0 66.5799 57231 15000 9019 1.2807024 291
0.11505 0 0 66.5863 57233 15000 9058 1.2843444 335
0.1151 0 0 66.5908 57235 15000 9097 1.2899068 353
0.11515 0 0 66.5981 57236 15000 9060 1.2807528 404
0.1152 0 0 66.6019 57238 15000 9049 1.2840404 555
0.11525 0 0 66.6057 57240 15000 9061 1.2845028 717
0.1153 0 0 66.6048 57241 15000 8893 1.261102 862
0.11535 0 0 66.6043 57243 15000 8937 1.2708436 1131
0.1154 0 0 66.6002 57244 15000 8890 1.258398 1382
0.11545 0 0 66.5987 57246 15000 8985 1.271034 1636
0.1155 0 0 66.5948 57248 15000 9050 1.2840352 1850
0.11555 0 0 66.5958 57249 15000 9002 1.2751864 2045
0.1156 0 0 66.5942 57251 15000 9004 1.2689736 2294
0.11565 0 0 66.5959 57252 15000 9131 1.2909996 2415
0.1157 0 0 66.5942 57254 15000 9009 1.2770492 2776
0.11575 0 0 66.5937 57255 15000 8904 1.2563576 2924
0.1158 0 0 66.5891 57257 15000 9013 1.2648356 3188
0.11585 0 0 66.5869 57259 15000 9090 1.281414 3493
0.1159 0 0 66.5811 57260 15000 9194 1.293316 3727
0.11595 0 0 66.5799 57262 15000 9002 1.2650604 4008
0.116 0 0 66.5758 57263 15000 9052 1.27793 4318
0.11605 0 0 66.5764 57265 15000 9133 1.2862028 4479
0.1161 0 0 66.5742 57267 15000 9165 1.2847452 4673
0.11615 0 0 66.5764 57268 15000 9278 1.3045648 5011
0.1162 0 0 66.5751 57270 15000 9147 1.2872896 4959
0.11625 0 0 66.5753 57271 15000 9085 1.2777396 5100
0.1163 0 0 66.5717 57273 15000 9101 1.2803164 5460
0.11635 0 0 66.5719 57274 15000 9125 1.2814352 5800
0.1164 0 0 66.5693 57276 15000 9091 1.272866 6337
0.11645 0 0 66.5711 57278 15000 9133 1.2730196 6757
0.1165 0 0 66.5696 57279 15000 9071 1.2683644 7177
0.11655 0 0 66.5707 57281 15000 9118 1.2739076 7099
0.1166 0 0 66.568 57282 15000 9258 1.2955632 6562
0.11665 0 0 66.5665 57284 15000 9123 1.2823516 5643
0.1167 0 0 66.5611 57286 15000 9144 1.284218 4342
0.11675 0 0 66.5598 57287 15000 9032 1.275662 3313
0.1168 0 0 66.5559 57289 15000 9235 1.304098 2430
0.11685 0 0 66.5544 57290 15000 9003 1.2723948 1669
0.1169 0 0 66.5498 57292 15000 9042 1.2806068 1203
0.11695 0 0 66.549 57293 15000 9208 1.30524 1016
0.117 0 0 66.5458 57295 15000 9025 1.2787044 837
0.11705 0 0 66.549 57297 15000 9065 1.2859808 662
0.1171 0 0 66.5502 57298 15000 8960 1.2700952 535
0.11715 0 0 66.5574 57300 15000 9085 1.2871684 530
0.1172 0 0 66.5625 57301 15000 8905 1.262954 454
0.11725 0 0 66.5691 57303 15000 8989 1.278192 384
0.1173 0 0 66.5719 57305 15000 8914 1.2669448 371
0.11735 0 0 66.5751 57306 15000 9136 1.2973836 315
0.1174 0 0 66.5739 57308 15000 8897 1.2670232 329
0.11745 0 0 66.5731 57309 15000 9143 1.2951068 284
0.1175 0 0 66.5691 57311 15000 9034 1.2833524 277
0.11755 0 0 66.5676 57312 15000 9007 1.2793 237
0.1176 0 0 66.5657 57314 15000 9001 1.2768324 220
0.11765 0 0 66.5673 57316 15000 8879 1.2633188 208
0.1177 0 0 66.5683 57317 15000 8932 1.2695148 201
0.11775 0 0 66.5711 57319 15000 8954 1.272032 188
0.1178 0 0 66.5721 57320 15000 8945 1.273926 186
0.11785 0 0 66.5737 57322 15000 9062 1.289806 175
0.1179 0 0 66.5725 57324 15000 8861 1.257184 155
0.11795 0 0 66.5722 57325 15000 9089 1.2919328 168
0.118 0 0 66.5687 57327 15000 8885 1.2622856 133
0.11805 0 0 66.5689 57329 15000 8978 1.2794836 141
0.1181 0 0 66.5666 57330 15000 8946 1.2708836 109
0.11815 0 0 66.568 57332 15000 9013 1.2810836 112
0.1182 0 0 66.5673 57333 15000 9083 1.292074 116
0.11825 0 0 66.5664 57335 15000 8995 1.277186 116
0.1183 0 0 66.5618 57336 15000 9068 1.286576 86
0.11835 0 0 66.5591 57338 15000 8897 1.2631296 104
0.1184 0 0 66.5544 57340 15000 9029 1.2814368 85
0.11845 0 0 66.5534 57341 15000 8983 1.2766092 89
0.1185 0 0 66.5516 57343 15000 9091 1.2930288 79
0.11855 0 0 66.5551 57344 15000 8957 1.2731872 70
0.1186 0 0 66.5577 57346 15000 9106 1.2966492 75
0.11865 0 0 66.5644 57348 15000 9067 1.2880464 59
0.1187 0 0 66.5693 57349 15000 9102 1.287416 87
0.11875 0 0 66.5737 57351 15000 9102 1.2913088 64
0.1188 0 0 66.574 57352 15000 8977 1.2790332 55
0.11885 0 0 66.5747 57354 15000 9002 1.2815768 59
0.1189 0 0 66.5721 57356 15000 9002 1.2798152 53
0.11895 0 0 66.5715 57357 15000 9142 1.3028892 57
0.119 0 0 66.5685 57359 15000 8859 1.256976 45
0.11905 0 0 66.5683 57361 15000 8983 1.275098 45
0.1191 0 0 66.5662 57362 15000 9065 1.2854704 55
0.11915 0 0 66.5669 57364 15000 9084 1.290256 60
0.1192 0 0 66.565 57365 15000 8984 1.2768344 58
0.11925 0 0 66.5662 57367 15000 9015 1.281908 40
0.1193 0 0 66.5661 57368 15000 9077 1.2909032 46
0.11935 0 0 66.5668 57370 15000 8853 1.260328 50
0.1194 0 0 66.5654 57371 15000 9037 1.2824776 62
0.11945 0 0 66.5655 57373 15000 8878 1.2597664 54
0.1195 0 0 66.5648 57375 15000 9024 1.2828512 48
0.11955 0 0 66.5634 57376 15000 9047 1.2865936 37
0.1196 0 0 66.5587 57378 15000 9106 1.29136 38
0.11965 0 0 66.554 57380 15000 8925 1.270938 47
0.1197 0 0 66.5473 57381 15000 9031 1.2834404 46
0.11975 0 0 66.5455 57383 15000 9107 1.2999584 43
0.1198 0 0 66.5431 57384 15000 9001 1.2809392 42
0.11985 0 0 66.5474 57386 15000 8865 1.262894 41
0.1199 0 0 66.5515 57388 15000 8988 1.2771896 26
0.11995 0 0 66.5618 57389 15000 9024 1.2809284 36
0.12 0 0 66.57 57391 15000 9127 1.301318 40
0.12005 0 0 66.5807 57393 15000 9027 1.2814652 33
0.1201 0 0 66.5874 57394 15000 9011 1.2820576 29
0.12015 0 0 66.5924 57396 15000 8964 1.2699876 36
0.1202 0 0 66.592 57397 15000 8943 1.2727268 33
0.12025 0 0 66.5902 57399 15000 8900 1.2647888 32
0.1203 0 0 66.5841 57401 15000 9054 1.2885964 23
0.12035 0 0 66.5823 57402 15000 9057 1.2877648 33
0.1204 0 0 66.5783 57404 15000 8941 1.2728536 27
0.12045 0 0 66.5802 57406 15000 8990 1.274328 38
0.1205 0 0 66.5792 57407 15000 8938 1.2709384 15
0.12055 0 0 66.5818 57409 15000 8979 1.2767112 16
0.1206 0 0 66.5811 57410 15000 9002 1.2813256 16
0.12065 0 0 66.5835 57412 15000 8900 1.269078 7
0.1207 0 0 66.5823 57414 15000 9140 1.2988284 19
0.12075 0 0 66.5831 57415 15000 9022 1.279542 18
0.1208 0 0 66.5804 57417 15000 8960 1.273374 11
0.12085 0 0 66.5813 57418 15000 9010 1.2835948 9
0.1209 0 0 66.5796 57420 15000 8874 1.2608036 14
0.12095 0 0 66.5825 57421 15000 8996 1.2800036 17
0.121 0 0 66.5835 57423 15000 8867 1.2625592 19
0.12105 0 0 66.5873 57425 15000 8931 1.2717456 14
0.1211 0 0 66.5874 57426 15000 8986 1.280794 16
0.12115 0 0 66.5884 57428 15000 9102 1.2951748 13
0.1212 0 0 66.5853 57429 15000 8991 1.2800272 16
0.12125 0 0 66.5846 57431 15000 9139 1.2995708 17
0.1213 0 0 66.5809 57433 15000 8987 1.2757908 14
0.12135 0 0 66.5803 57434 15000 9005 1.2842532 12
0.1214 0 0 66.5765 57436 15000 9008 1.2790808 7
0.12145 0 0 66.5781 57438 15000 9137 1.3004456 16
0.1215 0 0 66.5771 57439 15000 9034 1.2823656 20
0.12155 0 0 66.5816 57441 15000 9038 1.2841796 10
0.1216 0 0 66.5835 57442 15000 8981 1.2797552 13
0.12165 0 0 66.5881 57444 15000 9045 1.2865244 10
0.1217 0 0 66.5888 57446 15000 9028 1.2854732 13
0.12175 0 0 66.5903 57447 15000 9056 1.289664 9
0.1218 0 0 66.5875 57449 15000 9067 1.2904772 13
0.12185 0 0 66.5866 57451 15000 8997 1.27628 14
0.1219 0 0 66.5821 57452 15000 8974 1.2787032 12
0.12195 0 0 66.5818 57454 15000 9003 1.2813028 8
0.122 0 0 66.5789 57455 15000 9121 1.2975924 11
0.12205 0 0 66.5811 57457 15000 8970 1.2755112 6
0.1221 0 0 66.5804 57459 15000 9029 1.2856668 11
0.12215 0 0 66.5811 57460 15000 9010 1.2834444 7
0.1222 0 0 66.5778 57462 15000 9032 1.2859964 15
0.12225 0 0 66.5764 57463 15000 8965 1.2710716 11
0.1223 0 0 66.5718 57465 15000 8970 1.2765016 17
0.12235 0 0 66.5732 57466 15000 9046 1.29025 7
0.1224 0 0 66.5725 57468 15000 8951 1.2753336 11
0.12245 0 0 66.5761 57470 15000 9107 1.2927552 5
0.1225 0 0 66.5764 57471 15000 8956 1.2769092 7
0.12255 0 0 66.58 57473 15000 9060 1.2892688 7
0.1226 0 0 66.5796 57474 15000 8886 1.2590756 7
0.12265 0 0 66.5804 57476 15000 8962 1.2771064 13
0.1227 0 0 66.5768 57478 15000 9083 1.2900084 7
0.12275 0 0 66.5772 57479 15000 9074 1.2886408 10
0.1228 0 0 66.5747 57481 15000 9007 1.2828352 9
0.12285 0 0 66.5774 57482 15000 9000 1.2788332 12
0.1229 0 0 66.5772 57484 15000 8931 1.270698 6
0.12295 0 0 66.5804 57486 15000 9075 1.2895792 10
0.123 0 0 66.5799 57487 15000 9140 1.3026068 9
0.12305 0 0 66.5795 57489 15000 9122 1.2978524 9
0.1231 0 0 66.5744 57491 15000 9000 1.2826616 7
0.12315 0 0 66.5747 57492 15000 9083 1.2960652 8
0.1232 0 0 66.5722 57494 15000 9173 1.3050004 8
0.12325 0 0 66.5731 57495 15000 9058 1.2894252 8
0.1233 0 0 66.5708 57497 15000 9071 1.29477 7
0.12335 0 0 66.5726 57499 15000 8944 1.2746204 10
0.1234 0 0 66.5717 57500 15000 9075 1.2931592 1
0.12345 0 0 66.5756 57502 15000 9004 1.2833888 10
0.1235 0 0 66.5768 57503 15000 8976 1.2802272 9
0.12355 0 0 66.5802 57505 15000 8898 1.267924 16
0.1236 0 0 66.5797 57506 15000 8865 1.264872 12
0.12365 0 0 66.5811 57508 15000 8982 1.278004 4
0.1237 0 0 66.5788 57509 15000 8936 1.2727972 4
0.12375 0 0 66.58 57511 15000 9001 1.2825832 8
0.1238 0 0 66.5785 57513 15000 9009 1.2821492 9
0.12385 0 0 66.5807 57514 15000 8878 1.2644688 9
0.1239 0 0 66.5806 57516 15000 8937 1.2713656 9
0.12395 0 0 66.5811 57517 15000 9064 1.2879096 6
0.124 0 0 66.5782 57519 15000 8983 1.2794276 8
0.12405 0 0 66.577 57521 15000 8992 1.2791108 12
0.1241 0 0 66.5733 57522 15000 9063 1.2937816 4
0.12415 0 0 66.5742 57524 15000 8906 1.2666936 4
0.1242 0 0 66.5733 57525 15000 9024 1.2844012 8
0.12425 0 0 66.5761 57527 15000 8929 1.2697016 5
0.1243 0 0 66.5767 57528 15000 9084 1.2929996 3
0.12435 0 0 66.5786 57530 15000 8978 1.2803748 7
0.1244 0 0 66.5779 57531 15000 8956 1.2762132 8
0.12445 0 0 66.5774 57533 15000 9056 1.2928608 11
0.1245 0 0 66.5751 57535 15000 9047 1.2872364 6
0.12455 0 0 66.574 57536 15000 8981 1.2798008 11
0.1246 0 0 66.5729 57538 15000 9019 1.288056 10
0.12465 0 0 66.5724 57539 15000 8971 1.2818012 5
0.1247 0 0 66.5711 57541 15000 8958 1.2736416 8
0.12475 0 0 66.5701 57543 15000 8962 1.2799772 9
0.1248 0 0 66.5673 57544 15000 8839 1.262188 10
0.12485 0 0 66.5661 57546 15000 8966 1.2783844 14
0.1249 0 0 66.5648 57547 15000 9094 1.2900876 11
0.12495 0 0 66.5648 57549 15000 9022 1.2806748 7
0.125 0 0 66.565 57551 15000 9037 1.2858996 7
