0.11 0 0 106.287 40915 15000 9895 1.1497648 4
0.1101 0 0 106.286 40916 15000 9848 1.1487692 10
0.1102 0 0 106.292 40918 15000 9951 1.1548904 6
0.1103 0 0 106.289 40919 15000 9882 1.1461708 6
0.1104 0 0 106.293 40921 15000 9786 1.13351 3
0.1105 0 0 106.291 40922 15000 9894 1.148618 3
0.1106 0 0 106.293 40924 15000 9805 1.1367848 14
0.1107 0 0 106.292 40925 15000 9844 1.1421232 3
0.1108 0 0 106.292 40927 15000 9744 1.1316004 4
0.1109 0 0 106.295 40928 15000 9837 1.1421452 3
0.111 0 0 106.295 40930 15000 9936 1.1552308 8
0.1111 0 0 106.303 40931 15000 9795 1.1361456 6
0.1112 0 0 106.304 40933 15000 9848 1.1429448 5
0.1113 0 0 106.311 40934 15000 9727 1.1290876 7
0.1114 0 0 106.311 40935 15000 9786 1.1395164 5
0.1115 0 0 106.317 40937 15000 9826 1.1469944 3
0.1116 0 0 106.317 40938 15000 9831 1.1432048 8
0.1117 0 0 106.318 40940 15000 9712 1.129648 3
0.1118 0 0 106.317 40941 15000 9758 1.131608 7
0.1119 0 0 106.311 40942 15000 9782 1.1360432 13
0.112 0 0 106.309 40944 15000 9796 1.1375928 12
0.1121 0 0 106.3 40945 15000 9793 1.1361544 7
0.1122 0 0 106.3 40947 15000 9756 1.1316072 4
0.1123 0 0 106.294 40948 15000 9853 1.146202 6
0.1124 0 0 106.303 40950 15000 9773 1.136224 3
0.1125 0 0 106.307 40952 15000 9866 1.1495524 7
0.1126 0 0 106.317 40953 15000 9858 1.1461196 11
0.1127 0 0 106.32 40954 15000 9873 1.1469136 5
0.1128 0 0 106.326 40956 15000 10009 1.1636516 10
0.1129 0 0 106.326 40957 15000 9841 1.143376 7
0.113 0 0 106.323 40959 15000 9824 1.1419948 6
0.1131 0 0 106.319 40960 15000 9925 1.1546228 10
0.1132 0 0 106.312 40962 15000 9938 1.1569668 7
0.1133 0 0 106.309 40963 15000 9840 1.1426256 6
0.1134 0 0 106.301 40965 15000 9974 1.159606 9
0.1135 0 0 106.304 40966 15000 9999 1.1608032 11
0.1136 0 0 106.303 40968 15000 9686 1.1248632 10
0.1137 0 0 106.312 40969 15000 9775 1.1355376 7
0.1138 0 0 106.316 40971 15000 9762 1.136166 11
0.1139 0 0 106.327 40972 15000 9767 1.1351344 15
0.114 0 0 106.332 40974 15000 9904 1.1482664 8
0.1141 0 0 106.339 40975 15000 10010 1.165168 8
0.1142 0 0 106.34 40976 15000 9841 1.1434896 6
0.1143 0 0 106.339 40978 15000 9877 1.1506988 6
0.1144 0 0 106.338 40979 15000 9895 1.1515536 6
0.1145 0 0 106.33 40981 15000 9837 1.1426548 9
0.1146 0 0 106.326 40983 15000 9802 1.144592 6
0.1147 0 0 106.317 40984 15000 9881 1.1514804 9
0.1148 0 0 106.316 40986 15000 9745 1.1314376 12
0.1149 0 0 106.31 40987 15000 9873 1.1501368 6
0.115 0 0 106.317 40989 15000 9692 1.124242 8
0.1151 0 0 106.318 40990 15000 9804 1.1408028 7
0.1152 0 0 106.33 40991 15000 9773 1.1376744 5
0.1153 0 0 106.338 40993 15000 10041 1.1674676 17
0.1154 0 0 106.35 40994 15000 9796 1.1416384 10
0.1155 0 0 106.358 40996 15000 9822 1.145736 11
0.1156 0 0 106.366 40998 15000 9644 1.1222596 11
0.1157 0 0 106.367 40999 15000 9924 1.154462 14
0.1158 0 0 106.366 41001 15000 9744 1.1320856 9
0.1159 0 0 106.361 41002 15000 9907 1.1515756 11
0.116 0 0 106.358 41004 15000 9868 1.146942 11
0.1161 0 0 106.353 41005 15000 9780 1.1407152 12
0.1162 0 0 106.352 41007 15000 9877 1.1495088 22
0.1163 0 0 106.356 41008 15000 9920 1.149786 24
0.1164 0 0 106.361 41010 15000 9877 1.1474852 14
0.1165 0 0 106.372 41012 15000 9837 1.1442016 40
0.1166 0 0 106.379 41013 15000 9770 1.1361792 50
0.1167 0 0 106.387 41015 15000 9842 1.145476 57
0.1168 0 0 106.387 41016 15000 9780 1.1351592 78
0.1169 0 0 106.388 41018 15000 9848 1.1422112 84
0.117 0 0 106.38 41019 15000 9782 1.1398436 119
0.1171 0 0 106.376 41021 15000 9797 1.1429952 129
0.1172 0 0 106.365 41022 15000 9820 1.140124 169
0.1173 0 0 106.36 41024 15000 9688 1.131082 230
0.1174 0 0 106.349 41025 15000 9904 1.1517056 353
0.1175 0 0 106.35 41027 15000 9715 1.1308552 399
0.1176 0 0 106.345 41028 15000 9962 1.1589052 611
0.1177 0 0 106.349 41030 15000 9854 1.14208 742
0.1178 0 0 106.349 41031 15000 9728 1.129294 1051
0.1179 0 0 106.356 41033 15000 9895 1.1514788 1337
0.118 0 0 106.359 41034 15000 9912 1.1459256 1713
0.1181 0 0 106.365 41036 15000 9805 1.1325064 2164
0.1182 0 0 106.369 41037 15000 9977 1.1530016 2698
0.1183 0 0 106.374 41039 15000 9957 1.149216 3102
0.1184 0 0 106.375 41040 15000 9832 1.1353428 3443
0.1185 0 0 106.374 41042 15000 9818 1.1331056 3712
0.1186 0 0 106.371 41044 15000 9945 1.143666 4393
0.1187 0 0 106.365 41045 15000 9816 1.1271056 4990
0.1188 0 0 106.359 41047 15000 9935 1.1411464 5545
0.1189 0 0 106.351 41048 15000 9959 1.1412832 5321
0.119 0 0 106.349 41050 15000 9934 1.1456752 3958
0.1191 0 0 106.342 41051 15000 9957 1.1491172 2532
0.1192 0 0 106.345 41053 15000 9711 1.125048 1386
0.1193 0 0 106.342 41054 15000 9802 1.1380668 1040
0.1194 0 0 106.348 41055 15000 9888 1.14809 736
0.1195 0 0 106.347 41057 15000 9896 1.1512692 549
0.1196 0 0 106.355 41058 15000 9800 1.1402916 425
0.1197 0 0 106.362 41060 15000 9742 1.133042 364
0.1198 0 0 106.368 41061 15000 9771 1.1376264 324
0.1199 0 0 106.37 41063 15000 9754 1.1357888 283
0.12 0 0 106.37 41064 15000 9848 1.1453992 219
0.1201 0 0 106.371 41066 15000 9853 1.1456564 206
0.1202 0 0 106.365 41067 15000 9937 1.1516936 198
0.1203 0 0 106.366 41069 15000 9954 1.1544132 176
0.1204 0 0 106.359 41070 15000 9860 1.1474596 150
0.1205 0 0 106.361 41071 15000 9740 1.1356268 127
0.1206 0 0 106.357 41073 15000 9677 1.1267804 105
0.1207 0 0 106.36 41074 15000 9803 1.139794 118
0.1208 0 0 106.36 41076 15000 9783 1.1389872 83
0.1209 0 0 106.366 41078 15000 9728 1.1328856 95
0.121 0 0 106.369 41079 15000 9861 1.1509536 82
0.1211 0 0 106.372 41080 15000 9781 1.1400892 76
0.1212 0 0 106.377 41082 15000 9827 1.1460812 70
0.1213 0 0 106.376 41083 15000 9800 1.1437768 66
0.1214 0 0 106.379 41085 15000 9752 1.134604 42
0.1215 0 0 106.375 41086 15000 9758 1.1397852 50
0.1216 0 0 106.376 41088 15000 9790 1.1382936 47
0.1217 0 0 106.369 41089 15000 9849 1.1466132 39
0.1218 0 0 106.369 41090 15000 9676 1.1275512 30
0.1219 0 0 106.363 41092 15000 9764 1.134266 39
0.122 0 0 106.363 41093 15000 9678 1.12175 38
0.1221 0 0 106.365 41095 15000 9830 1.1474724 27
0.1222 0 0 106.365 41096 15000 9780 1.137068 32
0.1223 0 0 106.372 41098 15000 9788 1.1434176 31
0.1224 0 0 106.375 41099 15000 9805 1.1405488 20
0.1225 0 0 106.384 41101 15000 9840 1.1483656 33
0.1226 0 0 106.387 41102 15000 9695 1.1333916 22
0.1227 0 0 106.394 41104 15000 9795 1.139876 23
0.1228 0 0 106.393 41105 15000 9834 1.1443028 26
0.1229 0 0 106.394 41107 15000 9674 1.1297988 21
0.123 0 0 106.387 41108 15000 9886 1.1503644 28
0.1231 0 0 106.383 41110 15000 9707 1.1327364 28
0.1232 0 0 106.374 41111 15000 9928 1.1565732 13
0.1233 0 0 106.369 41113 15000 9830 1.1467284 19
0.1234 0 0 106.362 41114 15000 9919 1.1531532 25
0.1235 0 0 106.356 41115 15000 9849 1.1441156 25
0.1236 0 0 106.355 41117 15000 9894 1.1538716 27
0.1237 0 0 106.349 41118 15000 9693 1.129754 19
0.1238 0 0 106.356 41120 15000 9855 1.1473184 16
0.1239 0 0 106.358 41121 15000 9917 1.152776 18
0.124 0 0 106.368 41123 15000 9703 1.1315592 19
0.1241 0 0 106.37 41124 15000 9736 1.1340292 20
0.1242 0 0 106.379 41126 15000 9730 1.1325308 14
0.1243 0 0 106.381 41127 15000 9846 1.1468852 17
0.1244 0 0 106.383 41129 15000 9924 1.1576996 20
0.1245 0 0 106.379 41130 15000 9788 1.1388616 16
0.1246 0 0 106.374 41132 15000 9759 1.136286 13
0.1247 0 0 106.365 41133 15000 9667 1.1258128 16
0.1248 0 0 106.358 41135 15000 9699 1.1301356 15
0.1249 0 0 106.354 41136 15000 9941 1.1536408 14
0.125 0 0 106.351 41138 15000 9711 1.124808 8
0.1251 0 0 106.354 41139 15000 9614 1.1219912 17
0.1252 0 0 106.354 41141 15000 9864 1.1468348 15
0.1253 0 0 106.363 41142 15000 9843 1.1422528 9
0.1254 0 0 106.367 41143 15000 9712 1.134414 11
0.1255 0 0 106.377 41145 15000 9747 1.139592 16
0.1256 0 0 106.381 41146 15000 9749 1.1374772 8
0.1257 0 0 106.387 41148 15000 9813 1.1436392 16
0.1258 0 0 106.387 41149 15000 9892 1.155018 18
0.1259 0 0 106.385 41151 15000 9875 1.147468 15
0.126 0 0 106.381 41152 15000 9779 1.1388532 11
0.1261 0 0 106.373 41154 15000 9841 1.1476112 6
0.1262 0 0 106.367 41155 15000 9770 1.1368068 12
0.1263 0 0 106.356 41157 15000 9857 1.1499644 15
0.1264 0 0 106.354 41158 15000 9916 1.1518852 12
0.1265 0 0 106.347 41160 15000 9883 1.1502936 10
0.1266 0 0 106.351 41161 15000 9720 1.1330708 14
0.1267 0 0 106.351 41163 15000 9767 1.1376436 13
0.1268 0 0 106.362 41164 15000 9772 1.1371492 18
0.1269 0 0 106.367 41166 15000 9867 1.1449424 14
0.127 0 0 106.376 41167 15000 9844 1.1453008 14
0.1271 0 0 106.378 41169 15000 9734 1.1320028 9
0.1272 0 0 106.381 41170 15000 9745 1.138134 9
0.1273 0 0 106.376 41172 15000 9803 1.1366408 11
0.1274 0 0 106.37 41173 15000 9818 1.143504 13
0.1275 0 0 106.363 41175 15000 9715 1.1344516 11
0.1276 0 0 106.356 41176 15000 9814 1.1443016 11
0.1277 0 0 106.352 41178 15000 9948 1.1620916 12
0.1278 0 0 106.347 41179 15000 9804 1.143336 15
0.1279 0 0 106.351 41181 15000 9844 1.1463328 13
0.128 0 0 106.351 41182 15000 9809 1.1444616 14
0.1281 0 0 106.363 41184 15000 9768 1.1352084 13
0.1282 0 0 106.367 41185 15000 9716 1.1306148 15
0.1283 0 0 106.379 41187 15000 9671 1.1300692 6
0.1284 0 0 106.383 41188 15000 9861 1.1500952 9
0.1285 0 0 106.388 41190 15000 9658 1.1267176 5
0.1286 0 0 106.387 41191 15000 9803 1.144882 10
0.1287 0 0 106.386 41193 15000 9864 1.1510832 8
0.1288 0 0 106.381 41194 15000 9946 1.1608512 6
0.1289 0 0 106.376 41196 15000 9809 1.14445 9
0.129 0 0 106.372 41197 15000 9912 1.1560344 7
0.1291 0 0 106.367 41198 15000 9841 1.1496644 16
0.1292 0 0 106.368 41200 15000 9784 1.1391732 8
0.1293 0 0 106.363 41201 15000 9802 1.1432968 7
0.1294 0 0 106.369 41203 15000 9734 1.1335524 17
0.1295 0 0 106.369 41204 15000 9683 1.1270056 7
0.1296 0 0 106.376 41206 15000 9634 1.1231816 10
0.1297 0 0 106.379 41207 15000 9805 1.1428368 13
0.1298 0 0 106.387 41209 15000 9692 1.1311184 12
0.1299 0 0 106.388 41210 15000 9748 1.138882 11
0.13 0 0 106.39 41212 15000 9890 1.1593256 6
