0.11 0 0 97.34 45988 15000 9533 1.1765828 4
0.1101 0 0 97.3437 45990 15000 9438 1.172126 6
0.1102 0 0 97.3498 45991 15000 9543 1.181592 2
0.1103 0 0 97.3544 45993 15000 9404 1.1641208 6
0.1104 0 0 97.3614 45994 15000 9422 1.1660992 3
0.1105 0 0 97.3646 45996 15000 9562 1.18113 6
0.1106 0 0 97.3712 45997 15000 9508 1.176352 7
0.1107 0 0 97.3725 45999 15000 9523 1.1780464 10
0.1108 0 0 97.3753 46000 15000 9411 1.1653172 8
0.1109 0 0 97.3712 46002 15000 9377 1.1623724 11
0.111 0 0 97.3721 46003 15000 9542 1.180814 7
0.1111 0 0 97.3674 46005 15000 9511 1.1762644 6
0.1112 0 0 97.3707 46006 15000 9567 1.1885516 5
0.1113 0 0 97.3693 46008 15000 9442 1.1697344 5
0.1114 0 0 97.3767 46010 15000 9657 1.1950872 6
0.1115 0 0 97.3781 46011 15000 9469 1.1704012 8
0.1116 0 0 97.387 46012 15000 9484 1.1744412 6
0.1117 0 0 97.393 46014 15000 9403 1.1632248 7
0.1118 0 0 97.4028 46016 15000 9414 1.1679852 6
0.1119 0 0 97.4084 46017 15000 9534 1.1813892 4
0.112 0 0 97.4126 46019 15000 9507 1.1763828 7
0.1121 0 0 97.4121 46020 15000 9581 1.1873508 4
0.1122 0 0 97.4089 46022 15000 9548 1.180348 4
0.1123 0 0 97.4056 46023 15000 9421 1.1679652 6
0.1124 0 0 97.4005 46025 15000 9394 1.1601784 5
0.1125 0 0 97.4014 46026 15000 9375 1.1619328 10
0.1126 0 0 97.3986 46027 15000 9418 1.1674948 5
0.1127 0 0 97.4075 46029 15000 9515 1.1821032 8
0.1128 0 0 97.4121 46031 15000 9396 1.162382 6
0.1129 0 0 97.4257 46032 15000 9377 1.1593972 7
0.113 0 0 97.4341 46033 15000 9445 1.1677716 6
0.1131 0 0 97.4457 46035 15000 9371 1.1594012 4
0.1132 0 0 97.4513 46037 15000 9447 1.1712036 3
0.1133 0 0 97.4565 46038 15000 9446 1.1672452 8
0.1134 0 0 97.4546 46040 15000 9540 1.18092 7
0.1135 0 0 97.4537 46041 15000 9483 1.1710372 9
0.1136 0 0 97.4485 46043 15000 9490 1.1782396 10
0.1137 0 0 97.4439 46044 15000 9382 1.1640696 4
0.1138 0 0 97.4406 46046 15000 9536 1.1812288 11
0.1139 0 0 97.4359 46047 15000 9504 1.1803564 10
0.114 0 0 97.4355 46049 15000 9470 1.1725948 2
0.1141 0 0 97.4327 46050 15000 9462 1.1760932 7
0.1142 0 0 97.4341 46052 15000 9606 1.1907744 7
0.1143 0 0 97.4303 46053 15000 9518 1.1756932 8
0.1144 0 0 97.4322 46055 15000 9421 1.1661492 13
0.1145 0 0 97.4285 46056 15000 9348 1.1619876 10
0.1146 0 0 97.4313 46058 15000 9630 1.1943628 9
0.1147 0 0 97.4275 46059 15000 9433 1.1708396 14
0.1148 0 0 97.4294 46061 15000 9405 1.1671356 11
0.1149 0 0 97.4257 46062 15000 9388 1.1638276 10
0.115 0 0 97.4275 46064 15000 9653 1.1996988 6
0.1151 0 0 97.4257 46065 15000 9459 1.1742056 20
0.1152 0 0 97.4238 46067 15000 9529 1.1831268 14
0.1153 0 0 97.4168 46068 15000 9570 1.1857316 10
0.1154 0 0 97.4117 46070 15000 9500 1.1758096 19
0.1155 0 0 97.4047 46071 15000 9416 1.1678572 28
0.1156 0 0 97.4014 46073 15000 9501 1.1773876 27
0.1157 0 0 97.4019 46074 15000 9355 1.1635584 46
0.1158 0 0 97.401 46076 15000 9443 1.1680628 55
0.1159 0 0 97.4107 46077 15000 9559 1.1816164 75
0.116 0 0 97.4163 46079 15000 9550 1.1802436 93
0.1161 0 0 97.4275 46080 15000 9391 1.1657656 85
0.1162 0 0 97.4336 46082 15000 9480 1.1788168 142
0.1163 0 0 97.4429 46083 15000 9472 1.17284 155
0.1164 0 0 97.4439 46085 15000 9582 1.182538 196
0.1165 0 0 97.4471 46086 15000 9520 1.182432 286
0.1166 0 0 97.442 46088 15000 9502 1.1748304 426
0.1167 0 0 97.442 46090 15000 9576 1.1829384 643
0.1168 0 0 97.4355 46091 15000 9457 1.16941 952
0.1169 0 0 97.4369 46093 15000 9431 1.1677688 1418
0.117 0 0 97.4327 46094 15000 9584 1.1815168 2062
0.1171 0 0 97.435 46096 15000 9511 1.1671064 2489
0.1172 0 0 97.4336 46097 15000 9574 1.1769556 2810
0.1173 0 0 97.4331 46099 15000 9531 1.1722316 3076
0.1174 0 0 97.4308 46100 15000 9609 1.1820596 3327
0.1175 0 0 97.428 46102 15000 9691 1.1909588 3723
0.1176 0 0 97.4243 46103 15000 9605 1.1796404 3895
0.1177 0 0 97.4215 46105 15000 9631 1.1811464 4330
0.1178 0 0 97.421 46106 15000 9589 1.1766564 5313
0.1179 0 0 97.4219 46108 15000 9582 1.1691756 6126
0.118 0 0 97.4294 46109 15000 9535 1.1648704 5525
0.1181 0 0 97.4331 46111 15000 9497 1.1666292 3794
0.1182 0 0 97.4439 46112 15000 9513 1.1722992 2135
0.1183 0 0 97.4499 46114 15000 9402 1.1634048 1110
0.1184 0 0 97.4607 46115 15000 9482 1.1768956 693
0.1185 0 0 97.4639 46117 15000 9655 1.1925056 488
0.1186 0 0 97.4709 46118 15000 9594 1.1861384 419
0.1187 0 0 97.4695 46120 15000 9421 1.1683372 325
0.1188 0 0 97.4705 46121 15000 9491 1.176254 278
0.1189 0 0 97.4649 46123 15000 9588 1.1846788 238
0.119 0 0 97.4639 46124 15000 9456 1.1730604 207
0.1191 0 0 97.4597 46126 15000 9392 1.1634584 191
0.1192 0 0 97.4611 46127 15000 9343 1.1543484 162
0.1193 0 0 97.4635 46129 15000 9423 1.1647468 146
0.1194 0 0 97.4677 46131 15000 9349 1.1585776 151
0.1195 0 0 97.4709 46132 15000 9536 1.1825984 108
0.1196 0 0 97.4737 46134 15000 9441 1.1692528 105
0.1197 0 0 97.4737 46135 15000 9325 1.1568384 86
0.1198 0 0 97.4723 46137 15000 9536 1.1828276 88
0.1199 0 0 97.4723 46138 15000 9626 1.1931808 73
0.12 0 0 97.4695 46140 15000 9314 1.1524308 79
0.1201 0 0 97.4705 46141 15000 9607 1.1898736 77
0.1202 0 0 97.4672 46143 15000 9552 1.1846924 62
0.1203 0 0 97.4677 46144 15000 9444 1.1691712 37
0.1204 0 0 97.4625 46146 15000 9394 1.164722 49
0.1205 0 0 97.463 46147 15000 9615 1.1936832 36
0.1206 0 0 97.4574 46149 15000 9646 1.1948872 35
0.1207 0 0 97.4588 46150 15000 9515 1.1801676 37
0.1208 0 0 97.4541 46152 15000 9566 1.1873652 30
0.1209 0 0 97.4555 46154 15000 9486 1.1749728 25
0.121 0 0 97.4504 46155 15000 9474 1.1754584 25
0.1211 0 0 97.4499 46157 15000 9460 1.1762252 31
0.1212 0 0 97.4434 46158 15000 9610 1.189942 20
0.1213 0 0 97.4415 46160 15000 9590 1.19262 14
0.1214 0 0 97.4369 46161 15000 9398 1.1702036 13
0.1215 0 0 97.4345 46163 15000 9406 1.1685196 21
0.1216 0 0 97.4303 46164 15000 9453 1.168672 14
0.1217 0 0 97.4299 46166 15000 9525 1.1782504 11
0.1218 0 0 97.4299 46167 15000 9496 1.1797704 12
0.1219 0 0 97.4331 46169 15000 9614 1.1937824 18
0.122 0 0 97.4378 46170 15000 9354 1.156892 12
0.1221 0 0 97.4425 46172 15000 9424 1.1724524 10
0.1222 0 0 97.4499 46173 15000 9419 1.169926 22
0.1223 0 0 97.4537 46175 15000 9442 1.1724716 11
0.1224 0 0 97.4597 46176 15000 9380 1.1662284 12
0.1225 0 0 97.4593 46178 15000 9462 1.1716824 21
0.1226 0 0 97.4639 46179 15000 9446 1.1716836 9
0.1227 0 0 97.4616 46181 15000 9424 1.17111 28
0.1228 0 0 97.4639 46182 15000 9436 1.1758632 20
0.1229 0 0 97.4588 46184 15000 9436 1.1695696 16
0.123 0 0 97.4602 46185 15000 9477 1.1741084 14
0.1231 0 0 97.456 46187 15000 9427 1.1696204 16
0.1232 0 0 97.4597 46188 15000 9393 1.1647484 5
0.1233 0 0 97.4616 46190 15000 9569 1.1844776 11
0.1234 0 0 97.4681 46191 15000 9531 1.1825196 18
0.1235 0 0 97.4728 46193 15000 9283 1.1504412 19
0.1236 0 0 97.4793 46194 15000 9473 1.177186 10
0.1237 0 0 97.4892 46196 15000 9376 1.1624504 18
0.1238 0 0 97.4952 46198 15000 9509 1.1763188 14
0.1239 0 0 97.4994 46199 15000 9581 1.1905652 6
0.124 0 0 97.498 46200 15000 9433 1.1689504 16
0.1241 0 0 97.4952 46202 15000 9505 1.178744 10
0.1242 0 0 97.4859 46204 15000 9331 1.158882 16
0.1243 0 0 97.4821 46205 15000 9358 1.1587224 12
0.1244 0 0 97.4742 46207 15000 9494 1.1805064 14
0.1245 0 0 97.4747 46208 15000 9379 1.1669988 13
0.1246 0 0 97.4705 46210 15000 9420 1.1688728 18
0.1247 0 0 97.4747 46211 15000 9412 1.1686028 6
0.1248 0 0 97.4728 46213 15000 9447 1.1720604 7
0.1249 0 0 97.477 46214 15000 9507 1.1780976 1
0.125 0 0 97.4751 46216 15000 9597 1.1923092 15
0.1251 0 0 97.4789 46218 15000 9405 1.1696256 10
0.1252 0 0 97.4756 46219 15000 9477 1.1808892 8
0.1253 0 0 97.4789 46221 15000 9380 1.1704372 12
0.1254 0 0 97.4765 46222 15000 9540 1.1845336 6
0.1255 0 0 97.4751 46224 15000 9284 1.1553228 13
0.1256 0 0 97.4672 46225 15000 9494 1.1782328 10
0.1257 0 0 97.4635 46227 15000 9396 1.1649092 9
0.1258 0 0 97.456 46228 15000 9499 1.1797868 6
0.1259 0 0 97.456 46230 15000 9514 1.1818988 11
0.126 0 0 97.4541 46231 15000 9310 1.1558848 11
0.1261 0 0 97.4583 46233 15000 9604 1.1917084 12
0.1262 0 0 97.4621 46235 15000 9452 1.1738788 12
0.1263 0 0 97.4672 46236 15000 9539 1.1834796 9
0.1264 0 0 97.4719 46238 15000 9433 1.1699456 11
0.1265 0 0 97.4728 46239 15000 9524 1.186266 11
0.1266 0 0 97.4695 46241 15000 9582 1.1872476 11
0.1267 0 0 97.4611 46242 15000 9439 1.1740212 11
0.1268 0 0 97.4499 46244 15000 9444 1.1759888 15
0.1269 0 0 97.4373 46245 15000 9375 1.1672396 8
0.127 0 0 97.4308 46247 15000 9416 1.1693548 9
0.1271 0 0 97.4261 46249 15000 9705 1.2061884 10
0.1272 0 0 97.4345 46250 15000 9472 1.1749776 7
0.1273 0 0 97.442 46252 15000 9463 1.1776472 10
0.1274 0 0 97.4551 46253 15000 9635 1.1938932 7
0.1275 0 0 97.4639 46255 15000 9419 1.174996 11
0.1276 0 0 97.4751 46256 15000 9561 1.1887284 10
0.1277 0 0 97.4775 46258 15000 9365 1.1653292 13
0.1278 0 0 97.4826 46259 15000 9495 1.183146 9
0.1279 0 0 97.4793 46261 15000 9388 1.1654756 7
0.128 0 0 97.4798 46262 15000 9396 1.1670484 6
0.1281 0 0 97.4733 46264 15000 9341 1.1612888 9
0.1282 0 0 97.4723 46265 15000 9513 1.176368 12
0.1283 0 0 97.4677 46267 15000 9496 1.1789648 6
0.1284 0 0 97.4677 46268 15000 9530 1.183552 11
0.1285 0 0 97.4672 46270 15000 9561 1.1904208 14
0.1286 0 0 97.4649 46271 15000 9614 1.1953576 11
0.1287 0 0 97.4644 46273 15000 9391 1.1651176 20
0.1288 0 0 97.4597 46274 15000 9499 1.1821072 10
0.1289 0 0 97.4607 46276 15000 9506 1.1829076 14
0.129 0 0 97.456 46277 15000 9485 1.180798 10
0.1291 0 0 97.4579 46279 15000 9437 1.1768072 13
0.1292 0 0 97.4541 46280 15000 9390 1.1687764 7
0.1293 0 0 97.4565 46282 15000 9319 1.158782 9
0.1294 0 0 97.4523 46283 15000 9510 1.1797924 10
0.1295 0 0 97.4546 46284 15000 9640 1.1988208 11
0.1296 0 0 97.4518 46286 15000 9546 1.1852588 8
0.1297 0 0 97.4518 46288 15000 9562 1.18651 12
0.1298 0 0 97.4462 46289 15000 9347 1.1654632 9
0.1299 0 0 97.4443 46291 15000 9451 1.1746844 10
0.13 0 0 97.4397 46292 15000 9561 1.18789 12