0.115 0 0 134.873 31195 15000 10698 1.0921328 8
0.1151 0 0 134.881 31196 15000 10549 1.0781776 5
0.1152 0 0 134.882 31197 15000 10544 1.0769704 5
0.1153 0 0 134.889 31199 15000 10451 1.0662748 6
0.1154 0 0 134.884 31200 15000 10369 1.063632 7
0.1155 0 0 134.886 31202 15000 10377 1.0637104 6
0.1156 0 0 134.877 31203 15000 10598 1.0831744 8
0.1157 0 0 134.872 31204 15000 10508 1.0761516 7
0.1158 0 0 134.863 31206 15000 10370 1.0588076 8
0.1159 0 0 134.852 31207 15000 10658 1.0898736 9
0.116 0 0 134.848 31209 15000 10512 1.0753556 10
0.1161 0 0 134.839 31210 15000 10599 1.0851072 12
0.1162 0 0 134.846 31212 15000 10412 1.0676224 5
0.1163 0 0 134.842 31213 15000 10519 1.0746036 11
0.1164 0 0 134.858 31214 15000 10463 1.0724812 9
0.1165 0 0 134.862 31216 15000 10478 1.0772352 13
0.1166 0 0 134.875 31217 15000 10608 1.0845428 3
0.1167 0 0 134.884 31219 15000 10596 1.0864668 10
0.1168 0 0 134.89 31220 15000 10492 1.0745036 10
0.1169 0 0 134.897 31221 15000 10455 1.067288 16
0.117 0 0 134.893 31223 15000 10500 1.0730736 15
0.1171 0 0 134.898 31224 15000 10633 1.0861908 11
0.1172 0 0 134.891 31226 15000 10629 1.0880676 10
0.1173 0 0 134.892 31227 15000 10514 1.070502 9
0.1174 0 0 134.888 31228 15000 10478 1.0747688 12
0.1175 0 0 134.885 31230 15000 10558 1.081382 13
0.1176 0 0 134.886 31231 15000 10642 1.0880344 13
0.1177 0 0 134.881 31233 15000 10591 1.0874852 8
0.1178 0 0 134.883 31234 15000 10486 1.068688 14
0.1179 0 0 134.875 31236 15000 10589 1.0848088 11
0.118 0 0 134.88 31237 15000 10614 1.085342 11
0.1181 0 0 134.874 31238 15000 10585 1.0831008 10
0.1182 0 0 134.88 31240 15000 10560 1.0819572 13
0.1183 0 0 134.881 31241 15000 10554 1.0802416 6
0.1184 0 0 134.885 31243 15000 10484 1.0703968 12
0.1185 0 0 134.893 31244 15000 10593 1.0852416 14
0.1186 0 0 134.895 31245 15000 10480 1.068466 12
0.1187 0 0 134.907 31247 15000 10463 1.0721372 9
0.1188 0 0 134.907 31248 15000 10465 1.0744936 15
0.1189 0 0 134.919 31249 15000 10617 1.087028 16
0.119 0 0 134.92 31251 15000 10417 1.0705464 13
0.1191 0 0 134.924 31252 15000 10510 1.0814696 12
0.1192 0 0 134.924 31254 15000 10557 1.0813072 12
0.1193 0 0 134.919 31255 15000 10544 1.0765884 18
0.1194 0 0 134.919 31256 15000 10534 1.0788532 19
0.1195 0 0 134.908 31258 15000 10618 1.0876852 13
0.1196 0 0 134.909 31259 15000 10442 1.0677316 7
0.1197 0 0 134.898 31261 15000 10549 1.0833044 16
0.1198 0 0 134.898 31262 15000 10615 1.0878092 14
0.1199 0 0 134.897 31263 15000 10488 1.0756516 20
0.12 0 0 134.895 31265 15000 10385 1.0647012 13
0.1201 0 0 134.902 31266 15000 10498 1.0738436 17
0.1202 0 0 134.901 31268 15000 10467 1.0759068 17
0.1203 0 0 134.912 31269 15000 10400 1.0671072 17
0.1204 0 0 134.911 31270 15000 10635 1.088946 17
0.1205 0 0 134.92 31272 15000 10582 1.0794984 18
0.1206 0 0 134.922 31273 15000 10756 1.0997856 29
0.1207 0 0 134.925 31275 15000 10556 1.0826552 30
0.1208 0 0 134.929 31276 15000 10491 1.0761972 29
0.1209 0 0 134.925 31277 15000 10443 1.072626 36
0.121 0 0 134.928 31279 15000 10568 1.0883088 43
0.1211 0 0 134.92 31280 15000 10470 1.0734564 44
0.1212 0 0 134.922 31282 15000 10535 1.0816548 44
0.1213 0 0 134.912 31283 15000 10572 1.084184 78
0.1214 0 0 134.913 31284 15000 10546 1.084312 102
0.1215 0 0 134.91 31286 15000 10454 1.0691936 121
0.1216 0 0 134.906 31287 15000 10468 1.07062 156
0.1217 0 0 134.911 31289 15000 10551 1.0788428 181
0.1218 0 0 134.907 31290 15000 10455 1.068916 175
0.1219 0 0 134.919 31291 15000 10671 1.0950112 218
0.122 0 0 134.92 31293 15000 10591 1.0836176 276
0.1221 0 0 134.933 31294 15000 10563 1.0827488 303
0.1222 0 0 134.939 31296 15000 10515 1.0739692 475
0.1223 0 0 134.946 31297 15000 10531 1.0748176 643
0.1224 0 0 134.952 31298 15000 10619 1.0850008 818
0.1225 0 0 134.949 31300 15000 10528 1.0748656 1061
0.1226 0 0 134.953 31301 15000 10571 1.0802204 1344
0.1227 0 0 134.945 31303 15000 10369 1.0599564 1645
0.1228 0 0 134.946 31304 15000 10511 1.0756192 2000
0.1229 0 0 134.937 31306 15000 10505 1.069386 2174
0.123 0 0 134.938 31307 15000 10588 1.077928 2436
0.1231 0 0 134.932 31308 15000 10609 1.080422 2823
0.1232 0 0 134.929 31310 15000 10694 1.0835048 3159
0.1233 0 0 134.93 31311 15000 10585 1.0711164 3425
0.1234 0 0 134.924 31313 15000 10549 1.0737456 3229
0.1235 0 0 134.93 31314 15000 10473 1.0660924 2648
0.1236 0 0 134.927 31316 15000 10556 1.0751388 1758
0.1237 0 0 134.936 31317 15000 10620 1.0835644 965
0.1238 0 0 134.934 31318 15000 10551 1.079234 549
0.1239 0 0 134.943 31320 15000 10635 1.0888308 431
0.124 0 0 134.944 31321 15000 10518 1.0778588 347
0.1241 0 0 134.947 31323 15000 10554 1.0794644 262
0.1242 0 0 134.951 31324 15000 10571 1.0830896 252
0.1243 0 0 134.948 31325 15000 10441 1.070156 189
0.1244 0 0 134.954 31327 15000 10600 1.0880592 178
0.1245 0 0 134.949 31328 15000 10543 1.078316 167
0.1246 0 0 134.953 31330 15000 10552 1.0848228 146
0.1247 0 0 134.946 31331 15000 10533 1.0797296 126
0.1248 0 0 134.948 31333 15000 10373 1.064176 109
0.1249 0 0 134.944 31334 15000 10598 1.0877572 117
0.125 0 0 134.942 31335 15000 10485 1.0727184 91
0.1251 0 0 134.943 31337 15000 10543 1.0795952 87
0.1252 0 0 134.937 31338 15000 10553 1.0800484 80
0.1253 0 0 134.944 31340 15000 10552 1.0845884 70
0.1254 0 0 134.94 31341 15000 10692 1.0955452 78
0.1255 0 0 134.95 31343 15000 10594 1.0862332 67
0.1256 0 0 134.949 31344 15000 10477 1.072702 47
0.1257 0 0 134.956 31345 15000 10636 1.0882836 66
0.1258 0 0 134.957 31347 15000 10545 1.0781296 57
0.1259 0 0 134.956 31348 15000 10620 1.0892884 72
0.126 0 0 134.957 31350 15000 10597 1.086122 62
0.1261 0 0 134.949 31351 15000 10525 1.0814852 59
0.1262 0 0 134.947 31352 15000 10633 1.0881928 45
0.1263 0 0 134.935 31354 15000 10441 1.0686484 52
0.1264 0 0 134.929 31355 15000 10579 1.0860116 41
0.1265 0 0 134.912 31357 15000 10448 1.0704484 47
0.1266 0 0 134.907 31358 15000 10532 1.080036 46
0.1267 0 0 134.898 31360 15000 10569 1.0810564 41
0.1268 0 0 134.892 31361 15000 10461 1.0737328 33
0.1269 0 0 134.896 31362 15000 10466 1.0734336 39
0.127 0 0 134.893 31364 15000 10533 1.0814672 36
0.1271 0 0 134.905 31365 15000 10562 1.0859224 31
0.1272 0 0 134.908 31367 15000 10708 1.1004604 21
0.1273 0 0 134.922 31368 15000 10492 1.0764956 36
0.1274 0 0 134.924 31369 15000 10456 1.074256 37
0.1275 0 0 134.933 31371 15000 10494 1.0779204 35
0.1276 0 0 134.934 31372 15000 10703 1.1010548 30
0.1277 0 0 134.934 31374 15000 10439 1.0732744 39
0.1278 0 0 134.933 31375 15000 10460 1.0719076 27
0.1279 0 0 134.924 31376 15000 10535 1.0805976 43
0.128 0 0 134.923 31378 15000 10407 1.0692496 24
0.1281 0 0 134.911 31379 15000 10467 1.0748376 32
0.1282 0 0 134.911 31381 15000 10497 1.0799588 27
0.1283 0 0 134.902 31382 15000 10546 1.0819276 37
0.1284 0 0 134.904 31384 15000 10600 1.089954 30
0.1285 0 0 134.905 31385 15000 10566 1.0829412 36
0.1286 0 0 134.906 31386 15000 10519 1.0763736 29
0.1287 0 0 134.914 31388 15000 10410 1.0680148 37
0.1288 0 0 134.915 31389 15000 10578 1.0863316 25
0.1289 0 0 134.928 31391 15000 10571 1.0840568 31
0.129 0 0 134.93 31392 15000 10463 1.0727044 25
0.1291 0 0 134.941 31393 15000 10554 1.0833236 29
0.1292 0 0 134.943 31395 15000 10691 1.0969992 24
0.1293 0 0 134.946 31396 15000 10505 1.078996 33
0.1294 0 0 134.946 31398 15000 10410 1.07079 24
0.1295 0 0 134.94 31399 15000 10594 1.0848876 23
0.1296 0 0 134.939 31400 15000 10510 1.0786568 35
0.1297 0 0 134.926 31402 15000 10586 1.086512 15
0.1298 0 0 134.924 31403 15000 10415 1.0672216 31
0.1299 0 0 134.913 31405 15000 10558 1.083146 26
0.13 0 0 134.908 31406 15000 10555 1.0811708 22
0.1301 0 0 134.904 31407 15000 10610 1.0873792 33
0.1302 0 0 134.901 31409 15000 10477 1.0787252 22
0.1303 0 0 134.909 31410 15000 10361 1.0646788 23
0.1304 0 0 134.907 31411 15000 10486 1.0806424 11
0.1305 0 0 134.919 31413 15000 10439 1.0733352 25
0.1306 0 0 134.924 31414 15000 10539 1.0822068 27
0.1307 0 0 134.931 31416 15000 10469 1.0798724 21
0.1308 0 0 134.938 31417 15000 10640 1.0923408 21
0.1309 0 0 134.939 31418 15000 10521 1.0820384 18
0.131 0 0 134.943 31420 15000 10580 1.0871888 25
0.1311 0 0 134.936 31421 15000 10454 1.0748848 17
0.1312 0 0 134.935 31423 15000 10548 1.080716 30
0.1313 0 0 134.921 31424 15000 10634 1.0876284 25
0.1314 0 0 134.92 31426 15000 10609 1.0868212 20
0.1315 0 0 134.911 31427 15000 10349 1.0628848 22
0.1316 0 0 134.911 31428 15000 10414 1.0691408 21
0.1317 0 0 134.912 31430 15000 10591 1.0878932 23
0.1318 0 0 134.914 31431 15000 10547 1.0825884 24
0.1319 0 0 134.923 31433 15000 10510 1.079664 17
0.132 0 0 134.925 31434 15000 10400 1.0646992 22
0.1321 0 0 134.939 31435 15000 10463 1.0747972 22
0.1322 0 0 134.94 31437 15000 10586 1.0864784 19
0.1323 0 0 134.951 31438 15000 10477 1.0757644 18
0.1324 0 0 134.952 31440 15000 10454 1.072774 21
0.1325 0 0 134.954 31441 15000 10538 1.0812004 20
0.1326 0 0 134.951 31443 15000 10458 1.0764232 18
0.1327 0 0 134.944 31444 15000 10459 1.0752484 23
0.1328 0 0 134.942 31445 15000 10652 1.092358 16
0.1329 0 0 134.931 31447 15000 10535 1.081864 22
0.133 0 0 134.93 31448 15000 10718 1.103858 14
0.1331 0 0 134.919 31450 15000 10402 1.0704856 21
0.1332 0 0 134.923 31451 15000 10743 1.1006828 17
0.1333 0 0 134.919 31453 15000 10513 1.0783172 20
0.1334 0 0 134.924 31454 15000 10592 1.0841236 24
0.1335 0 0 134.929 31455 15000 10724 1.098722 31
0.1336 0 0 134.932 31457 15000 10450 1.0708516 9
0.1337 0 0 134.941 31458 15000 10450 1.0721812 15
0.1338 0 0 134.942 31460 15000 10522 1.0773048 17
0.1339 0 0 134.949 31461 15000 10403 1.0677472 17
0.134 0 0 134.944 31462 15000 10516 1.081766 20
0.1341 0 0 134.948 31464 15000 10633 1.090576 19
0.1342 0 0 134.942 31465 15000 10605 1.0838968 23
0.1343 0 0 134.939 31467 15000 10455 1.0738476 18
0.1344 0 0 134.933 31468 15000 10447 1.075836 16
0.1345 0 0 134.924 31470 15000 10371 1.0663496 15
0.1346 0 0 134.919 31471 15000 10608 1.0865064 15
0.1347 0 0 134.906 31472 15000 10475 1.073648 18
0.1348 0 0 134.906 31474 15000 10555 1.0853 17
0.1349 0 0 134.896 31475 15000 10540 1.0804116 15
0.135 0 0 134.902 31477 15000 10369 1.0647436 18
