0.05 0 0 139.843 30381 15000 10786 1.092616 12
0.0502 0 0 139.844 30382 15000 10829 1.0959304 12
0.0504 0 0 139.843 30383 15000 10603 1.0763668 7
0.0506 0 0 139.837 30385 15000 10646 1.0796256 6
0.0508 0 0 139.837 30386 15000 10684 1.0809728 9
0.051 0 0 139.826 30388 15000 10802 1.0931812 10
0.0512 0 0 139.828 30389 15000 10668 1.0802144 11
0.0514 0 0 139.817 30391 15000 10772 1.0887156 12
0.0516 0 0 139.821 30392 15000 10764 1.0873404 13
0.0518 0 0 139.816 30393 15000 10789 1.0928356 8
0.052 0 0 139.823 30395 15000 10745 1.0897232 7
0.0522 0 0 139.827 30396 15000 10860 1.0964992 13
0.0524 0 0 139.831 30398 15000 10825 1.0962568 5
0.0526 0 0 139.838 30399 15000 10703 1.0862808 4
0.0528 0 0 139.836 30400 15000 10905 1.10442 7
0.053 0 0 139.84 30402 15000 10762 1.0937548 8
0.0532 0 0 139.831 30403 15000 10850 1.0956084 7
0.0534 0 0 139.831 30405 15000 10698 1.0854048 11
0.0536 0 0 139.82 30406 15000 10621 1.0757648 6
0.0538 0 0 139.814 30407 15000 10699 1.0823016 6
0.054 0 0 139.806 30409 15000 10794 1.0954932 8
0.0542 0 0 139.796 30410 15000 10971 1.1105432 7
0.0544 0 0 139.796 30412 15000 10704 1.0829656 7
0.0546 0 0 139.789 30413 15000 10660 1.0800304 6
0.0548 0 0 139.799 30415 15000 10714 1.0864872 5
0.055 0 0 139.799 30416 15000 10717 1.0867696 6
0.0552 0 0 139.813 30417 15000 10855 1.0978536 8
0.0554 0 0 139.818 30419 15000 10701 1.0854428 11
0.0556 0 0 139.825 30420 15000 10698 1.0848244 9
0.0558 0 0 139.829 30422 15000 10778 1.0907192 8
0.056 0 0 139.826 30423 15000 10777 1.095106 7
0.0562 0 0 139.825 30425 15000 10740 1.088532 8
0.0564 0 0 139.813 30426 15000 10780 1.0899504 7
0.0566 0 0 139.81 30427 15000 10603 1.0771932 9
0.0568 0 0 139.795 30429 15000 10676 1.0817944 6
0.057 0 0 139.795 30430 15000 10678 1.08147 7
0.0572 0 0 139.788 30432 15000 10597 1.0758844 6
0.0574 0 0 139.789 30433 15000 10767 1.0958328 8
0.0576 0 0 139.794 30435 15000 10974 1.1139304 11
0.0578 0 0 139.797 30436 15000 10719 1.087968 4
0.058 0 0 139.806 30437 15000 10585 1.0777392 9
0.0582 0 0 139.805 30439 15000 10931 1.1084076 7
0.0584 0 0 139.814 30440 15000 10773 1.0887324 7
0.0586 0 0 139.811 30441 15000 10782 1.091774 2
0.0588 0 0 139.817 30443 15000 10705 1.0883 6
0.059 0 0 139.816 30444 15000 10652 1.0822332 7
0.0592 0 0 139.818 30446 15000 10756 1.088782 6
0.0594 0 0 139.819 30447 15000 10784 1.0927092 5
0.0596 0 0 139.818 30449 15000 10763 1.0930804 10
0.0598 0 0 139.822 30450 15000 10673 1.0823728 8
0.06 0 0 139.818 30451 15000 10678 1.0804928 1
0.0602 0 0 139.827 30453 15000 10849 1.103304 4
0.0604 0 0 139.825 30454 15000 10798 1.095512 6
0.0606 0 0 139.834 30456 15000 10663 1.083156 4
0.0608 0 0 139.834 30457 15000 10735 1.0901692 6
0.061 0 0 139.836 30459 15000 10565 1.0712356 11
0.0612 0 0 139.839 30460 15000 10755 1.0929628 4
0.0614 0 0 139.838 30462 15000 10738 1.0913732 4
0.0616 0 0 139.843 30463 15000 10823 1.1003584 5
0.0618 0 0 139.838 30464 15000 10605 1.077376 4
0.062 0 0 139.845 30466 15000 10725 1.0862184 8
0.0622 0 0 139.839 30467 15000 10868 1.100042 8
0.0624 0 0 139.844 30469 15000 10697 1.0860792 10
0.0626 0 0 139.838 30470 15000 10858 1.1040108 6
0.0628 0 0 139.84 30472 15000 10759 1.0945056 7
0.063 0 0 139.84 30473 15000 10830 1.096868 10
0.0632 0 0 139.837 30474 15000 10820 1.0973992 5
0.0634 0 0 139.841 30476 15000 10656 1.0818028 6
0.0636 0 0 139.835 30477 15000 10664 1.0803992 7
0.0638 0 0 139.841 30478 15000 10763 1.0909452 3
0.064 0 0 139.837 30480 15000 10710 1.0858892 15
0.0642 0 0 139.841 30481 15000 10662 1.0811684 7
0.0644 0 0 139.841 30483 15000 10776 1.0940972 4
0.0646 0 0 139.84 30484 15000 10565 1.0745876 13
0.0648 0 0 139.842 30486 15000 10770 1.0955848 8
0.065 0 0 139.837 30487 15000 10748 1.0881296 11
0.0652 0 0 139.842 30488 15000 10702 1.0890464 4
0.0654 0 0 139.837 30490 15000 10657 1.0828144 9
0.0656 0 0 139.845 30491 15000 10711 1.085136 6
0.0658 0 0 139.842 30492 15000 10841 1.1 8
0.066 0 0 139.848 30494 15000 10767 1.0915988 4
0.0662 0 0 139.85 30495 15000 10832 1.0971704 4
0.0664 0 0 139.849 30497 15000 10706 1.0818528 6
0.0666 0 0 139.855 30498 15000 10597 1.0735192 2
0.0668 0 0 139.85 30499 15000 10614 1.0768804 7
0.067 0 0 139.856 30501 15000 10670 1.08124 4
0.0672 0 0 139.851 30502 15000 10789 1.0938988 10
0.0674 0 0 139.855 30504 15000 10659 1.0794748 10
0.0676 0 0 139.85 30505 15000 10801 1.0947156 5
0.0678 0 0 139.852 30507 15000 10821 1.0965816 8
0.068 0 0 139.85 30508 15000 10793 1.0968548 9
0.0682 0 0 139.849 30510 15000 10706 1.0858388 7
0.0684 0 0 139.849 30511 15000 10633 1.0783224 8
0.0686 0 0 139.844 30513 15000 10822 1.0996168 3
0.0688 0 0 139.846 30514 15000 10787 1.0946064 9
0.069 0 0 139.838 30516 15000 10759 1.0918484 9
0.0692 0 0 139.844 30517 15000 10815 1.0955372 11
0.0694 0 0 139.839 30518 15000 10733 1.093956 6
0.0696 0 0 139.848 30520 15000 10665 1.0808976 8
0.0698 0 0 139.846 30522 15000 10654 1.081934 6
0.07 0 0 139.853 30523 15000 10616 1.0775772 6
0.0702 0 0 139.853 30524 15000 10708 1.0886424 4
0.0704 0 0 139.855 30526 15000 10826 1.095308 10
0.0706 0 0 139.855 30527 15000 10777 1.0954524 4
0.0708 0 0 139.85 30529 15000 10650 1.0762568 5
0.071 0 0 139.853 30530 15000 10644 1.0828616 5
0.0712 0 0 139.845 30531 15000 10609 1.0711488 5
0.0714 0 0 139.849 30533 15000 10608 1.0771444 8
0.0716 0 0 139.843 30534 15000 10652 1.0818696 4
0.0718 0 0 139.847 30536 15000 10680 1.0840352 6
0.072 0 0 139.843 30537 15000 10759 1.092148 5
0.0722 0 0 139.843 30539 15000 10660 1.0809216 12
0.0724 0 0 139.844 30540 15000 10582 1.0728368 7
0.0726 0 0 139.839 30542 15000 10856 1.10117 9
0.0728 0 0 139.842 30543 15000 10552 1.0689512 5
0.073 0 0 139.835 30544 15000 10496 1.0671456 2
0.0732 0 0 139.841 30546 15000 10528 1.0678528 8
0.0734 0 0 139.835 30547 15000 10671 1.0844968 4
0.0736 0 0 139.841 30549 15000 10658 1.0851164 7
0.0738 0 0 139.839 30550 15000 10687 1.088312 4
0.074 0 0 139.841 30551 15000 10747 1.0920172 7
0.0742 0 0 139.842 30553 15000 10815 1.0995892 12
0.0744 0 0 139.839 30554 15000 10656 1.0803664 6
0.0746 0 0 139.842 30556 15000 10680 1.0838568 7
0.0748 0 0 139.835 30557 15000 10698 1.0869204 4
0.075 0 0 139.839 30558 15000 10519 1.0672832 5
0.0752 0 0 139.834 30560 15000 10684 1.0824088 5
0.0754 0 0 139.836 30561 15000 10587 1.0748632 6
0.0756 0 0 139.836 30563 15000 10588 1.0731024 5
0.0758 0 0 139.834 30564 15000 10696 1.0832888 5
0.076 0 0 139.839 30565 15000 10649 1.0782948 8
0.0762 0 0 139.834 30567 15000 10547 1.0708444 7
0.0764 0 0 139.842 30568 15000 10701 1.089706 8
0.0766 0 0 139.838 30569 15000 10792 1.0952732 8
0.0768 0 0 139.844 30571 15000 10550 1.0718436 2
0.077 0 0 139.842 30572 15000 10603 1.0739972 2
0.0772 0 0 139.843 30574 15000 10840 1.0996864 4
0.0774 0 0 139.844 30575 15000 10724 1.0877744 6
0.0776 0 0 139.839 30577 15000 10696 1.0873716 8
0.0778 0 0 139.842 30578 15000 10641 1.0828164 5
0.078 0 0 139.834 30579 15000 10659 1.0823172 7
0.0782 0 0 139.836 30581 15000 10811 1.0987164 8
0.0784 0 0 139.829 30582 15000 10749 1.0895492 4
0.0786 0 0 139.831 30584 15000 10713 1.0888656 8
0.0788 0 0 139.83 30585 15000 10619 1.0768348 4
0.079 0 0 139.83 30587 15000 10821 1.0976668 5
0.0792 0 0 139.835 30588 15000 10655 1.081956 5
0.0794 0 0 139.834 30589 15000 10749 1.0935416 8
0.0796 0 0 139.842 30591 15000 10759 1.095044 4
0.0798 0 0 139.839 30592 15000 10773 1.0928208 6
0.08 0 0 139.846 30594 15000 10632 1.0778924 8
