0.105 0 0 60.5015 59855 15000 8936 1.3065316 4
0.1051 0 0 60.4958 59857 15000 9040 1.3200776 5
0.1052 0 0 60.491 59858 15000 9043 1.3214572 1
0.1053 0 0 60.496 59860 15000 9037 1.319426 3
0.1054 0 0 60.5028 59862 15000 8988 1.3159088 3
0.1055 0 0 60.5194 59863 15000 8797 1.285054 11
0.1056 0 0 60.534 59865 15000 8985 1.311688 3
0.1057 0 0 60.5522 59867 15000 8974 1.3118992 1
0.1058 0 0 60.5627 59868 15000 9049 1.3194432 4
0.1059 0 0 60.57 59870 15000 9074 1.3243392 2
0.106 0 0 60.5698 59872 15000 8888 1.2932984 6
0.1061 0 0 60.5662 59873 15000 8862 1.29513 3
0.1062 0 0 60.5581 59875 15000 8906 1.3013076 8
0.1063 0 0 60.5526 59876 15000 8929 1.307076 2
0.1064 0 0 60.5471 59878 15000 8918 1.3073412 3
0.1065 0 0 60.5506 59879 15000 8905 1.2964456 5
0.1066 0 0 60.5541 59881 15000 8972 1.3083976 5
0.1067 0 0 60.5664 59883 15000 9074 1.3236352 8
0.1068 0 0 60.581 59884 15000 9139 1.3372204 7
0.1069 0 0 60.5946 59886 15000 9015 1.3117584 7
0.107 0 0 60.6044 59888 15000 9050 1.3285652 4
0.1071 0 0 60.6129 59890 15000 8937 1.3099648 5
0.1072 0 0 60.6148 59891 15000 8822 1.2918892 1
0.1073 0 0 60.612 59893 15000 8930 1.3016976 5
0.1074 0 0 60.6041 59894 15000 8874 1.2917104 2
0.1075 0 0 60.595 59896 15000 8926 1.3035156 0
0.1076 0 0 60.588 59898 15000 8902 1.2956852 4
0.1077 0 0 60.5858 59900 15000 8944 1.3040148 8
0.1078 0 0 60.5887 59901 15000 8989 1.3128744 4
0.1079 0 0 60.5955 59903 15000 9060 1.3219716 5
0.108 0 0 60.6067 59905 15000 8857 1.2933408 6
0.1081 0 0 60.6178 59906 15000 9001 1.3153816 4
0.1082 0 0 60.6239 59908 15000 9081 1.3255052 5
0.1083 0 0 60.6236 59910 15000 8983 1.3130068 5
0.1084 0 0 60.6169 59911 15000 8951 1.3041204 9
0.1085 0 0 60.6014 59913 15000 8850 1.2960312 1
0.1086 0 0 60.5864 59915 15000 9011 1.3174276 7
0.1087 0 0 60.5693 59916 15000 8945 1.3101712 4
0.1088 0 0 60.5637 59918 15000 9032 1.3232444 3
0.1089 0 0 60.5596 59920 15000 8873 1.2948136 3
0.109 0 0 60.5688 59921 15000 9067 1.3260228 5
0.1091 0 0 60.5798 59923 15000 9034 1.3173672 5
0.1092 0 0 60.5991 59925 15000 8871 1.2949612 5
0.1093 0 0 60.6174 59926 15000 8901 1.3004176 6
0.1094 0 0 60.6269 59928 15000 8855 1.2931048 4
0.1095 0 0 60.6318 59930 15000 8862 1.2960288 3
0.1096 0 0 60.6288 59931 15000 8833 1.2905276 2
0.1097 0 0 60.6212 59933 15000 8983 1.3072156 6
0.1098 0 0 60.6081 59935 15000 9102 1.3301668 5
0.1099 0 0 60.5985 59936 15000 8945 1.3080508 7
0.11 0 0 60.5911 59938 15000 8987 1.3160712 7
0.1101 0 0 60.5891 59940 15000 8922 1.2996112 4
0.1102 0 0 60.5909 59941 15000 8953 1.3061132 3
0.1103 0 0 60.599 59943 15000 8957 1.30734 6
0.1104 0 0 60.6096 59945 15000 9047 1.3212412 11
0.1105 0 0 60.625 59946 15000 8923 1.3048612 6
0.1106 0 0 60.636 59948 15000 8925 1.305828 5
0.1107 0 0 60.6422 59950 15000 8944 1.307024 6
0.1108 0 0 60.64 59951 15000 8964 1.310446 4
0.1109 0 0 60.634 59953 15000 8948 1.30793 8
0.111 0 0 60.6221 59955 15000 8913 1.3017192 7
0.1111 0 0 60.6138 59956 15000 8990 1.3111308 10
0.1112 0 0 60.6048 59958 15000 8960 1.3084616 6
0.1113 0 0 60.6056 59960 15000 8921 1.3002056 5
0.1114 0 0 60.6079 59961 15000 8898 1.3017876 8
0.1115 0 0 60.6189 59963 15000 9000 1.3164168 3
0.1116 0 0 60.6327 59965 15000 8988 1.3139884 8
0.1117 0 0 60.6433 59966 15000 9069 1.325934 7
0.1118 0 0 60.6529 59968 15000 9053 1.3238244 7
0.1119 0 0 60.6578 59970 15000 9008 1.3194392 5
0.112 0 0 60.6582 59971 15000 9010 1.314698 7
0.1121 0 0 60.6547 59973 15000 8959 1.3076128 7
0.1122 0 0 60.6496 59975 15000 8806 1.2879608 11
0.1123 0 0 60.6446 59976 15000 8925 1.3046148 2
0.1124 0 0 60.6409 59978 15000 9003 1.3210896 4
0.1125 0 0 60.6409 59980 15000 9021 1.3187568 9
0.1126 0 0 60.6432 59981 15000 8981 1.3130024 16
0.1127 0 0 60.646 59983 15000 8960 1.3081536 11
0.1128 0 0 60.6484 59985 15000 9009 1.31852 7
0.1129 0 0 60.6478 59986 15000 8942 1.3045256 8
0.113 0 0 60.6461 59988 15000 8917 1.3039928 6
0.1131 0 0 60.6416 59989 15000 8993 1.31412 16
0.1132 0 0 60.6394 59991 15000 8945 1.3108172 14
0.1133 0 0 60.6354 59993 15000 9032 1.3220808 14
0.1134 0 0 60.6369 59994 15000 8901 1.304584 17
0.1135 0 0 60.6372 59996 15000 9012 1.3176216 22
0.1136 0 0 60.6402 59998 15000 9068 1.3270516 16
0.1137 0 0 60.6404 60000 15000 8968 1.313472 19
0.1138 0 0 60.6427 60001 15000 8976 1.3116828 23
0.1139 0 0 60.6426 60003 15000 8948 1.3101516 19
0.114 0 0 60.6438 60005 15000 8818 1.2953992 36
0.1141 0 0 60.6428 60006 15000 8988 1.3111992 28
0.1142 0 0 60.6433 60008 15000 8998 1.3111124 33
0.1143 0 0 60.6421 60010 15000 8857 1.2952408 34
0.1144 0 0 60.6418 60011 15000 9028 1.3191344 32
0.1145 0 0 60.6399 60013 15000 9014 1.3200604 46
0.1146 0 0 60.6368 60015 15000 8945 1.3115892 40
0.1147 0 0 60.6358 60016 15000 8950 1.3106636 57
0.1148 0 0 60.6349 60018 15000 8915 1.3065584 66
0.1149 0 0 60.6371 60020 15000 8908 1.3003656 56
0.115 0 0 60.6387 60022 15000 9011 1.3173316 53
0.1151 0 0 60.6411 60023 15000 9115 1.329744 60
0.1152 0 0 60.6404 60025 15000 9010 1.3201816 62
0.1153 0 0 60.6396 60027 15000 9038 1.318332 55
0.1154 0 0 60.6347 60028 15000 8988 1.3166588 74
0.1155 0 0 60.6311 60030 15000 8995 1.3156916 72
0.1156 0 0 60.6258 60032 15000 8918 1.3005296 91
0.1157 0 0 60.6269 60033 15000 8856 1.2913304 94
0.1158 0 0 60.6273 60035 15000 8829 1.2944536 126
0.1159 0 0 60.6335 60037 15000 9026 1.3209656 126
0.116 0 0 60.6363 60038 15000 9016 1.3197704 166
0.1161 0 0 60.6379 60040 15000 8956 1.3131408 160
0.1162 0 0 60.6355 60042 15000 8996 1.3162816 194
0.1163 0 0 60.631 60043 15000 8999 1.3163856 201
0.1164 0 0 60.6249 60045 15000 9084 1.3293816 199
0.1165 0 0 60.6187 60047 15000 8992 1.3140676 199
0.1166 0 0 60.6174 60048 15000 8975 1.3137416 192
0.1167 0 0 60.6185 60050 15000 8963 1.3107784 167
0.1168 0 0 60.6237 60052 15000 8952 1.3084972 120
0.1169 0 0 60.629 60053 15000 9049 1.3259668 135
0.117 0 0 60.6364 60055 15000 9063 1.323454 128
0.1171 0 0 60.6407 60057 15000 9065 1.3240284 103
0.1172 0 0 60.6414 60058 15000 9083 1.331538 121
0.1173 0 0 60.6364 60060 15000 8999 1.313732 96
0.1174 0 0 60.6308 60062 15000 9015 1.3204576 101
0.1175 0 0 60.6228 60064 15000 8988 1.311674 134
0.1176 0 0 60.6213 60065 15000 9070 1.327842 123
0.1177 0 0 60.6191 60067 15000 8906 1.3013952 124
0.1178 0 0 60.6229 60068 15000 8885 1.2927648 127
0.1179 0 0 60.6254 60070 15000 9017 1.3212064 170
0.118 0 0 60.6311 60072 15000 9020 1.324838 189
0.1181 0 0 60.6331 60074 15000 8820 1.2909616 249
0.1182 0 0 60.6336 60075 15000 8957 1.3123648 286
0.1183 0 0 60.6306 60077 15000 9032 1.3241928 351
0.1184 0 0 60.6263 60079 15000 9070 1.3238828 498
0.1185 0 0 60.6219 60080 15000 9089 1.3207844 642
0.1186 0 0 60.6195 60082 15000 8914 1.3031432 774
0.1187 0 0 60.6195 60083 15000 9013 1.3125512 1024
0.1188 0 0 60.6228 60085 15000 8992 1.3119208 1370
0.1189 0 0 60.6285 60087 15000 9158 1.3326576 1698
0.119 0 0 60.6353 60088 15000 8938 1.3039992 2022
0.1191 0 0 60.6424 60090 15000 9090 1.32188 2391
0.1192 0 0 60.6466 60092 15000 8928 1.2995264 2695
0.1193 0 0 60.6486 60094 15000 9060 1.3174228 2870
0.1194 0 0 60.6461 60095 15000 9063 1.3177428 3157
0.1195 0 0 60.6426 60097 15000 9067 1.3157292 3507
0.1196 0 0 60.6343 60098 15000 9016 1.3095136 3927
0.1197 0 0 60.6311 60100 15000 8954 1.2962524 4333
0.1198 0 0 60.6263 60102 15000 9137 1.3167248 4815
0.1199 0 0 60.6298 60103 15000 9102 1.3239456 4836
0.12 0 0 60.6341 60105 15000 8986 1.3029944 4382
0.1201 0 0 60.6445 60107 15000 9125 1.3243052 3703
0.1202 0 0 60.6513 60108 15000 9076 1.323076 2792
0.1203 0 0 60.6578 60110 15000 8880 1.295612 2073
0.1204 0 0 60.6582 60112 15000 9090 1.3258136 1493
0.1205 0 0 60.6537 60113 15000 9044 1.3231072 1032
0.1206 0 0 60.644 60115 15000 8971 1.3100916 729
0.1207 0 0 60.6323 60117 15000 9010 1.3152604 579
0.1208 0 0 60.6218 60119 15000 8966 1.3114848 433
0.1209 0 0 60.6146 60120 15000 9124 1.3314776 371
0.121 0 0 60.6112 60122 15000 9057 1.3276764 319
0.1211 0 0 60.6128 60123 15000 9024 1.3196692 279
0.1212 0 0 60.6153 60125 15000 8923 1.308758 222
0.1213 0 0 60.6194 60127 15000 9001 1.3121328 190
0.1214 0 0 60.6226 60128 15000 9059 1.3280644 152
0.1215 0 0 60.6265 60130 15000 9022 1.3221596 147
0.1216 0 0 60.6289 60131 15000 8880 1.3015996 122
0.1217 0 0 60.6313 60133 15000 8939 1.3036448 126
0.1218 0 0 60.6326 60135 15000 9060 1.3274248 110
0.1219 0 0 60.6341 60136 15000 9039 1.3235256 98
0.122 0 0 60.6343 60138 15000 8917 1.3049024 83
0.1221 0 0 60.635 60139 15000 9073 1.323586 71
0.1222 0 0 60.6356 60141 15000 9012 1.316718 42
0.1223 0 0 60.6378 60143 15000 8999 1.31141 60
0.1224 0 0 60.6412 60144 15000 8892 1.3026688 36
0.1225 0 0 60.6452 60146 15000 8971 1.3130196 38
0.1226 0 0 60.6503 60148 15000 9027 1.3235884 31
0.1227 0 0 60.6544 60149 15000 9029 1.3195496 24
0.1228 0 0 60.6573 60151 15000 8979 1.314798 22
0.1229 0 0 60.6568 60153 15000 8973 1.3151772 29
0.123 0 0 60.6566 60154 15000 8859 1.2956664 17
0.1231 0 0 60.6532 60156 15000 9012 1.3217108 26
0.1232 0 0 60.654 60158 15000 8954 1.311252 17
0.1233 0 0 60.653 60160 15000 9002 1.3199604 16
0.1234 0 0 60.6553 60161 15000 8926 1.3071556 9
0.1235 0 0 60.6553 60163 15000 8964 1.3142888 17
0.1236 0 0 60.6598 60164 15000 8817 1.2937592 19
0.1237 0 0 60.6616 60166 15000 8876 1.297996 13
0.1238 0 0 60.6634 60168 15000 9026 1.3189876 20
0.1239 0 0 60.6612 60169 15000 8932 1.3070892 4
0.124 0 0 60.6584 60171 15000 8892 1.3038984 10
0.1241 0 0 60.6542 60173 15000 8936 1.3065628 12
0.1242 0 0 60.653 60174 15000 8841 1.29646 9
0.1243 0 0 60.6513 60176 15000 8880 1.3020044 9
0.1244 0 0 60.6514 60178 15000 8950 1.3106812 11
0.1245 0 0 60.6519 60180 15000 8911 1.3037612 12
0.1246 0 0 60.6524 60181 15000 8859 1.2934288 7
0.1247 0 0 60.6549 60183 15000 9080 1.3233912 10
0.1248 0 0 60.6557 60185 15000 8984 1.3133708 9
0.1249 0 0 60.6584 60186 15000 8988 1.31507 12
0.125 0 0 60.6583 60188 15000 8831 1.293914 7
0.1251 0 0 60.6622 60190 15000 9129 1.3405256 6
0.1252 0 0 60.6636 60191 15000 8897 1.3056716 9
0.1253 0 0 60.6655 60193 15000 8876 1.3005808 8
0.1254 0 0 60.6629 60195 15000 8961 1.3110132 6
0.1255 0 0 60.6609 60196 15000 8989 1.3136908 7
0.1256 0 0 60.6551 60198 15000 8830 1.2905144 5
0.1257 0 0 60.6516 60200 15000 8901 1.3030064 9
0.1258 0 0 60.6463 60201 15000 9001 1.3156368 11
0.1259 0 0 60.6466 60203 15000 8956 1.3081248 2
0.126 0 0 60.646 60205 15000 9020 1.322802 8
0.1261 0 0 60.6481 60206 15000 8829 1.2945196 6
0.1262 0 0 60.6485 60208 15000 8886 1.3069432 6
0.1263 0 0 60.6503 60210 15000 9023 1.3247692 9
0.1264 0 0 60.6505 60211 15000 8912 1.3038652 8
0.1265 0 0 60.6507 60213 15000 8870 1.2984844 4
0.1266 0 0 60.6504 60215 15000 8988 1.3174136 4
0.1267 0 0 60.6491 60217 15000 9011 1.3159296 5
0.1268 0 0 60.6494 60218 15000 8929 1.3086148 7
0.1269 0 0 60.6483 60220 15000 8980 1.3176496 6
0.127 0 0 60.6503 60222 15000 8955 1.3119768 2
0.1271 0 0 60.6501 60223 15000 9040 1.3245908 4
0.1272 0 0 60.6542 60225 15000 8920 1.3070268 4
0.1273 0 0 60.6559 60226 15000 8944 1.3105868 4
0.1274 0 0 60.6599 60228 15000 8824 1.2944448 10
0.1275 0 0 60.6606 60230 15000 8974 1.3145296 6
0.1276 0 0 60.6613 60232 15000 8931 1.3112436 4
0.1277 0 0 60.6582 60233 15000 8937 1.3095616 6
0.1278 0 0 60.657 60235 15000 8933 1.3112012 4
0.1279 0 0 60.6535 60236 15000 8947 1.3103392 7
0.128 0 0 60.6532 60238 15000 8948 1.3118256 4
0.1281 0 0 60.6509 60240 15000 8926 1.3089444 5
0.1282 0 0 60.6531 60242 15000 9021 1.322648 3
0.1283 0 0 60.6536 60243 15000 8984 1.31344 5
0.1284 0 0 60.6569 60245 15000 8856 1.2991616 5
0.1285 0 0 60.6578 60246 15000 9022 1.3223128 4
0.1286 0 0 60.6589 60248 15000 8931 1.3103232 1
0.1287 0 0 60.6576 60250 15000 8926 1.3063988 2
0.1288 0 0 60.6557 60252 15000 8981 1.3188888 5
0.1289 0 0 60.6534 60253 15000 8944 1.308984 5
0.129 0 0 60.6504 60255 15000 8871 1.3003328 2
0.1291 0 0 60.649 60256 15000 8898 1.3032284 7
0.1292 0 0 60.6473 60258 15000 8837 1.2964068 5
0.1293 0 0 60.6479 60260 15000 8899 1.3070576 3
0.1294 0 0 60.6485 60262 15000 8961 1.3125068 9
0.1295 0 0 60.6499 60263 15000 8906 1.3034948 2
0.1296 0 0 60.6483 60265 15000 8939 1.313068 2
0.1297 0 0 60.6487 60267 15000 9050 1.3279412 4
0.1298 0 0 60.6463 60268 15000 9110 1.3361852 1
0.1299 0 0 60.6464 60270 15000 8852 1.2992768 3
0.13 0 0 60.6435 60272 15000 8977 1.3158856 5
0.1301 0 0 60.6443 60273 15000 8925 1.3107052 5
0.1302 0 0 60.6431 60275 15000 9020 1.3193692 8
0.1303 0 0 60.6461 60277 15000 9034 1.3239936 6
0.1304 0 0 60.6472 60278 15000 8779 1.286726 4
0.1305 0 0 60.6498 60280 15000 8928 1.3087164 3
0.1306 0 0 60.6492 60282 15000 9042 1.322492 6
0.1307 0 0 60.6465 60283 15000 8939 1.3069864 4
0.1308 0 0 60.642 60285 15000 8949 1.3064728 2
0.1309 0 0 60.6372 60286 15000 8909 1.3098728 8
0.131 0 0 60.6333 60288 15000 9101 1.3341772 4
0.1311 0 0 60.6334 60290 15000 9100 1.334864 2
0.1312 0 0 60.6361 60292 15000 8908 1.3079988 4
0.1313 0 0 60.6405 60293 15000 8918 1.3047308 2
0.1314 0 0 60.6447 60295 15000 8973 1.3138524 5
0.1315 0 0 60.6467 60296 15000 9027 1.3184224 3
0.1316 0 0 60.6461 60298 15000 9016 1.3221084 3
0.1317 0 0 60.6417 60300 15000 9061 1.3292668 2
0.1318 0 0 60.6355 60301 15000 8961 1.3170128 2
0.1319 0 0 60.6262 60303 15000 8987 1.3219564 3
0.132 0 0 60.6225 60305 15000 8973 1.3173896 4
0.1321 0 0 60.6178 60306 15000 8913 1.3087028 4
0.1322 0 0 60.6194 60308 15000 8892 1.3028656 1
0.1323 0 0 60.6196 60310 15000 8912 1.3061076 3
0.1324 0 0 60.6217 60311 15000 8972 1.3153516 5
0.1325 0 0 60.6202 60313 15000 9053 1.3274664 2
0.1326 0 0 60.6173 60315 15000 9051 1.324304 3
0.1327 0 0 60.6094 60316 15000 8887 1.30178 0
0.1328 0 0 60.6047 60318 15000 8821 1.289128 3
0.1329 0 0 60.5978 60320 15000 9061 1.328532 4
0.133 0 0 60.5976 60321 15000 9001 1.3186072 6
0.1331 0 0 60.5976 60323 15000 8997 1.3214164 2
0.1332 0 0 60.6049 60325 15000 9012 1.320168 5
0.1333 0 0 60.6123 60326 15000 9010 1.322544 1
0.1334 0 0 60.6233 60328 15000 8910 1.3019872 1
0.1335 0 0 60.63 60330 15000 8972 1.3141796 3
0.1336 0 0 60.6349 60331 15000 8992 1.3207584 5
0.1337 0 0 60.634 60333 15000 8902 1.303074 2
0.1338 0 0 60.6288 60335 15000 8938 1.312464 2
0.1339 0 0 60.6227 60336 15000 8989 1.320392 5
0.134 0 0 60.6163 60338 15000 8930 1.3103708 4
0.1341 0 0 60.615 60340 15000 8922 1.3121156 2
0.1342 0 0 60.6148 60342 15000 8887 1.303798 3
0.1343 0 0 60.6199 60343 15000 8922 1.3064768 2
0.1344 0 0 60.625 60345 15000 9035 1.3248044 1
0.1345 0 0 60.6352 60346 15000 8914 1.3067528 1
0.1346 0 0 60.6439 60348 15000 8995 1.3200112 3
0.1347 0 0 60.6493 60350 15000 8985 1.3156476 3
0.1348 0 0 60.6494 60352 15000 9041 1.3268372 4
0.1349 0 0 60.6464 60353 15000 9098 1.335538 2
0.135 0 0 60.6392 60355 15000 8921 1.3105152 2
