0.11 0 0 125.029 33163 15000 10487 1.1011208 11
0.1101 0 0 125.03 33164 15000 10495 1.1011012 7
0.1102 0 0 125.026 33166 15000 10562 1.1060632 8
0.1103 0 0 125.029 33167 15000 10375 1.0909648 7
0.1104 0 0 125.024 33168 15000 10394 1.0927576 6
0.1105 0 0 125.033 33170 15000 10477 1.1006012 7
0.1106 0 0 125.032 33171 15000 10385 1.0939484 9
0.1107 0 0 125.041 33173 15000 10444 1.0935528 6
0.1108 0 0 125.044 33174 15000 10314 1.0804672 10
0.1109 0 0 125.047 33176 15000 10393 1.093278 10
0.111 0 0 125.051 33177 15000 10370 1.0886228 7
0.1111 0 0 125.049 33178 15000 10357 1.0846888 3
0.1112 0 0 125.053 33180 15000 10342 1.0846888 8
0.1113 0 0 125.047 33181 15000 10462 1.0969888 8
0.1114 0 0 125.052 33183 15000 10526 1.1040112 8
0.1115 0 0 125.047 33184 15000 10445 1.0984072 5
0.1116 0 0 125.051 33185 15000 10384 1.08821 14
0.1117 0 0 125.05 33187 15000 10377 1.0939372 6
0.1118 0 0 125.051 33188 15000 10326 1.08649 5
0.1119 0 0 125.054 33190 15000 10448 1.0975852 7
0.112 0 0 125.051 33191 15000 10308 1.0829992 9
0.1121 0 0 125.054 33192 15000 10394 1.0934832 4
0.1122 0 0 125.047 33194 15000 10487 1.1026036 8
0.1123 0 0 125.05 33195 15000 10309 1.0847188 8
0.1124 0 0 125.044 33197 15000 10450 1.098738 8
0.1125 0 0 125.047 33198 15000 10326 1.0824616 10
0.1126 0 0 125.046 33200 15000 10498 1.1027924 3
0.1127 0 0 125.047 33201 15000 10382 1.092834 8
0.1128 0 0 125.05 33203 15000 10450 1.0994548 8
0.1129 0 0 125.048 33204 15000 10314 1.0838304 11
0.113 0 0 125.053 33205 15000 10346 1.0869516 11
0.1131 0 0 125.048 33207 15000 10390 1.0908912 10
0.1132 0 0 125.053 33208 15000 10398 1.0926736 8
0.1133 0 0 125.049 33210 15000 10557 1.103626 7
0.1134 0 0 125.054 33211 15000 10488 1.1024308 6
0.1135 0 0 125.056 33212 15000 10376 1.092546 11
0.1136 0 0 125.058 33214 15000 10262 1.077858 9
0.1137 0 0 125.064 33215 15000 10558 1.108542 14
0.1138 0 0 125.063 33217 15000 10256 1.0771568 11
0.1139 0 0 125.069 33218 15000 10425 1.0934932 15
0.114 0 0 125.064 33220 15000 10331 1.0862776 12
0.1141 0 0 125.068 33221 15000 10409 1.0918392 11
0.1142 0 0 125.062 33222 15000 10414 1.0934752 9
0.1143 0 0 125.064 33224 15000 10549 1.1095232 9
0.1144 0 0 125.064 33225 15000 10293 1.0836776 11
0.1145 0 0 125.065 33227 15000 10441 1.0988764 13
0.1146 0 0 125.071 33228 15000 10281 1.0822804 9
0.1147 0 0 125.072 33229 15000 10338 1.0882588 9
0.1148 0 0 125.085 33231 15000 10339 1.0860444 11
0.1149 0 0 125.088 33232 15000 10339 1.0876132 10
0.115 0 0 125.102 33234 15000 10422 1.0963964 8
0.1151 0 0 125.107 33235 15000 10357 1.0908 10
0.1152 0 0 125.114 33236 15000 10465 1.101798 12
0.1153 0 0 125.118 33238 15000 10405 1.0947596 7
0.1154 0 0 125.116 33239 15000 10423 1.09717 13
0.1155 0 0 125.117 33241 15000 10417 1.0984256 12
0.1156 0 0 125.108 33242 15000 10498 1.103206 13
0.1157 0 0 125.11 33244 15000 10408 1.0932264 16
0.1158 0 0 125.103 33245 15000 10416 1.09589 9
0.1159 0 0 125.107 33246 15000 10326 1.0834828 12
0.116 0 0 125.106 33248 15000 10292 1.0833456 8
0.1161 0 0 125.109 33249 15000 10403 1.094672 12
0.1162 0 0 125.112 33251 15000 10308 1.0861368 8
0.1163 0 0 125.111 33252 15000 10395 1.0915448 7
0.1164 0 0 125.109 33254 15000 10564 1.1056752 8
0.1165 0 0 125.1 33255 15000 10306 1.0824952 14
0.1166 0 0 125.096 33256 15000 10393 1.0929896 9
0.1167 0 0 125.083 33258 15000 10247 1.0806256 14
0.1168 0 0 125.083 33259 15000 10323 1.0875648 8
0.1169 0 0 125.075 33261 15000 10403 1.0951508 11
0.117 0 0 125.083 33263 15000 10478 1.099304 13
0.1171 0 0 125.085 33264 15000 10501 1.104072 9
0.1172 0 0 125.098 33265 15000 10404 1.095638 10
0.1173 0 0 125.107 33267 15000 10398 1.0951672 16
0.1174 0 0 125.117 33268 15000 10214 1.0720092 9
0.1175 0 0 125.129 33270 15000 10434 1.096106 12
0.1176 0 0 125.133 33271 15000 10428 1.099168 9
0.1177 0 0 125.138 33273 15000 10459 1.0977296 11
0.1178 0 0 125.133 33274 15000 10411 1.0940244 19
0.1179 0 0 125.135 33275 15000 10407 1.0929776 10
0.118 0 0 125.125 33277 15000 10521 1.1037268 10
0.1181 0 0 125.126 33278 15000 10419 1.0947008 12
0.1182 0 0 125.121 33280 15000 10389 1.0943576 12
0.1183 0 0 125.121 33281 15000 10306 1.0870112 19
0.1184 0 0 125.121 33283 15000 10458 1.0987464 20
0.1185 0 0 125.119 33284 15000 10535 1.1063504 17
0.1186 0 0 125.124 33286 15000 10380 1.0921972 16
0.1187 0 0 125.122 33287 15000 10421 1.097412 16
0.1188 0 0 125.128 33288 15000 10329 1.0877268 18
0.1189 0 0 125.124 33290 15000 10447 1.0977716 21
0.119 0 0 125.129 33291 15000 10272 1.0819888 22
0.1191 0 0 125.125 33293 15000 10477 1.1037476 31
0.1192 0 0 125.128 33294 15000 10469 1.1015632 23
0.1193 0 0 125.128 33296 15000 10426 1.09566 26
0.1194 0 0 125.127 33297 15000 10457 1.0988996 34
0.1195 0 0 125.129 33298 15000 10432 1.0968688 54
0.1196 0 0 125.124 33300 15000 10146 1.0677612 56
0.1197 0 0 125.128 33301 15000 10418 1.0972108 78
0.1198 0 0 125.121 33303 15000 10433 1.0999888 98
0.1199 0 0 125.127 33304 15000 10355 1.0872912 112
0.12 0 0 125.122 33306 15000 10284 1.083086 120
0.1201 0 0 125.125 33307 15000 10438 1.0984224 182
0.1202 0 0 125.122 33309 15000 10402 1.092202 213
0.1203 0 0 125.119 33310 15000 10416 1.0970748 239
0.1204 0 0 125.115 33311 15000 10469 1.1021672 278
0.1205 0 0 125.108 33313 15000 10322 1.0856288 319
0.1206 0 0 125.108 33314 15000 10403 1.0971264 372
0.1207 0 0 125.1 33316 15000 10390 1.0963664 523
0.1208 0 0 125.103 33317 15000 10331 1.0895228 720
0.1209 0 0 125.097 33319 15000 10461 1.102812 957
0.121 0 0 125.099 33320 15000 10404 1.0961828 1281
0.1211 0 0 125.093 33321 15000 10595 1.1083648 1546
0.1212 0 0 125.094 33323 15000 10525 1.0993764 1667
0.1213 0 0 125.093 33324 15000 10519 1.1002324 1866
0.1214 0 0 125.09 33326 15000 10353 1.0826588 2102
0.1215 0 0 125.094 33327 15000 10469 1.0920196 2564
0.1216 0 0 125.091 33329 15000 10459 1.087402 3053
0.1217 0 0 125.097 33330 15000 10556 1.097476 3632
0.1218 0 0 125.093 33331 15000 10486 1.0975852 4000
0.1219 0 0 125.097 33333 15000 10532 1.0921196 3966
0.122 0 0 125.093 33334 15000 10379 1.0850676 2772
0.1221 0 0 125.094 33336 15000 10483 1.0999876 1651
0.1222 0 0 125.095 33337 15000 10549 1.1040304 868
0.1223 0 0 125.094 33338 15000 10401 1.0923512 530
0.1224 0 0 125.099 33340 15000 10272 1.081998 373
0.1225 0 0 125.095 33341 15000 10403 1.090768 308
0.1226 0 0 125.103 33343 15000 10326 1.08897 296
0.1227 0 0 125.101 33344 15000 10225 1.0767264 217
0.1228 0 0 125.108 33345 15000 10478 1.1050608 212
0.1229 0 0 125.112 33347 15000 10443 1.1052412 175
0.123 0 0 125.113 33348 15000 10366 1.0919132 154
0.1231 0 0 125.117 33349 15000 10462 1.1006908 158
0.1232 0 0 125.111 33351 15000 10536 1.1099064 132
0.1233 0 0 125.113 33352 15000 10482 1.099938 104
0.1234 0 0 125.104 33354 15000 10347 1.0887448 108
0.1235 0 0 125.107 33355 15000 10393 1.0910876 110
0.1236 0 0 125.104 33357 15000 10357 1.0884456 107
0.1237 0 0 125.108 33358 15000 10367 1.0918268 77
0.1238 0 0 125.112 33359 15000 10323 1.0892828 67
0.1239 0 0 125.116 33361 15000 10407 1.095244 86
0.124 0 0 125.128 33362 15000 10538 1.1085748 67
0.1241 0 0 125.132 33364 15000 10317 1.0863436 58
0.1242 0 0 125.145 33365 15000 10540 1.1069756 69
0.1243 0 0 125.146 33367 15000 10321 1.085386 49
0.1244 0 0 125.155 33368 15000 10537 1.111568 54
0.1245 0 0 125.152 33370 15000 10223 1.0738304 53
0.1246 0 0 125.152 33371 15000 10415 1.0998464 45
0.1247 0 0 125.143 33373 15000 10447 1.100208 51
0.1248 0 0 125.137 33374 15000 10397 1.0956424 29
0.1249 0 0 125.13 33375 15000 10236 1.0791532 40
0.125 0 0 125.121 33377 15000 10423 1.0986412 39
0.1251 0 0 125.122 33378 15000 10374 1.0933304 44
0.1252 0 0 125.119 33380 15000 10424 1.0961148 44
0.1253 0 0 125.131 33381 15000 10328 1.0879172 37
0.1254 0 0 125.134 33383 15000 10364 1.0941668 32
0.1255 0 0 125.148 33384 15000 10385 1.090724 29
0.1256 0 0 125.151 33386 15000 10416 1.0936148 28
0.1257 0 0 125.158 33387 15000 10339 1.0931128 42
0.1258 0 0 125.16 33388 15000 10363 1.0925696 29
0.1259 0 0 125.159 33390 15000 10461 1.1017544 34
0.126 0 0 125.158 33391 15000 10334 1.0877544 36
0.1261 0 0 125.152 33393 15000 10392 1.0938796 32
0.1262 0 0 125.151 33394 15000 10416 1.0995724 34
0.1263 0 0 125.142 33396 15000 10349 1.089354 35
0.1264 0 0 125.144 33397 15000 10550 1.1063956 31
0.1265 0 0 125.136 33399 15000 10385 1.0955984 28
0.1266 0 0 125.138 33400 15000 10294 1.078774 29
0.1267 0 0 125.135 33401 15000 10502 1.1093232 24
0.1268 0 0 125.137 33403 15000 10393 1.0955372 31
0.1269 0 0 125.137 33404 15000 10414 1.09661 40
0.127 0 0 125.135 33406 15000 10455 1.1004 29
0.1271 0 0 125.137 33407 15000 10323 1.0859376 35
0.1272 0 0 125.131 33409 15000 10286 1.0828372 23
0.1273 0 0 125.135 33410 15000 10554 1.1127208 22
0.1274 0 0 125.13 33412 15000 10477 1.1013168 36
0.1275 0 0 125.134 33413 15000 10441 1.0972284 24
0.1276 0 0 125.128 33414 15000 10479 1.1025956 25
0.1277 0 0 125.129 33416 15000 10345 1.0910056 19
0.1278 0 0 125.127 33417 15000 10451 1.1024368 15
0.1279 0 0 125.123 33419 15000 10501 1.1067676 31
0.128 0 0 125.126 33420 15000 10360 1.0929532 21
0.1281 0 0 125.122 33421 15000 10340 1.0902368 23
0.1282 0 0 125.126 33423 15000 10342 1.08831 21
0.1283 0 0 125.121 33424 15000 10498 1.1063512 20
0.1284 0 0 125.125 33426 15000 10382 1.0944636 28
0.1285 0 0 125.121 33427 15000 10442 1.1014496 21
0.1286 0 0 125.125 33429 15000 10362 1.0935584 26
0.1287 0 0 125.124 33430 15000 10447 1.1008336 24
0.1288 0 0 125.125 33432 15000 10354 1.0902892 18
0.1289 0 0 125.125 33433 15000 10421 1.0979388 17
0.129 0 0 125.121 33434 15000 10459 1.099688 22
0.1291 0 0 125.123 33436 15000 10371 1.089634 18
0.1292 0 0 125.115 33437 15000 10434 1.1010748 23
0.1293 0 0 125.119 33439 15000 10277 1.0837492 18
0.1294 0 0 125.115 33440 15000 10429 1.0977572 23
0.1295 0 0 125.119 33441 15000 10443 1.099374 23
0.1296 0 0 125.119 33443 15000 10331 1.0909016 17
0.1297 0 0 125.118 33444 15000 10381 1.0972732 28
0.1298 0 0 125.118 33446 15000 10488 1.102956 18
0.1299 0 0 125.111 33447 15000 10545 1.1132256 25
0.13 0 0 125.111 33449 15000 10360 1.0938364 29
