0.11 0 0 93.3719 47769 15000 9276 1.1757324 7
0.1101 0 0 93.3678 47771 15000 9477 1.1982808 5
0.1102 0 0 93.3674 47772 15000 9306 1.177918 11
0.1103 0 0 93.3711 47774 15000 9387 1.1880084 5
0.1104 0 0 93.3759 47775 15000 9473 1.1964592 3
0.1105 0 0 93.3875 47777 15000 9420 1.1894172 3
0.1106 0 0 93.3964 47778 15000 9382 1.1861012 4
0.1107 0 0 93.4076 47780 15000 9251 1.1679176 6
0.1108 0 0 93.4145 47781 15000 9503 1.2009284 4
0.1109 0 0 93.4213 47783 15000 9434 1.1955596 4
0.111 0 0 93.4221 47784 15000 9346 1.1845316 8
0.1111 0 0 93.4249 47786 15000 9211 1.1670328 9
0.1112 0 0 93.4201 47787 15000 9255 1.1707208 4
0.1113 0 0 93.4205 47789 15000 9345 1.185896 4
0.1114 0 0 93.4145 47790 15000 9464 1.2025504 4
0.1115 0 0 93.4165 47792 15000 9373 1.184694 8
0.1116 0 0 93.4149 47793 15000 9422 1.1944492 3
0.1117 0 0 93.4189 47795 15000 9469 1.1950224 2
0.1118 0 0 93.4197 47796 15000 9538 1.2072012 6
0.1119 0 0 93.4253 47798 15000 9516 1.2006668 7
0.112 0 0 93.4314 47799 15000 9445 1.1945832 4
0.1121 0 0 93.437 47801 15000 9320 1.1811692 7
0.1122 0 0 93.4435 47802 15000 9358 1.1866992 8
0.1123 0 0 93.4475 47804 15000 9514 1.2075188 7
0.1124 0 0 93.4519 47806 15000 9453 1.1992688 5
0.1125 0 0 93.4519 47807 15000 9372 1.1864564 6
0.1126 0 0 93.4539 47808 15000 9445 1.1918156 1
0.1127 0 0 93.4503 47810 15000 9222 1.1706184 4
0.1128 0 0 93.4519 47811 15000 9334 1.1817984 9
0.1129 0 0 93.4479 47813 15000 9443 1.19624 11
0.113 0 0 93.4527 47814 15000 9380 1.189052 10
0.1131 0 0 93.4523 47816 15000 9280 1.1774148 5
0.1132 0 0 93.4596 47818 15000 9447 1.1963544 11
0.1133 0 0 93.4616 47819 15000 9350 1.1874 7
0.1134 0 0 93.466 47821 15000 9302 1.1798272 5
0.1135 0 0 93.4652 47822 15000 9454 1.1945628 6
0.1136 0 0 93.4636 47824 15000 9397 1.1917292 8
0.1137 0 0 93.4564 47825 15000 9517 1.2091184 10
0.1138 0 0 93.4519 47827 15000 9312 1.1769388 7
0.1139 0 0 93.4455 47828 15000 9427 1.191624 8
0.114 0 0 93.4435 47830 15000 9457 1.1966688 8
0.1141 0 0 93.4423 47832 15000 9369 1.1843808 5
0.1142 0 0 93.4447 47833 15000 9414 1.1932116 13
0.1143 0 0 93.4471 47835 15000 9294 1.18198 11
0.1144 0 0 93.4507 47836 15000 9219 1.171946 11
0.1145 0 0 93.456 47838 15000 9303 1.1802984 15
0.1146 0 0 93.4584 47839 15000 9409 1.1967608 13
0.1147 0 0 93.46 47841 15000 9471 1.1946836 13
0.1148 0 0 93.4564 47842 15000 9309 1.178744 10
0.1149 0 0 93.4547 47844 15000 9547 1.2060056 18
0.115 0 0 93.4471 47845 15000 9466 1.20191 15
0.1151 0 0 93.4463 47847 15000 9510 1.2055996 18
0.1152 0 0 93.4402 47848 15000 9428 1.1943344 30
0.1153 0 0 93.4427 47850 15000 9313 1.1787584 46
0.1154 0 0 93.4398 47851 15000 9345 1.1869596 34
0.1155 0 0 93.4431 47853 15000 9199 1.166846 61
0.1156 0 0 93.441 47854 15000 9428 1.195502 65
0.1157 0 0 93.4451 47856 15000 9428 1.1942288 68
0.1158 0 0 93.4463 47857 15000 9280 1.1766216 102
0.1159 0 0 93.4503 47859 15000 9403 1.1851432 124
0.116 0 0 93.4523 47860 15000 9427 1.197246 166
0.1161 0 0 93.4551 47862 15000 9543 1.2084984 239
0.1162 0 0 93.4576 47863 15000 9423 1.1939596 277
0.1163 0 0 93.4584 47865 15000 9384 1.1907364 439
0.1164 0 0 93.4608 47866 15000 9313 1.17847 613
0.1165 0 0 93.4604 47868 15000 9296 1.1768088 922
0.1166 0 0 93.4648 47869 15000 9367 1.1855852 1370
0.1167 0 0 93.464 47871 15000 9441 1.1889968 1982
0.1168 0 0 93.4685 47872 15000 9340 1.1763148 2401
0.1169 0 0 93.4668 47874 15000 9306 1.1682988 2651
0.117 0 0 93.4717 47875 15000 9469 1.1871712 3109
0.1171 0 0 93.4697 47877 15000 9528 1.1979104 3446
0.1172 0 0 93.4737 47878 15000 9443 1.183554 3956
0.1173 0 0 93.4729 47880 15000 9306 1.1662132 4008
0.1174 0 0 93.4753 47881 15000 9467 1.1859032 4524
0.1175 0 0 93.4717 47883 15000 9593 1.2009604 5360
0.1176 0 0 93.4721 47885 15000 9465 1.1849524 6016
0.1177 0 0 93.4689 47886 15000 9486 1.1881908 5886
0.1178 0 0 93.4697 47887 15000 9574 1.2031836 4087
0.1179 0 0 93.4701 47889 15000 9371 1.1796784 2204
0.118 0 0 93.4725 47891 15000 9387 1.1886032 1103
0.1181 0 0 93.4765 47892 15000 9369 1.1911128 714
0.1182 0 0 93.4781 47894 15000 9361 1.1864776 521
0.1183 0 0 93.4785 47895 15000 9442 1.1954096 407
0.1184 0 0 93.4753 47897 15000 9335 1.1846936 343
0.1185 0 0 93.4721 47898 15000 9429 1.1902848 307
0.1186 0 0 93.4652 47900 15000 9328 1.1841648 235
0.1187 0 0 93.4632 47901 15000 9410 1.1904172 213
0.1188 0 0 93.4584 47903 15000 9285 1.1793212 175
0.1189 0 0 93.4624 47905 15000 9464 1.2006472 165
0.119 0 0 93.4632 47906 15000 9387 1.1937492 134
0.1191 0 0 93.4721 47908 15000 9303 1.1778948 116
0.1192 0 0 93.4745 47909 15000 9366 1.1890396 93
0.1193 0 0 93.483 47911 15000 9572 1.2161884 114
0.1194 0 0 93.4834 47912 15000 9325 1.1825948 99
0.1195 0 0 93.4878 47914 15000 9338 1.1851128 90
0.1196 0 0 93.4846 47915 15000 9264 1.1742016 73
0.1197 0 0 93.4854 47917 15000 9355 1.1838308 64
0.1198 0 0 93.4805 47918 15000 9215 1.1689576 54
0.1199 0 0 93.4785 47920 15000 9273 1.179388 53
0.12 0 0 93.4737 47921 15000 9276 1.1773568 35
0.1201 0 0 93.4741 47923 15000 9333 1.1832324 47
0.1202 0 0 93.4757 47924 15000 9469 1.2000676 34
0.1203 0 0 93.4793 47926 15000 9300 1.1787916 38
0.1204 0 0 93.4846 47927 15000 9417 1.1980764 27
0.1205 0 0 93.4874 47929 15000 9462 1.1994476 29
0.1206 0 0 93.4902 47930 15000 9379 1.1915624 37
0.1207 0 0 93.487 47932 15000 9297 1.1811116 20
0.1208 0 0 93.4846 47933 15000 9387 1.1906812 31
0.1209 0 0 93.4761 47935 15000 9360 1.1867928 17
0.121 0 0 93.4725 47936 15000 9476 1.2026708 20
0.1211 0 0 93.4648 47938 15000 9363 1.190318 20
0.1212 0 0 93.468 47939 15000 9464 1.199128 19
0.1213 0 0 93.4668 47941 15000 9340 1.18601 10
0.1214 0 0 93.4749 47942 15000 9431 1.1977432 20
0.1215 0 0 93.4777 47944 15000 9257 1.1765244 12
0.1216 0 0 93.4854 47946 15000 9328 1.1839332 13
0.1217 0 0 93.487 47947 15000 9303 1.1799544 17
0.1218 0 0 93.4914 47949 15000 9347 1.184654 13
0.1219 0 0 93.4914 47950 15000 9324 1.183632 12
0.122 0 0 93.4922 47952 15000 9533 1.2104964 17
0.1221 0 0 93.489 47953 15000 9209 1.167272 20
0.1222 0 0 93.4874 47955 15000 9266 1.1759168 12
0.1223 0 0 93.4838 47956 15000 9394 1.193208 11
0.1224 0 0 93.481 47958 15000 9407 1.191364 13
0.1225 0 0 93.4801 47959 15000 9305 1.18326 10
0.1226 0 0 93.4789 47961 15000 9366 1.1899472 16
0.1227 0 0 93.4777 47963 15000 9428 1.1939592 18
0.1228 0 0 93.4757 47964 15000 9363 1.1901188 17
0.1229 0 0 93.4769 47965 15000 9348 1.1847744 10
0.123 0 0 93.4753 47967 15000 9571 1.2133908 11
0.1231 0 0 93.4789 47968 15000 9285 1.180846 4
0.1232 0 0 93.4769 47970 15000 9213 1.1705888 16
0.1233 0 0 93.4789 47971 15000 9432 1.197934 12
0.1234 0 0 93.4745 47973 15000 9278 1.1810956 12
0.1235 0 0 93.4753 47974 15000 9438 1.1977348 18
0.1236 0 0 93.4709 47976 15000 9496 1.2018208 6
0.1237 0 0 93.4733 47978 15000 9436 1.1984728 11
0.1238 0 0 93.4709 47979 15000 9255 1.1742692 12
0.1239 0 0 93.4741 47981 15000 9482 1.2040204 10
0.124 0 0 93.4749 47982 15000 9371 1.1897924 12
0.1241 0 0 93.4785 47984 15000 9264 1.1730624 14
0.1242 0 0 93.4781 47985 15000 9303 1.1807212 16
0.1243 0 0 93.4814 47987 15000 9440 1.1992032 11
0.1244 0 0 93.4842 47988 15000 9427 1.193668 5
0.1245 0 0 93.4862 47990 15000 9332 1.1848224 12
0.1246 0 0 93.4866 47991 15000 9390 1.1913276 4
0.1247 0 0 93.4858 47993 15000 9400 1.1893904 13
0.1248 0 0 93.4854 47994 15000 9509 1.2091668 16
0.1249 0 0 93.4826 47996 15000 9409 1.1969364 9
0.125 0 0 93.4834 47997 15000 9308 1.1844148 9
0.1251 0 0 93.4818 47999 15000 9514 1.2076888 7
0.1252 0 0 93.4858 48000 15000 9456 1.2027784 7
0.1253 0 0 93.485 48002 15000 9314 1.1816772 5
0.1254 0 0 93.4882 48004 15000 9322 1.1866612 6
0.1255 0 0 93.4842 48005 15000 9414 1.1970232 13
0.1256 0 0 93.4858 48006 15000 9215 1.1713208 3
0.1257 0 0 93.481 48008 15000 9355 1.1857324 11
0.1258 0 0 93.483 48009 15000 9353 1.1881144 7
0.1259 0 0 93.4814 48011 15000 9419 1.1951476 15
0.126 0 0 93.4842 48013 15000 9475 1.2036988 8
0.1261 0 0 93.4826 48014 15000 9373 1.1891844 5
0.1262 0 0 93.483 48016 15000 9384 1.1874232 7
0.1263 0 0 93.4789 48017 15000 9407 1.1941612 5
0.1264 0 0 93.4785 48019 15000 9283 1.1827556 11
0.1265 0 0 93.4765 48020 15000 9318 1.1838248 10
0.1266 0 0 93.4761 48022 15000 9405 1.1946824 3
0.1267 0 0 93.4757 48023 15000 9391 1.193336 4
0.1268 0 0 93.4753 48025 15000 9399 1.192808 4
0.1269 0 0 93.4741 48027 15000 9517 1.2074216 12
0.127 0 0 93.4725 48028 15000 9362 1.1894236 5
0.1271 0 0 93.4725 48030 15000 9280 1.1747188 6
0.1272 0 0 93.4701 48031 15000 9416 1.1958908 3
0.1273 0 0 93.4717 48033 15000 9385 1.188436 9
0.1274 0 0 93.4713 48034 15000 9337 1.1853792 4
0.1275 0 0 93.4765 48036 15000 9260 1.176198 9
0.1276 0 0 93.4789 48037 15000 9258 1.1733816 8
0.1277 0 0 93.4846 48039 15000 9454 1.1972816 10
0.1278 0 0 93.4854 48040 15000 9339 1.1894068 8
0.1279 0 0 93.4898 48042 15000 9421 1.1938032 9
0.128 0 0 93.4878 48043 15000 9414 1.1967532 8
0.1281 0 0 93.4918 48045 15000 9458 1.205376 6
0.1282 0 0 93.489 48046 15000 9312 1.1889572 6
0.1283 0 0 93.4918 48048 15000 9270 1.1776336 10
0.1284 0 0 93.4894 48049 15000 9386 1.19272 10
0.1285 0 0 93.4918 48051 15000 9289 1.181706 16
0.1286 0 0 93.4935 48052 15000 9411 1.1959724 14
0.1287 0 0 93.4955 48054 15000 9508 1.2094932 13
0.1288 0 0 93.4995 48055 15000 9348 1.1910964 3
0.1289 0 0 93.4995 48057 15000 9347 1.1908464 2
0.129 0 0 93.4999 48058 15000 9299 1.1812692 6
0.1291 0 0 93.4955 48060 15000 9459 1.2036688 8
0.1292 0 0 93.4951 48061 15000 9408 1.1942568 6
0.1293 0 0 93.4886 48063 15000 9464 1.1998088 12
0.1294 0 0 93.489 48064 15000 9425 1.1956292 12
0.1295 0 0 93.4842 48066 15000 9339 1.1868996 10
0.1296 0 0 93.4886 48067 15000 9216 1.1758432 9
0.1297 0 0 93.4874 48069 15000 9428 1.1979396 9
0.1298 0 0 93.4914 48070 15000 9342 1.1904076 10
0.1299 0 0 93.4894 48072 15000 9492 1.2062504 10
0.13 0 0 93.4927 48073 15000 9440 1.1976764 8
