0.115 0 0 129.907 31785 15000 10446 1.0748008 9
0.1151 0 0 129.912 31787 15000 10577 1.090336 16
0.1152 0 0 129.917 31788 15000 10572 1.0924064 8
0.1153 0 0 129.919 31790 15000 10501 1.0823508 8
0.1154 0 0 129.929 31791 15000 10567 1.0901084 6
0.1155 0 0 129.93 31792 15000 10535 1.0860388 8
0.1156 0 0 129.943 31794 15000 10348 1.0650352 9
0.1157 0 0 129.944 31795 15000 10423 1.0731772 14
0.1158 0 0 129.956 31797 15000 10566 1.0910288 12
0.1159 0 0 129.957 31798 15000 10255 1.0603588 11
0.116 0 0 129.962 31800 15000 10528 1.0829564 13
0.1161 0 0 129.963 31801 15000 10579 1.0897 22
0.1162 0 0 129.961 31803 15000 10550 1.083712 8
0.1163 0 0 129.962 31804 15000 10490 1.0799748 5
0.1164 0 0 129.956 31805 15000 10494 1.0846748 7
0.1165 0 0 129.96 31807 15000 10431 1.0805896 7
0.1166 0 0 129.954 31808 15000 10497 1.0783964 10
0.1167 0 0 129.958 31810 15000 10426 1.08053 14
0.1168 0 0 129.953 31811 15000 10594 1.0921152 12
0.1169 0 0 129.954 31812 15000 10458 1.0799 12
0.117 0 0 129.954 31814 15000 10405 1.075644 17
0.1171 0 0 129.951 31815 15000 10449 1.0761192 19
0.1172 0 0 129.955 31817 15000 10520 1.0849376 14
0.1173 0 0 129.95 31818 15000 10496 1.0821668 12
0.1174 0 0 129.956 31819 15000 10427 1.0770004 12
0.1175 0 0 129.952 31821 15000 10523 1.0830636 15
0.1176 0 0 129.957 31822 15000 10437 1.0799988 15
0.1177 0 0 129.953 31824 15000 10574 1.0924268 11
0.1178 0 0 129.956 31825 15000 10394 1.0749396 12
0.1179 0 0 129.959 31826 15000 10472 1.0838044 14
0.118 0 0 129.959 31828 15000 10643 1.0980372 15
0.1181 0 0 129.966 31829 15000 10469 1.0788144 7
0.1182 0 0 129.965 31831 15000 10556 1.0887768 16
0.1183 0 0 129.976 31832 15000 10412 1.0750676 12
0.1184 0 0 129.977 31834 15000 10521 1.0877664 21
0.1185 0 0 129.987 31835 15000 10513 1.086024 12
0.1186 0 0 129.991 31836 15000 10430 1.0759468 16
0.1187 0 0 129.993 31838 15000 10578 1.0937436 15
0.1188 0 0 129.995 31839 15000 10478 1.0826548 15
0.1189 0 0 129.989 31841 15000 10401 1.0737528 12
0.119 0 0 129.992 31842 15000 10484 1.0844636 15
0.1191 0 0 129.984 31843 15000 10364 1.0723808 19
0.1192 0 0 129.989 31845 15000 10384 1.0756872 27
0.1193 0 0 129.984 31846 15000 10508 1.0855944 16
0.1194 0 0 129.988 31848 15000 10515 1.0858388 21
0.1195 0 0 129.991 31849 15000 10441 1.076746 16
0.1196 0 0 129.992 31850 15000 10484 1.0813004 21
0.1197 0 0 130.001 31852 15000 10509 1.0867312 19
0.1198 0 0 130.002 31853 15000 10567 1.0951812 23
0.1199 0 0 130.012 31855 15000 10558 1.0903516 26
0.12 0 0 130.013 31856 15000 10390 1.0731168 34
0.1201 0 0 130.023 31858 15000 10544 1.0868196 29
0.1202 0 0 130.024 31859 15000 10408 1.0723216 40
0.1203 0 0 130.027 31860 15000 10420 1.074748 47
0.1204 0 0 130.03 31861 15000 10452 1.0804304 64
0.1205 0 0 130.025 31863 15000 10485 1.085532 85
0.1206 0 0 130.027 31864 15000 10437 1.0754356 98
0.1207 0 0 130.017 31866 15000 10519 1.0877964 129
0.1208 0 0 130.019 31867 15000 10483 1.0801884 152
0.1209 0 0 130.012 31869 15000 10360 1.0696156 166
0.121 0 0 130.018 31870 15000 10577 1.0934464 184
0.1211 0 0 130.021 31871 15000 10422 1.079008 222
0.1212 0 0 130.023 31873 15000 10390 1.0736296 296
0.1213 0 0 130.037 31874 15000 10413 1.072582 313
0.1214 0 0 130.041 31876 15000 10492 1.0834772 392
0.1215 0 0 130.053 31877 15000 10369 1.069006 465
0.1216 0 0 130.054 31879 15000 10530 1.0812708 696
0.1217 0 0 130.059 31880 15000 10448 1.0792936 966
0.1218 0 0 130.052 31881 15000 10319 1.0660412 1244
0.1219 0 0 130.051 31883 15000 10568 1.0859228 1556
0.122 0 0 130.043 31884 15000 10537 1.0826956 1730
0.1221 0 0 130.035 31886 15000 10609 1.0913904 1980
0.1222 0 0 130.033 31887 15000 10480 1.0761196 2214
0.1223 0 0 130.026 31889 15000 10661 1.092032 2517
0.1224 0 0 130.032 31890 15000 10689 1.0955524 2888
0.1225 0 0 130.03 31891 15000 10541 1.078704 3493
0.1226 0 0 130.039 31893 15000 10652 1.0900144 3775
0.1227 0 0 130.041 31894 15000 10415 1.0639064 3143
0.1228 0 0 130.046 31896 15000 10404 1.069828 2027
0.1229 0 0 130.048 31897 15000 10486 1.0812764 1134
0.123 0 0 130.046 31898 15000 10498 1.0817016 680
0.1231 0 0 130.048 31900 15000 10539 1.0894632 428
0.1232 0 0 130.04 31901 15000 10396 1.0733376 332
0.1233 0 0 130.042 31903 15000 10301 1.0650576 283
0.1234 0 0 130.034 31904 15000 10671 1.1003448 238
0.1235 0 0 130.033 31905 15000 10404 1.0752468 225
0.1236 0 0 130.024 31907 15000 10454 1.083858 187
0.1237 0 0 130.017 31908 15000 10487 1.0848832 184
0.1238 0 0 130.013 31910 15000 10509 1.0850492 155
0.1239 0 0 130.003 31911 15000 10549 1.0904408 135
0.124 0 0 130.003 31912 15000 10472 1.0792036 125
0.1241 0 0 129.994 31914 15000 10322 1.0659096 115
0.1242 0 0 129.998 31915 15000 10484 1.0849996 106
0.1243 0 0 129.995 31917 15000 10457 1.0771932 73
0.1244 0 0 130 31918 15000 10534 1.0885724 81
0.1245 0 0 130.005 31919 15000 10480 1.0807708 85
0.1246 0 0 130.007 31921 15000 10404 1.0735244 69
0.1247 0 0 130.016 31922 15000 10594 1.0947464 69
0.1248 0 0 130.016 31924 15000 10571 1.0939324 66
0.1249 0 0 130.022 31925 15000 10452 1.0813504 60
0.125 0 0 130.017 31927 15000 10422 1.0752964 59
0.1251 0 0 130.021 31928 15000 10465 1.0802972 58
0.1252 0 0 130.018 31929 15000 10515 1.0860092 53
0.1253 0 0 130.018 31931 15000 10444 1.0791476 58
0.1254 0 0 130.015 31932 15000 10446 1.0796932 39
0.1255 0 0 130.008 31934 15000 10309 1.063096 55
0.1256 0 0 130.008 31935 15000 10422 1.0780312 35
0.1257 0 0 130.001 31937 15000 10442 1.0820244 40
0.1258 0 0 130.006 31938 15000 10371 1.0738928 43
0.1259 0 0 130.001 31939 15000 10491 1.0843748 52
0.126 0 0 130.011 31941 15000 10277 1.0598112 51
0.1261 0 0 130.014 31942 15000 10505 1.0901024 33
0.1262 0 0 130.022 31944 15000 10345 1.069268 40
0.1263 0 0 130.031 31945 15000 10532 1.090972 47
0.1264 0 0 130.035 31947 15000 10571 1.089818 31
0.1265 0 0 130.042 31948 15000 10474 1.0836108 25
0.1266 0 0 130.04 31949 15000 10478 1.0865252 29
0.1267 0 0 130.042 31951 15000 10587 1.0975448 33
0.1268 0 0 130.034 31952 15000 10377 1.07135 26
0.1269 0 0 130.034 31954 15000 10463 1.0822144 45
0.127 0 0 130.024 31955 15000 10545 1.0917712 33
0.1271 0 0 130.023 31957 15000 10517 1.0896444 33
0.1272 0 0 130.022 31958 15000 10411 1.075586 30
0.1273 0 0 130.021 31959 15000 10416 1.0772612 26
0.1274 0 0 130.028 31961 15000 10280 1.0641344 35
0.1275 0 0 130.029 31962 15000 10392 1.0740384 26
0.1276 0 0 130.041 31963 15000 10404 1.0766572 36
0.1277 0 0 130.044 31965 15000 10501 1.0847096 35
0.1278 0 0 130.053 31966 15000 10282 1.0675264 40
0.1279 0 0 130.058 31967 15000 10402 1.0784396 33
0.128 0 0 130.059 31969 15000 10471 1.0827808 27
0.1281 0 0 130.06 31970 15000 10528 1.0886588 22
0.1282 0 0 130.052 31972 15000 10443 1.0805532 22
0.1283 0 0 130.052 31973 15000 10570 1.0924688 33
0.1284 0 0 130.041 31974 15000 10396 1.0759552 30
0.1285 0 0 130.043 31976 15000 10591 1.095684 17
0.1286 0 0 130.04 31977 15000 10545 1.0897528 18
0.1287 0 0 130.042 31979 15000 10529 1.0897892 20
0.1288 0 0 130.046 31980 15000 10374 1.0745992 20
0.1289 0 0 130.046 31981 15000 10310 1.0668232 25
0.129 0 0 130.056 31983 15000 10532 1.0891848 15
0.1291 0 0 130.055 31984 15000 10443 1.0805828 22
0.1292 0 0 130.067 31986 15000 10598 1.0922028 26
0.1293 0 0 130.067 31987 15000 10469 1.0813792 29
0.1294 0 0 130.073 31989 15000 10516 1.0876632 26
0.1295 0 0 130.072 31990 15000 10463 1.082002 23
0.1296 0 0 130.068 31991 15000 10503 1.087506 23
0.1297 0 0 130.064 31993 15000 10590 1.0997504 21
0.1298 0 0 130.053 31994 15000 10384 1.0740112 31
0.1299 0 0 130.052 31996 15000 10516 1.0917516 27
0.13 0 0 130.042 31997 15000 10452 1.0813256 27
0.1301 0 0 130.044 31998 15000 10336 1.0687996 28
0.1302 0 0 130.04 32000 15000 10384 1.0710164 25
0.1303 0 0 130.041 32001 15000 10415 1.0760744 20
0.1304 0 0 130.047 32002 15000 10403 1.0760996 22
0.1305 0 0 130.048 32004 15000 10432 1.0810556 19
0.1306 0 0 130.058 32005 15000 10482 1.0822096 20
0.1307 0 0 130.057 32006 15000 10536 1.0907616 24
0.1308 0 0 130.063 32008 15000 10482 1.0884808 23
0.1309 0 0 130.06 32009 15000 10498 1.0878992 21
0.131 0 0 130.058 32011 15000 10479 1.0869044 27
0.1311 0 0 130.053 32012 15000 10393 1.0760652 21
0.1312 0 0 130.045 32014 15000 10322 1.0698884 21
0.1313 0 0 130.043 32015 15000 10567 1.0943004 26
0.1314 0 0 130.033 32016 15000 10468 1.0866808 23
0.1315 0 0 130.034 32018 15000 10442 1.0832068 21
0.1316 0 0 130.025 32019 15000 10615 1.0971148 24
0.1317 0 0 130.03 32021 15000 10366 1.0752556 14
0.1318 0 0 130.028 32022 15000 10595 1.0984636 13
0.1319 0 0 130.031 32024 15000 10380 1.0759612 13
0.132 0 0 130.034 32025 15000 10604 1.0974772 25
0.1321 0 0 130.033 32027 15000 10557 1.0971384 28
0.1322 0 0 130.037 32028 15000 10417 1.0811544 16
0.1323 0 0 130.033 32029 15000 10423 1.0804236 21
0.1324 0 0 130.034 32031 15000 10402 1.0757844 24
0.1325 0 0 130.023 32032 15000 10454 1.0815656 23
0.1326 0 0 130.021 32033 15000 10435 1.082082 19
0.1327 0 0 130.011 32035 15000 10582 1.098208 11
0.1328 0 0 130.006 32036 15000 10313 1.0672008 28
0.1329 0 0 130.004 32038 15000 10396 1.07555 17
0.133 0 0 130 32039 15000 10422 1.0744992 22
0.1331 0 0 130.008 32041 15000 10402 1.0807312 22
0.1332 0 0 130.009 32042 15000 10412 1.0759144 17
0.1333 0 0 130.021 32043 15000 10426 1.0793316 20
0.1334 0 0 130.023 32045 15000 10414 1.075216 19
0.1335 0 0 130.033 32046 15000 10483 1.0860148 16
0.1336 0 0 130.036 32048 15000 10468 1.0854328 18
0.1337 0 0 130.036 32049 15000 10449 1.0810148 19
0.1338 0 0 130.03 32051 15000 10450 1.0819104 23
0.1339 0 0 130.019 32052 15000 10325 1.0673432 10
0.134 0 0 130.009 32053 15000 10622 1.1027768 21
0.1341 0 0 129.992 32055 15000 10449 1.082572 21
0.1342 0 0 129.988 32056 15000 10379 1.0741908 13
0.1343 0 0 129.975 32058 15000 10674 1.1038388 18
0.1344 0 0 129.98 32059 15000 10454 1.078826 16
0.1345 0 0 129.982 32060 15000 10350 1.0711432 15
0.1346 0 0 129.991 32062 15000 10576 1.0933928 15
0.1347 0 0 130.004 32063 15000 10512 1.0889944 18
0.1348 0 0 130.013 32065 15000 10438 1.0805468 17
0.1349 0 0 130.028 32066 15000 10344 1.0701616 17
0.135 0 0 130.031 32067 15000 10292 1.0649104 11
