#   DataFileName=PAL30_cooling_30C_WAXS_03022017.tif
#   DataFileType=.tif
#   
#   DataFilePath=E:DATA:PAL30:
#   
#   Processed on=Tue, Mar 07, 2017,9:09:43 PM
#   Units=Arbitrary
#   SampleThickness=1
#   SampleTransmission=1
#   CorrectionFactor=1
#   SampleMeasurementTime=1
#   EmptyMeasurementTime=1
#   BackgroundMeasTime=1
#   SampleI0=1
#   EmptyI0=1
#   Nika_SampleToDetectorDistacne=176.53
#   Nika_Wavelength=1.54
#   Nika_XrayEnergy=8.0509
#   Nika_PixelSizeX=0.075
#   Nika_PixelSizeY=0.075
#   Nika_HorizontalTilt=0
#   Nika_VerticalTilt=0
#   Nika_BeamCenterX=1535.8
#   Nika_BeamCenterY=830.36
#   Nika_BeamSizeX=0
#   Nika_BeamCenterY=830.36
#   CalibrationFormula=1*((Sa2D))
#   CurrentMaskFileName=PAL30_cooling_103C_WAXS_03022017_mask.hdf
#   QvectorMaxNumPnts=1
#   QvectorNumberPoints=1745
#   CircularAverage=1
#   PolarizationCorrection=None
#   UncertainityCalculationMethod=OldNikaMethod

0.084352024	1.5	1	0.001903859
0.085819013	1.25	0.33896753	0.0019038399
0.087286003	1.3	0.28654015	0.0019038168
0.088753	1.6744186	0.2536402	0.0019037951
0.090219989	1.7407408	0.23551001	0.0019037696
0.091686979	1.9552239	0.23808405	0.0019037401
0.093153976	2.2328768	0.2605342	0.0019037183
0.094620965	2.0263157	0.23171847	0.0019036992
0.096087955	2.1585367	0.23764946	0.0019036762
0.097554952	1.9821428	0.18681502	0.001903648
0.099021941	2.0357144	0.17163827	0.0019036225
0.10048893	1.875	0.1410661	0.0019035905
0.10195592	1.9182693	0.13279563	0.0019035676
0.10342292	2.0245903	0.12945533	0.001903533
0.10488991	2.0656934	0.12464312	0.0019035075
0.1063569	2.0711744	0.12340122	0.0019034781
0.10782389	2.2233677	0.13016316	0.0019034435
0.10929088	2.5960264	0.14916311	0.001903418
0.11075787	2.7694805	0.15758102	0.001903386
0.11222486	3.0926518	0.17459406	0.0019033566
0.11369186	3.5062499	0.19568881	0.0019033221
0.11515885	4.6333332	0.25450993	0.0019032902
0.11662584	8.4984798	0.46717432	0.0019032607
0.11809283	32.071007	1.7258574	0.0019032262
0.11955982	100.22807	5.3612747	0.0019031942
0.12102681	166.53714	8.8523445	0.0019031559
0.1224938	168.37288	8.9214106	0.0019031265
0.1239608	168.15512	8.8358898	0.0019030946
0.1254278	200.69945	10.484403	0.00190306
0.12689479	255.69505	13.391954	0.0019030281
0.12836178	239.52727	12.196763	0.0019029769
0.12982877	158.61804	8.1587992	0.0019029514
0.13129576	114.43669	5.8072095	0.001902913
0.13276275	75.130653	3.7582474	0.0019028875
0.13422973	46.556931	2.3094587	0.0019028542
0.13569674	31.841433	1.6024721	0.0019028108
0.13716373	16.617867	0.82391798	0.0019027725
0.13863072	7.9258375	0.38683066	0.001902734
0.14009771	4.9464722	0.24382414	0.0019026829
0.1415647	4.0386472	0.19840762	0.0019026446
0.14303169	3.7245371	0.17912005	0.0019026062
0.14449868	3.9285715	0.19162385	0.001902573
0.14596568	3.7068181	0.17665325	0.0019025296
0.14743267	3.5306122	0.16806912	0.0019024912
0.14889966	3.777523	0.18083856	0.0019024401
0.15036665	3.7070937	0.17727311	0.0019024018
0.15183364	3.7276688	0.17393897	0.0019023634
0.15330063	3.7737069	0.17513275	0.0019023251
0.15476762	3.5553098	0.1671693	0.001902279
0.15623462	3.7176723	0.17252436	0.0019022356
0.15770161	3.7292111	0.17214173	0.0019021973
0.1591686	3.4597456	0.1591901	0.001902159
0.16063559	3.4534161	0.15708221	0.001902095
0.16210258	3.4344263	0.15541743	0.0019020566
0.16356957	3.3153527	0.15095302	0.0019020234
0.16503657	3.4743326	0.15738669	0.0019019672
0.16650356	3.5598378	0.16028166	0.0019019161
0.16797055	3.476954	0.15559804	0.0019018777
0.16943754	3.4509804	0.15275699	0.0019018266
0.17090453	3.3293886	0.14781497	0.0019017755
0.17237152	3.3615384	0.14736718	0.0019017372
0.17383851	3.362745	0.14886174	0.0019016911
0.17530552	3.2485769	0.14146499	0.0019016477
0.17677251	3.5397727	0.1540052	0.0019015839
0.17823949	3.4233716	0.14979169	0.0019015454
0.17970648	3.5873606	0.15461853	0.0019014943
0.18117347	3.4538746	0.14831394	0.0019014304
0.18264046	3.4693141	0.14735082	0.0019013921
0.18410745	3.4339964	0.14598379	0.0019013333
0.18557446	3.6069469	0.15417995	0.0019012899
0.18704145	3.4221826	0.14469774	0.0019012388
0.18850844	3.6660779	0.15405275	0.0019011877
0.18997543	4.0716782	0.17019039	0.0019011238
0.19144242	4.6350875	0.19404261	0.0019010727
0.1929094	4.4711032	0.18702695	0.0019010216
0.19437639	4.3611112	0.18166041	0.0019009755
0.1958434	4.0188355	0.16625434	0.0019009194
0.19731039	3.938983	0.16212259	0.0019008683
0.19877738	3.6583748	0.14893939	0.0019008043
0.20024437	3.8003356	0.15562916	0.0019007404
0.20171136	4.0690789	0.16484541	0.0019006893
0.20317835	4.0660067	0.16511346	0.0019006382
0.20464534	3.7545009	0.15184745	0.0019005922
0.20611234	3.9693549	0.15937456	0.001900536
0.20757933	3.8754046	0.15585323	0.0019004721
0.20904632	3.8951614	0.15638854	0.0019004082
0.21051331	4.097331	0.16229452	0.0019003571
0.2119803	4.2376542	0.16642393	0.0019002933
0.21344729	4.2288404	0.16737454	0.0019002294
0.21491428	4.4419713	0.17706718	0.0019001834
0.21638128	4.4584618	0.17482416	0.0019001144
0.21784827	4.8665643	0.19052677	0.0019000506
0.21931526	4.4909639	0.17421047	0.0018999994
0.22078225	4.1393938	0.16108881	0.0018999355
0.22224924	3.8355958	0.1489282	0.0018998716
0.22371623	3.7218046	0.14429432	0.0018998128
0.22518323	3.7595308	0.14392886	0.0018997439
0.22665022	3.8161764	0.14631422	0.00189968
0.22811721	3.7092512	0.14210902	0.0018996162
0.2295842	3.8544669	0.14628585	0.0018995651
0.23105119	3.9019887	0.14703278	0.0018995012
0.23251818	3.8148687	0.14562067	0.0018994246
0.23398517	3.8737588	0.14586706	0.0018993785
0.23545218	3.9569445	0.14743696	0.0018992968
0.23691916	3.922636	0.14844498	0.001899233
0.23838615	3.878531	0.14573842	0.0018991691
0.23985314	4.167347	0.15368775	0.0018991051
0.24132013	3.8296704	0.14190987	0.0018990414
0.24278712	3.9589603	0.14640225	0.0018989648
0.24425411	3.8668516	0.14398158	0.001898906
0.24572112	3.7975872	0.13901384	0.0018988369
0.24718811	3.8923705	0.14364369	0.0018987731
0.2486551	3.8010471	0.13749427	0.0018987015
0.2501221	3.6467464	0.13287003	0.0018986454
0.25158909	3.7102425	0.13618113	0.0018985687
0.25305608	3.8520474	0.1399799	0.0018984666
0.25452307	3.6871009	0.13174236	0.0018984155
0.25599006	3.7178478	0.13465698	0.0018983644
0.25745705	3.8715954	0.13940698	0.0018982622
0.25892404	3.6103406	0.12818474	0.0018982112
0.26039103	3.6998723	0.13219929	0.0018981345
0.26185802	3.8020566	0.13628776	0.0018980579
0.26332501	3.7776382	0.13387023	0.0018979813
0.264792	3.69625	0.13065988	0.0018979047
0.26625898	3.7936709	0.13495022	0.0018978536
0.26772597	3.7132263	0.13052745	0.001897777
0.26919296	3.7391827	0.12961073	0.001897685
0.27065998	3.7043478	0.13053778	0.0018976236
0.27212697	3.8094661	0.13268751	0.001897547
0.27359396	3.6894031	0.12873736	0.0018974704
0.27506095	3.7733333	0.13134831	0.0018973938
0.27652794	3.7628744	0.13019788	0.0018973172
0.27799493	3.6061685	0.12418156	0.0018972406
0.27946192	3.7212336	0.12814523	0.001897164
0.28092891	3.682143	0.12702529	0.0018970874
0.2823959	3.6752942	0.12604064	0.0018969852
0.28386289	3.7183907	0.12604377	0.0018969086
0.28532988	3.7467456	0.12887208	0.0018968575
0.28679687	3.7895954	0.12882964	0.0018967809
0.28826386	3.7771428	0.12767148	0.0018966788
0.28973085	3.7365406	0.12644087	0.0018966381
0.29119787	3.7725224	0.12657833	0.0018965256
0.29266486	3.7756264	0.12739995	0.001896449
0.29413185	3.7765236	0.1268553	0.0018963724
0.29559883	3.8	0.12771547	0.0018962958
0.29706582	3.7933333	0.12642567	0.0018962192
0.29853281	3.8773482	0.12886812	0.0018961171
0.2999998	3.7513752	0.12440623	0.0018960405
0.30146679	3.8181818	0.12634301	0.0018959639
0.30293378	3.8430297	0.12730546	0.0018958873
0.30440077	3.7310648	0.12359809	0.0018957852
0.30586776	3.9122994	0.12792775	0.0018957086
0.30733475	3.8758099	0.12734804	0.001895632
0.30880174	3.7112069	0.12180716	0.0018955402
0.31026876	3.8218884	0.12517299	0.0018954533
0.31173575	3.7208815	0.12051201	0.0018953767
0.31320274	3.7582185	0.12236682	0.0018952746
0.31466973	3.8583422	0.12496743	0.0018951725
0.31613672	3.8451002	0.12480161	0.0018950959
0.31760371	3.8029046	0.12246767	0.0018950193
0.3190707	3.8119836	0.1225049	0.0018949427
0.32053769	3.8293691	0.1231271	0.0018948406
0.32200468	3.8139775	0.122254	0.0018947385
0.32347167	3.8884339	0.12438499	0.0018946619
0.32493865	3.9652708	0.12671296	0.0018945598
0.32640564	3.8399189	0.12220941	0.0018944832
0.32787263	3.9880121	0.12603338	0.0018943812
0.32933962	4.0370741	0.12777574	0.0018943149
0.33080664	4.0220885	0.12742861	0.001894228
0.33227363	4.0634441	0.12893318	0.0018941259
0.33374062	4.2080078	0.13148242	0.0018940239
0.33520761	4.1387796	0.12982783	0.0018939473
0.3366746	4.1988249	0.13138963	0.0018938453
0.33814159	4.3032384	0.13479064	0.0018937432
0.33960858	4.2502418	0.13209778	0.0018936666
0.34107557	4.2815814	0.13294455	0.0018935645
0.34254256	4.2901959	0.13431598	0.0018934624
0.34400955	4.3708296	0.13493538	0.0018933859
0.34547654	4.4478469	0.13757606	0.0018932583
0.34694353	4.4059787	0.13680434	0.0018931562
0.34841052	4.4143391	0.13468441	0.0018930796
0.34987751	4.5900564	0.14056906	0.0018929879
0.35134453	4.5500946	0.13987234	0.001892901
0.35281152	4.5734463	0.14032571	0.0018927734
0.3542785	4.5474858	0.13874732	0.0018926969
0.35574549	4.6801472	0.14187331	0.0018925949
0.35721248	4.7400184	0.14442015	0.0018924928
0.35867947	4.723443	0.14292321	0.0018924163
0.36014646	4.656621	0.14070815	0.0018923142
0.36161345	4.5516925	0.13766377	0.0018921866
0.36308044	4.6675725	0.14046402	0.0018921101
0.36454743	4.5527272	0.13725589	0.001892008
0.36601442	4.70117	0.14102872	0.001891906
0.36748141	4.5433998	0.13660258	0.0018917784
0.3689484	4.5746922	0.13559645	0.0018916867
0.37041542	4.5044804	0.13482492	0.0018915489
0.37188241	4.3879538	0.1305784	0.0018914468
0.3733494	4.5621147	0.13540159	0.0018913448
0.37481639	4.4161544	0.13083981	0.0018912427
0.37628338	4.3054576	0.12772766	0.0018911407
0.37775037	4.448216	0.13121477	0.0018910386
0.37921736	4.3202057	0.12639695	0.0018909366
0.38068435	4.2615519	0.12581736	0.0018908347
0.38215134	4.1575284	0.12263925	0.0018907326
0.38361832	4.1116753	0.11958081	0.0018906306
0.38508531	4.1093082	0.12007345	0.0018905286
0.3865523	4.1133046	0.12049866	0.0018904265
0.38801929	4.0208683	0.11615691	0.001890299
0.38948628	3.9013491	0.11327214	0.0018902073
0.3909533	3.8561759	0.11214969	0.001890095
0.39242029	3.7900925	0.10981051	0.001889993
0.39388728	3.8613861	0.11090298	0.001889891
0.39535427	3.8471179	0.11118362	0.0018897634
0.39682126	3.7888148	0.10945151	0.0018896614
0.39828825	3.7319839	0.1061847	0.0018895594
0.39975524	3.8576131	0.11065797	0.001889432
0.40122223	3.7749381	0.10837615	0.0018893045
0.40268922	3.7214985	0.10618677	0.0018892025
0.40415621	3.6275141	0.10287861	0.0018891005
0.4056232	3.613821	0.10302925	0.0018889729
0.40709019	3.5080776	0.099691585	0.0018888965
0.40855718	3.6783161	0.1036551	0.0018887793
0.4100242	3.5531576	0.10044607	0.001888667
0.41149119	3.52	0.099548385	0.0018885395
0.41295817	3.6044304	0.10137021	0.0018884375
0.41442516	3.5572999	0.099650927	0.0018883101
0.41589215	3.5217049	0.098926179	0.0018882081
0.41735914	3.4281175	0.096602321	0.0018880806
0.41882613	3.464973	0.096125893	0.0018879533
0.42029312	3.5841122	0.10001024	0.0018878513
0.42176011	3.4593339	0.096265599	0.0018877493
0.4232271	3.4863601	0.097320415	0.0018876218
0.42469409	3.4568567	0.095937394	0.0018875198
0.42616108	3.4292274	0.094842158	0.0018873924
0.42762807	3.5030627	0.096920498	0.0018872905
0.42909506	3.3772728	0.092944376	0.0018871733
0.43056208	3.3172204	0.09115278	0.0018870356
0.43202907	3.2919819	0.090527646	0.0018869082
0.43349606	3.1858878	0.087742507	0.0018868062
0.43496305	3.2768657	0.089505203	0.0018866787
0.43643004	3.2112782	0.088042408	0.0018865514
0.43789703	3.1621621	0.086630598	0.0018864494
0.43936402	3.2416058	0.08756578	0.0018863219
0.44083101	3.0268056	0.082580775	0.0018861946
0.442298	3.147651	0.085943028	0.0018860671
0.44376498	3.0533626	0.082541309	0.0018859397
0.44523197	3.1281865	0.084410235	0.0018858378
0.44669896	2.9376376	0.079557709	0.0018856849
0.44816595	2.9244187	0.078825548	0.001885583
0.44963294	2.9127614	0.078198403	0.0018854659
0.45109996	2.9615941	0.079711221	0.0018853282
0.45256695	2.8782609	0.0774673	0.0018852009
0.45403394	2.9664285	0.079268843	0.0018850989
0.45550093	2.9886203	0.0796903	0.0018849715
0.45696792	2.9375	0.078720897	0.0018848187
0.45843491	2.9449606	0.078723095	0.0018847168
0.4599019	2.9069278	0.07688681	0.0018845893
0.46136889	3.0415785	0.080731072	0.001884462
0.46283588	3.0615711	0.081433557	0.0018843346
0.46430287	3.1356289	0.083111092	0.0018842072
0.46576986	3.1838441	0.084005699	0.0018840799
0.46723685	3.1804879	0.083947383	0.0018839525
0.46870384	3.1998577	0.085324883	0.0018838355
0.47017086	3.322695	0.088475049	0.0018836978
0.47163785	3.3704777	0.09065292	0.0018835705
0.47310483	3.3142235	0.089268059	0.0018834431
0.47457182	3.4262178	0.091687791	0.0018832902
0.47603881	3.3456521	0.090049624	0.001883163
0.4775058	3.3747227	0.091733433	0.0018830356
0.47897279	3.3797934	0.091770224	0.0018829083
0.48043978	3.3503966	0.089949489	0.0018827809
0.48190677	3.184638	0.086533256	0.0018826282
0.48337376	3.0541728	0.082623012	0.0018825263
0.48484075	3.002193	0.081157617	0.001882399
0.48630774	3.0160234	0.081382453	0.0018822462
0.48777473	2.8311012	0.077211916	0.0018821189
0.48924172	2.7432134	0.074290834	0.0018820019
0.49070874	2.6339679	0.071253844	0.0018818388
0.49217573	2.5663977	0.069502041	0.0018817114
0.49364272	2.5863094	0.070534661	0.0018815842
0.49510971	2.4241104	0.065313041	0.0018814568
0.4965767	2.5797951	0.069787562	0.0018813041
0.49804369	2.4468563	0.066931024	0.0018811768
0.49951068	2.4168515	0.065692052	0.0018810598
0.50097769	2.3879185	0.064408414	0.0018808967
0.50244468	2.4087913	0.065184169	0.001880744
0.50391167	2.4474852	0.066549301	0.0018805913
0.50537866	2.3521643	0.06369891	0.0018804895
0.50684565	2.3187454	0.062610403	0.0018803368
0.50831264	2.3539367	0.063841127	0.001880184
0.50977963	2.457164	0.066763841	0.0018800822
0.51124662	2.3311403	0.063014552	0.0018799296
0.51271361	2.3252747	0.062923074	0.0018798277
0.5141806	2.3861818	0.064337455	0.001879675
0.51564759	2.2911484	0.061955683	0.0018795223
0.51711458	2.3254786	0.063091338	0.0018793187
0.51858157	2.2541878	0.060822222	0.0018792169
0.52004856	2.3308768	0.063262008	0.0018790642
0.52151555	2.2540264	0.06097357	0.0018789115
0.52298254	2.256484	0.060554769	0.0018788098
0.52444953	2.3105226	0.062663466	0.001878657
0.52591652	2.2633114	0.061112631	0.0018785044
0.52738351	2.2294965	0.05978664	0.0018783518
0.5288505	2.2565029	0.060643137	0.0018781991
0.53031749	2.1946902	0.059587359	0.0018780973
0.53178447	2.2111757	0.059553433	0.0018778938
0.53325146	2.2203758	0.059671529	0.0018777919
0.53471845	2.1833935	0.0586561	0.0018776393
0.53618544	2.3606677	0.063578881	0.0018774867
0.53765243	2.2548738	0.060576517	0.0018773341
0.53911942	2.2015839	0.059060048	0.0018772021
0.54058647	2.275887	0.061229508	0.0018770288
0.54205346	2.2036364	0.05941388	0.0018768762
0.54352045	2.297509	0.061281215	0.0018767745
0.54498744	2.2859194	0.061257482	0.0018766219
0.54645443	2.3623819	0.063649327	0.0018764692
0.54792142	2.1910827	0.058277115	0.0018763166
0.54938841	2.172389	0.058088981	0.001876164
0.5508554	2.1752872	0.058291841	0.0018760114
0.55232239	2.1688218	0.058118463	0.0018758589
0.55378938	2.190681	0.058641162	0.0018757062
0.55525637	2.2457507	0.059751801	0.0018755028
0.55672336	2.2626336	0.0603512	0.0018754011
0.55819035	2.2091691	0.05911525	0.0018752485
0.55965734	2.1934566	0.058485549	0.001875096
0.56112432	2.2489452	0.059627205	0.0018749434
0.56259131	2.2852011	0.061237287	0.0018747909
0.5640583	2.2553649	0.060309023	0.0018745874
0.56552529	2.1279888	0.056419935	0.0018744858
0.56699228	2.0982456	0.055572301	0.0018743331
0.56845927	2.1841543	0.058341414	0.0018741806
0.56992626	2.252095	0.059501525	0.0018739772
0.57139325	2.2144866	0.05871252	0.0018738756
0.57286024	2.196162	0.058537811	0.001873723
0.57432723	2.2046251	0.058349669	0.0018735197
0.57579422	2.2163866	0.058640927	0.001873418
0.57726121	2.2901409	0.060762871	0.0018732146
0.5787282	2.2238493	0.058714345	0.0018730828
0.58019525	2.3408134	0.061976925	0.0018729096
0.58166224	2.2401111	0.058999792	0.0018727571
0.58312923	2.4454482	0.064453714	0.0018726047
0.58459622	2.3246295	0.06174285	0.0018724522
0.58606321	2.4300773	0.064408422	0.0018722997
0.5875302	2.4924242	0.065398104	0.0018720964
0.58899719	2.4870219	0.06498798	0.0018719439
0.59046417	2.6094632	0.069333777	0.0018717914
0.59193116	2.5895677	0.067830563	0.0018715882
0.59339815	2.6280823	0.068769284	0.0018714865
0.59486514	2.5688581	0.067566983	0.001871334
0.59633213	2.6966527	0.071200214	0.0018711308
0.59779912	2.6401935	0.069371849	0.0018709784
0.59926611	2.5668266	0.067189075	0.0018708259
0.6007331	2.5883152	0.067452475	0.0018706735
0.60220009	2.5802894	0.067727342	0.0018705211
0.60366708	2.5776865	0.067427255	0.0018703179
0.60513407	2.4058664	0.062823832	0.0018701655
0.60660106	2.3782489	0.062187791	0.001870013
0.60806805	2.3454421	0.061393268	0.0018698098
0.60953504	2.2450376	0.058724195	0.0018696574
0.61100203	2.2594087	0.058562264	0.001869505
0.61246902	2.2318244	0.058438573	0.0018693527
0.61393601	2.1730382	0.056265809	0.0018691494
0.615403	2.1967435	0.057206627	0.001868997
0.61686999	2.1850605	0.056673031	0.0018688446
0.61833698	2.205163	0.057465483	0.0018686923
0.61980397	2.1694915	0.056478754	0.0018685099
0.62127101	2.1895862	0.056562196	0.0018683368
0.622738	2.1609194	0.056179546	0.0018681337
0.62420499	2.2433155	0.057989247	0.0018679813
0.62567198	2.2580214	0.058369458	0.0018678289
0.62713897	2.2287233	0.057458818	0.0018676259
0.62860596	2.2592096	0.05845895	0.0018674735
0.63007295	2.2121212	0.057393186	0.0018672703
0.63153994	2.2809587	0.058844041	0.0018671181
0.63300693	2.2194796	0.05731643	0.0018669658
0.63447392	2.2918034	0.0586771	0.0018667626
0.63594091	2.21123	0.057160553	0.0018666104
0.6374079	2.3258128	0.059902929	0.0018664581
0.63887489	2.272608	0.058165617	0.001866255
0.64034188	2.2818122	0.058885958	0.0018661027
0.64180887	2.2793629	0.058705486	0.0018659504
0.64327586	2.3324537	0.059895005	0.0018657474
0.64474285	2.3915584	0.060932282	0.0018655951
0.64620984	2.3007271	0.059139118	0.0018654428
0.64767683	2.3540576	0.060212195	0.0018652398
0.64914382	2.4295957	0.062023472	0.0018650875
0.6506108	2.3736911	0.060714632	0.0018648338
0.65207779	2.4217024	0.061721023	0.0018646815
0.65354478	2.3302631	0.059760768	0.0018645293
0.65501177	2.4383473	0.061943647	0.0018643263
0.65647876	2.4180753	0.061648309	0.001864174
0.65794575	2.377749	0.060463123	0.0018640219
0.65941274	2.3748386	0.060310926	0.0018638397
0.66087979	2.2949219	0.058546331	0.0018636667
0.66234678	2.3487012	0.059840973	0.0018634637
0.66381377	2.4195623	0.061368115	0.0018633115
0.66528076	2.2971759	0.058188502	0.0018631086
0.66674775	2.3150065	0.058867648	0.0018629057
0.66821474	2.2159743	0.056006379	0.0018627534
0.66968173	2.3416348	0.059163403	0.0018625505
0.67114872	2.253788	0.056619585	0.0018623983
0.67261571	2.253876	0.057275634	0.0018621954
0.6740827	2.2576923	0.057151027	0.0018619925
0.67554969	2.2874441	0.057739057	0.0018617897
0.67701668	2.2013888	0.055302337	0.0018616376
0.67848366	2.2804334	0.057562176	0.0018614347
0.67995065	2.236295	0.056126475	0.0018612319
0.68141764	2.2356286	0.056180947	0.0018611304
0.68288463	2.212445	0.055458438	0.0018609276
0.68435162	2.3196464	0.058291949	0.0018607248
0.68581861	2.32289	0.058727007	0.0018605726
0.6872856	2.2731829	0.056891304	0.0018603191
0.68875259	2.2836659	0.057011135	0.001860167
0.69021958	2.2686286	0.056760039	0.0018599642
0.69168657	2.2934093	0.057724506	0.0018598121
0.69315356	2.3958724	0.059906129	0.0018596093
0.69462055	2.2766483	0.05650289	0.0018594065
0.69608754	2.3221183	0.057953451	0.0018592544
0.69755453	2.1735015	0.054585621	0.001859001
0.69902152	2.3164086	0.05763102	0.0018588698
0.70048857	2.2853599	0.056912076	0.0018586462
0.70195556	2.3895705	0.059178166	0.0018584434
0.70342255	2.3186061	0.057829984	0.0018582913
0.70488954	2.2974801	0.056949727	0.0018580887
0.70635653	2.4490173	0.060687542	0.001857886
0.70782351	2.3746169	0.058789246	0.0018577339
0.7092905	2.4257302	0.060463849	0.0018575311
0.71075749	2.4105392	0.059660815	0.0018573285
0.71222448	2.4057703	0.059597928	0.0018571258
0.71369147	2.449697	0.060299382	0.0018569739
0.71515846	2.4082007	0.05956677	0.0018567712
0.71662545	2.3496332	0.058081821	0.0018565685
0.71809244	2.4330084	0.060033541	0.0018563658
0.71955943	2.4214027	0.059529945	0.0018561631
0.72102642	2.2998776	0.056887064	0.0018559606
0.72249341	2.4037645	0.059221908	0.0018558085
0.7239604	2.3660445	0.0580469	0.001855606
0.72542739	2.3774955	0.05846785	0.0018554033
0.72689438	2.4523096	0.060054604	0.0018552007
0.72836137	2.3811252	0.058558151	0.0018549982
0.72982836	2.3389525	0.057381794	0.0018547955
0.73129535	2.344331	0.057410099	0.0018545929
0.73276234	2.3103654	0.056543734	0.001854441
0.73422933	2.2975903	0.056383211	0.0018541878
0.73569632	2.2443113	0.054911416	0.0018540359
0.73716331	2.35676	0.057507709	0.0018538333
0.73863029	2.2451155	0.054620709	0.0018536518
0.74009734	2.3151913	0.056611836	0.0018533777
0.74156433	2.2686656	0.05499899	0.0018532258
0.74303132	2.2184525	0.054116588	0.0018530233
0.74449831	2.2717071	0.055202875	0.0018528207
0.7459653	2.2319188	0.054558575	0.0018525677
0.74743229	2.2370284	0.054311801	0.0018524159
0.74889928	2.338053	0.056781463	0.0018522133
0.75036627	2.2987769	0.055468485	0.0018520108
0.75183326	2.2833333	0.055699307	0.0018518084
0.75330025	2.297626	0.0552806	0.0018516059
0.75476724	2.2520468	0.054452047	0.0018514035
0.75623423	2.3147388	0.056082845	0.0018512011
0.75770122	2.278466	0.055333447	0.0018509986
0.75916821	2.3374341	0.056566976	0.0018507962
0.7606352	2.3094275	0.055532236	0.0018505432
0.76210219	2.313364	0.055514604	0.0018503914
0.76356918	2.3018758	0.055722114	0.0018501384
0.76503617	2.3498831	0.056784753	0.0018499866
0.76650316	2.4456522	0.058488004	0.0018497336
0.76797014	2.2959538	0.055192117	0.0018495818
0.76943713	2.2491229	0.054380991	0.0018493795
0.77090412	2.3547082	0.056588706	0.0018491265
0.77237111	2.3279538	0.055881027	0.0018489748
0.7738381	2.4214122	0.057776228	0.0018487219
0.77530509	2.3310385	0.05582583	0.0018485195
0.77677208	2.3455284	0.056514971	0.0018483173
0.77823907	2.3748579	0.056633368	0.001848115
0.77970606	2.3935263	0.057029832	0.0018479337
0.78117311	2.3306682	0.055689808	0.0018476598
0.7826401	2.3490241	0.056273311	0.0018474576
0.78410709	2.3386912	0.056025982	0.0018472553
0.78557408	2.354202	0.05590241	0.0018470531
0.78704107	2.3550029	0.055984668	0.0018468507
0.78850806	2.3405466	0.055846322	0.001846598
0.78997505	2.3598421	0.056035914	0.0018464463
0.79144204	2.3397076	0.055480272	0.0018462441
0.79290903	2.3482699	0.055919603	0.0018459914
0.79437602	2.28934	0.0543615	0.0018457891
0.79584301	2.3397076	0.055480082	0.0018455869
0.79730999	2.4762712	0.058851276	0.0018453847
0.79877698	2.3464961	0.055331137	0.001845132
0.80024397	2.3352113	0.055420145	0.0018449299
0.80171096	2.3835006	0.056266088	0.0018447277
0.80317795	2.4002218	0.056503784	0.0018444749
0.80464494	2.3537683	0.055813182	0.0018442728
0.80611193	2.3697712	0.055957589	0.0018440707
0.80757892	2.3691537	0.055895839	0.0018438686
0.80904591	2.266259	0.053424042	0.0018436159
0.8105129	2.3226871	0.054497395	0.0018434138
0.81197989	2.359375	0.055727217	0.0018431612
0.81344688	2.3597121	0.055503566	0.0018430096
0.81491387	2.2760704	0.053315591	0.0018427571
0.81638086	2.3257868	0.054645486	0.001842555
0.81784785	2.3274822	0.054504897	0.0018423024
0.81931484	2.2805281	0.053478349	0.0018421215
0.82078189	2.2287762	0.05232197	0.0018418983
0.82224888	2.2272978	0.052244373	0.0018416458
0.82371587	2.2368422	0.052367587	0.0018414438
0.82518286	2.2455285	0.052270845	0.0018411913
0.82664984	2.3249452	0.054370895	0.0018409893
0.82811683	2.3110991	0.054032039	0.0018407872
0.82958382	2.2182908	0.051749486	0.0018405853
0.83105081	2.2701242	0.052757893	0.0018403329
0.8325178	2.3061447	0.053769659	0.0018401309
0.83398479	2.2575178	0.052779805	0.0018398785
0.83545178	2.3016393	0.053796709	0.0018396765
0.83691877	2.2529538	0.052204162	0.0018394241
0.83838576	2.2917116	0.053159736	0.0018392222
0.83985275	2.2326334	0.051802721	0.0018390203
0.84131974	2.3193097	0.053857539	0.0018387679
0.84278673	2.254565	0.052241292	0.001838566
0.84425372	2.2812667	0.052846018	0.0018383641
0.84572071	2.2176723	0.051468708	0.0018381118
0.8471877	2.2512026	0.05203817	0.0018378594
0.84865469	2.2920258	0.053195324	0.0018376575
0.85012168	2.2860935	0.052661899	0.0018374053
0.85158867	2.2521367	0.052045636	0.0018372034
0.85305566	2.2327311	0.051459659	0.0018370016
0.85452265	2.2420552	0.051592935	0.0018367494
0.85598963	2.230444	0.051271286	0.0018364971
0.85745662	2.2632415	0.052080672	0.0018362952
0.85892361	2.2425532	0.05171334	0.0018360642
0.86039066	2.2854099	0.052729849	0.0018358412
0.86185765	2.3082192	0.052975118	0.0018355891
0.86332464	2.198421	0.050428562	0.0018353873
0.86479163	2.2405462	0.051341414	0.0018351352
0.86625862	2.2364402	0.051314518	0.001834883
0.86772561	2.304667	0.052769128	0.0018346813
0.8691926	2.2823343	0.052326482	0.0018344795
0.87065959	2.211838	0.050392762	0.0018342274
0.87212658	2.1991637	0.050274044	0.0018339753
0.87359357	2.2800841	0.052261129	0.0018337232
0.87506056	2.259747	0.051863495	0.0018335215
0.87652755	2.2468944	0.051112499	0.0018333198
0.87799454	2.3031557	0.052378912	0.0018330677
0.87946153	2.3272915	0.052955326	0.0018328157
0.88092852	2.2162864	0.050467823	0.0018325637
0.88239551	2.2968912	0.052276678	0.001832362
0.8838625	2.2894738	0.052000228	0.00183211
0.88532948	2.3042355	0.052362647	0.0018319084
0.88679647	2.3291926	0.052984726	0.0018316564
0.88826346	2.2769785	0.051610447	0.0018314044
0.88973045	2.3867488	0.054084308	0.0018312029
0.89119744	2.3037648	0.052311625	0.001830951
0.89266443	2.2998977	0.052023139	0.0018306989
0.89413142	2.3329914	0.05283938	0.0018304974
0.89559841	2.3594143	0.053004205	0.0018302455
0.8970654	2.3163581	0.052529529	0.0018299936
0.89853239	2.3017812	0.051919561	0.0018298134
0.89999944	2.3763442	0.053766008	0.0018294898
0.90146643	2.3580184	0.053282984	0.001829238
0.90293342	2.2824543	0.051392548	0.0018290365
0.90440041	2.3118713	0.051844448	0.0018287847
0.9058674	2.3921866	0.053876925	0.0018285832
0.90733439	2.3966565	0.053936612	0.0018283314
0.90880138	2.3797276	0.053433936	0.0018280796
0.91026837	2.3538306	0.052839056	0.0018278279
0.91173536	2.4066865	0.053755317	0.0018276264
0.91320235	2.3958545	0.05386357	0.0018273747
0.91466933	2.3503282	0.052800581	0.0018271229
0.91613632	2.3931625	0.05365416	0.0018268712
0.91760331	2.4175	0.054051112	0.0018266698
0.9190703	2.4425981	0.054804157	0.0018263678
0.92053729	2.4777887	0.055042457	0.0018261161
0.92200428	2.4224787	0.054256998	0.0018259147
0.92347127	2.4452698	0.054414239	0.001825663
0.92493826	2.376992	0.053039167	0.0018254115
0.92640525	2.4265215	0.053969953	0.0018251598
0.92787224	2.378607	0.053048898	0.0018249082
0.92933923	2.4796021	0.055301152	0.0018247069
0.93080622	2.4528301	0.054650202	0.0018244049
0.93227321	2.3996072	0.053161256	0.0018242038
0.9337402	2.4599802	0.054674026	0.0018239522
0.93520719	2.4559765	0.054464035	0.0018236503
0.93667418	2.4918196	0.055477683	0.001823449
0.93814117	2.4669902	0.054348584	0.0018231976
0.93960816	2.5102739	0.055518039	0.0018229673
0.94107521	2.5451851	0.056553591	0.0018226946
0.9425422	2.5511503	0.05643639	0.0018224431
0.94400918	2.5102639	0.055490725	0.0018221915
0.94547617	2.6249387	0.058154061	0.0018219402
0.94694316	2.5434256	0.056018904	0.0018216887
0.94841015	2.5443528	0.056012556	0.0018214373
0.94987714	2.5706024	0.056425907	0.0018211858
0.95134413	2.5656419	0.05667337	0.0018209345
0.95281112	2.5486212	0.056051869	0.0018207333
0.95427811	2.5848966	0.056685854	0.0018204317
0.9557451	2.5817215	0.056766249	0.0018201803
0.95721209	2.5868726	0.056824844	0.0018199793
0.95867908	2.6109231	0.057394542	0.0018197279
0.96014607	2.5833733	0.056624897	0.0018194263
0.96161306	2.6389685	0.057663981	0.0018192253
0.96308005	2.4724748	0.054089926	0.0018189237
0.96454704	2.5431862	0.05570386	0.0018186725
0.96601403	2.5067115	0.054878678	0.0018184212
0.96748102	2.5102332	0.054759085	0.00181817
0.96894801	2.5054374	0.05447359	0.0018179187
0.970415	2.4988124	0.054458514	0.0018176675
0.97188199	2.4575629	0.053508691	0.0018174164
0.97334898	2.4809823	0.054433025	0.0018171652
0.97481596	2.4954998	0.054308709	0.001816914
0.97628295	2.4859724	0.054203834	0.0018166126
0.97774994	2.5086813	0.054338828	0.0018163614
0.97921693	2.4127059	0.052333318	0.0018161318
0.98068398	2.4744561	0.053812776	0.0018158592
0.98215097	2.4609962	0.053343348	0.0018156081
0.98361796	2.4688232	0.05345083	0.001815357
0.98508495	2.443718	0.052807622	0.001815106
0.98655194	2.3820488	0.051632158	0.0018148047
0.98801893	2.4754949	0.053733565	0.0018145536
0.98948592	2.4604652	0.053058192	0.0018143026
0.99095291	2.5002356	0.054257821	0.0018140516
0.9924199	2.4704251	0.053100802	0.0018138007
0.99388689	2.430238	0.052492004	0.0018135497
0.99535388	2.4842446	0.053471953	0.0018132987
0.99682087	2.4401309	0.052767474	0.0018129975
0.99828786	2.5025265	0.053629905	0.0018127466
0.99975485	2.4798703	0.053340506	0.0018125672
1.0012219	2.5191333	0.05408521	0.0018121946
1.0026889	2.4536653	0.052679513	0.0018119939
1.0041559	2.4895203	0.053722531	0.0018116928
1.0056229	2.5215993	0.05405125	0.0018114921
1.0070899	2.50138	0.053642482	0.0018110907
1.0085568	2.4696486	0.052755743	0.0018108902
1.0100238	2.4793577	0.053097013	0.0018105891
1.0114908	2.4782808	0.052988879	0.0018103885
1.0129578	2.4795082	0.052906279	0.0018100876
1.0144248	2.5164533	0.053792875	0.0018098869
1.0158918	2.4725525	0.052878495	0.0018095861
1.0173588	2.5140018	0.053423546	0.0018092851
1.0188258	2.5371637	0.054173619	0.0018090846
1.0202928	2.5241129	0.053833682	0.0018087837
1.0217597	2.5352941	0.053924855	0.0018084829
1.0232267	2.5565023	0.054131735	0.0018081821
1.0246937	2.56301	0.05456375	0.0018079815
1.0261607	2.4921348	0.052827802	0.0018077811
1.0276277	2.5336344	0.053829011	0.0018074802
1.0290947	2.5894785	0.054904155	0.0018071795
1.0305617	2.5726495	0.054559294	0.0018068787
1.0320287	2.5004489	0.052968837	0.0018066783
1.0334957	2.574033	0.054272171	0.0018063775
1.0349627	2.5604494	0.05427631	0.001806077
1.0364296	2.5765605	0.054593425	0.0018057763
1.0378966	2.6103954	0.055014346	0.0018055759
1.0393636	2.5295434	0.053512752	0.0018052752
1.0408306	2.6178315	0.055405837	0.0018049746
1.0422976	2.547178	0.053480685	0.001804674
1.0437646	2.6419039	0.055716038	0.0018044737
1.0452316	2.6003568	0.05491269	0.0018041732
1.0466986	2.6366432	0.055262223	0.0018038726
1.0481656	2.5913272	0.054228954	0.0018036723
1.0496325	2.5846221	0.054326639	0.0018033718
1.0510995	2.6567891	0.055868704	0.0018030714
1.0525665	2.6139185	0.055027917	0.001802771
1.0540335	2.6099913	0.054631338	0.0018025707
1.0555005	2.6136768	0.055071782	0.0018022703
1.0569675	2.6781359	0.055886816	0.0018019699
1.0584345	2.6120052	0.054470811	0.0018016695
1.0599015	2.5858762	0.05398453	0.0018014692
1.0613685	2.6876099	0.056330346	0.0018012691
1.0628355	2.6434782	0.055115327	0.0018008687
1.0643024	2.696444	0.056146707	0.0018005684
1.0657694	2.6747253	0.05607266	0.0018003682
1.0672364	2.649698	0.055030398	0.0018001681
1.0687034	2.6343575	0.054794554	0.0017997677
1.0701704	2.7001755	0.056568719	0.0017995676
1.0716374	2.6160522	0.054484423	0.0017991674
1.0731044	2.6210618	0.05444755	0.0017989672
1.0745714	2.6496131	0.054933712	0.001798667
1.0760384	2.6772532	0.055459332	0.001798467
1.0775054	2.6642368	0.055165894	0.0017981669
1.0789723	2.6160483	0.054331504	0.00179791
1.0804394	2.6673856	0.055397712	0.0017975667
1.0819064	2.6676583	0.054989837	0.0017972667
1.0833734	2.7396677	0.056546506	0.0017970667
1.0848404	2.7682717	0.057394236	0.0017967665
1.0863074	2.7489398	0.056605391	0.0017963665
1.0877744	2.7214377	0.056290228	0.0017961666
1.0892414	2.7182624	0.055820234	0.0017958666
1.0907084	2.6858482	0.05544731	0.0017956666
1.0921754	2.7347457	0.056289136	0.0017953668
1.0936424	2.7650273	0.056684863	0.0017950669
1.0951093	2.7312102	0.056275878	0.001794767
1.0965763	2.7752857	0.057087455	0.0017944671
1.0980433	2.767715	0.056668423	0.0017942672
1.0995103	2.8181434	0.057883617	0.0017938674
1.1009773	2.817344	0.057660662	0.0017935677
1.1024443	2.8143036	0.057549961	0.0017932679
1.1039113	2.8356278	0.057913851	0.001793068
1.1053783	2.8640776	0.058839463	0.0017927684
1.1068453	2.8527939	0.058252152	0.0017924686
1.1083122	2.81463	0.057376999	0.0017921689
1.1097792	2.7996655	0.057251055	0.0017918693
1.1112462	2.7366459	0.055683207	0.0017915696
1.1127132	2.8099585	0.057234462	0.0017913699
1.1141802	2.8521273	0.057961088	0.0017910702
1.1156472	2.8724024	0.058554817	0.0017906708
1.1171142	2.9208574	0.059296954	0.001790471
1.1185812	2.8411331	0.05755984	0.0017901715
1.1200482	2.8590908	0.058114871	0.001789872
1.1215152	2.9096854	0.058816053	0.0017896723
1.1229821	2.8788629	0.058432147	0.001789273
1.1244491	2.8956521	0.058919013	0.0017890733
1.1259161	2.9199674	0.058999676	0.001788674
1.1273831	2.8749487	0.058209069	0.0017884744
1.1288501	3.0237122	0.061133459	0.0017881751
1.1303171	2.9498179	0.059336916	0.0017877759
1.1317841	3.0399184	0.061348643	0.0017875762
1.1332511	2.9837596	0.060117263	0.0017872769
1.1347181	2.960912	0.059741721	0.0017869776
1.1361851	3.0632603	0.061681747	0.0017866783
1.137652	3.0052063	0.060135897	0.001786379
1.139119	3.0292444	0.061046168	0.0017861795
1.140586	3.0670145	0.061434139	0.0017857805
1.142053	3.0574989	0.061305273	0.0017854813
1.14352	3.118727	0.062990576	0.0017852818
1.144987	3.1652036	0.063223995	0.001784883
1.146454	3.2206647	0.064447872	0.0017845838
1.147921	3.1804938	0.063977629	0.0017842846
1.149388	3.2436407	0.064661942	0.0017840852
1.1508549	3.1920159	0.063772298	0.0017837861
1.1523219	3.2805755	0.06558089	0.001783487
1.1537889	3.3830211	0.067534417	0.001783188
1.1552559	3.3345265	0.06650047	0.0017827892
1.1567229	3.3277779	0.066286817	0.0017825899
1.1581899	3.3970008	0.067478523	0.001782291
1.1596569	3.4881983	0.069181234	0.0017820357
1.161124	3.4604743	0.068794042	0.0017816931
1.162591	3.5449173	0.070361428	0.0017813941
1.164058	3.6086783	0.071996771	0.0017810953
1.165525	3.5995278	0.071389183	0.0017806968
1.1669919	3.6781065	0.073048219	0.0017804975
1.1684589	3.755887	0.074402638	0.0017801987
1.1699259	3.8012471	0.075036593	0.0017798998
1.1713929	3.8271945	0.075755849	0.0017796011
1.1728599	3.839891	0.075784922	0.0017792027
1.1743269	3.9074218	0.077222928	0.001778904
1.1757939	4.0426283	0.079941891	0.0017787048
1.1772609	4.1363811	0.081414901	0.0017784061
1.1787279	4.1620889	0.081857607	0.0017781074
1.1801949	4.179348	0.082340218	0.0017778088
1.1816618	4.2411375	0.083704248	0.0017775102
1.1831288	4.3310184	0.085065015	0.0017772114
1.1845958	4.389883	0.086589724	0.0017769129
1.1860628	4.5962062	0.09043096	0.0017766143
1.1875298	4.7108893	0.092242181	0.0017763157
1.1889968	4.710506	0.092914149	0.0017760172
1.1904638	4.9318528	0.096495003	0.0017756192
1.1919308	4.9705882	0.097141445	0.0017753207
1.1933978	5.0401068	0.098500185	0.0017750222
1.1948647	5.1249518	0.10048516	0.0017747239
1.1963317	5.2204423	0.10194682	0.001774326
1.1977987	5.2922425	0.10370569	0.0017740276
1.1992657	5.4575362	0.10674009	0.0017737292
1.2007327	5.5269756	0.10772806	0.0017734308
1.2021997	5.5646076	0.10831765	0.001773232
1.2036667	5.5530043	0.10862815	0.0017729336
1.2051337	5.6333332	0.10963448	0.001772536
1.2066007	5.6600838	0.11030173	0.0017723371
1.2080677	5.851161	0.11415552	0.0017720389
1.2095346	5.7084117	0.11086527	0.0017716413
1.2110016	5.7793283	0.11224253	0.0017713431
1.2124686	5.8096137	0.11302269	0.0017710449
1.2139356	5.6363292	0.10952708	0.0017706474
1.2154026	5.712575	0.11050925	0.0017703493
1.2168696	5.7657967	0.11214897	0.0017701506
1.2183366	5.7688856	0.11155695	0.0017698525
1.2198036	5.6970038	0.11024909	0.0017695545
1.2212706	5.689733	0.11033608	0.001769157
1.2227376	5.6450057	0.10877552	0.001768859
1.2242045	5.6669154	0.10944179	0.0017685611
1.2256715	5.6238394	0.10836753	0.0017681638
1.2271385	5.5694032	0.10757853	0.0017678658
1.2286055	5.5921392	0.10767672	0.0017675679
1.2300725	5.6213484	0.10878504	0.0017673693
1.2315395	5.5397768	0.10680705	0.0017670714
1.2330065	5.4753613	0.1053891	0.0017666743
1.2344735	5.4338779	0.10472646	0.0017663765
1.2359405	5.4091921	0.1041347	0.0017660788
1.2374074	5.3941956	0.10338716	0.001765781
1.2388744	5.3694854	0.10295131	0.0017655273
1.2403415	5.3039145	0.10191924	0.0017650862
1.2418085	5.1943026	0.099264532	0.0017647885
1.2432755	5.2138386	0.10002213	0.0017644909
1.2447425	5.236444	0.10056703	0.0017641932
1.2462095	5.1242213	0.098086469	0.0017638955
1.2476765	5.0248446	0.096043691	0.0017634988
1.2491435	5.051002	0.096402861	0.0017632012
1.2506105	4.9232454	0.094118774	0.0017629036
1.2520775	4.9395704	0.094241716	0.0017626061
1.2535444	4.9517593	0.094302706	0.0017622093
1.2550114	4.9250731	0.094153643	0.0017619119
1.2564784	4.9253569	0.094210833	0.0017616145
1.2579454	4.9027476	0.093217231	0.001761317
1.2594124	4.9034481	0.093416557	0.0017610196
1.2608794	4.8055253	0.091617189	0.0017607221
1.2623464	4.7968864	0.091270439	0.0017604248
1.2638134	4.7961898	0.090928547	0.0017601275
1.2652804	4.7956991	0.090788893	0.001759731
1.2667474	4.8225341	0.09149377	0.0017593346
1.2682143	4.7983556	0.090725429	0.0017591364
1.2696813	4.7075982	0.089329146	0.0017588392
1.2711483	4.801157	0.091285653	0.0017584428
1.2726153	4.7940755	0.090563759	0.0017581456
1.2740823	4.7561851	0.090056963	0.0017578485
1.2755493	4.7749734	0.09002623	0.0017575513
1.2770163	4.78829	0.090470523	0.0017571552
1.2784833	4.6899004	0.088438131	0.001756759
1.2799503	4.7250981	0.089276381	0.0017564619
1.2814173	4.7333097	0.088956617	0.0017561649
1.2828842	4.7498207	0.089984789	0.0017558679
1.2843512	4.7257547	0.089066595	0.0017554719
1.2858182	4.6983123	0.088096663	0.0017552739
1.2872852	4.7252941	0.089248307	0.001754878
1.2887522	4.6158471	0.086810417	0.001754581
1.2902192	4.683713	0.087653644	0.0017542841
1.2916862	4.570271	0.085771285	0.0017538882
1.2931532	4.6532769	0.087344445	0.0017535914
1.2946202	4.6783218	0.087476261	0.0017532946
1.2960871	4.6730361	0.087901346	0.0017528988
1.2975541	4.6374741	0.08662165	0.0017526021
1.2990211	4.6721597	0.087483525	0.0017523053
1.3004881	4.7975354	0.090020783	0.0017519096
1.3019551	4.610146	0.085931502	0.001751613
1.3034221	4.6590357	0.086767219	0.0017513162
1.3048891	4.6774755	0.087338418	0.0017510196
1.3063561	4.7068844	0.087765358	0.001750624
1.3078231	4.6362057	0.086417213	0.0017503275
1.3092901	4.6924677	0.087420359	0.0017500309
1.310757	4.6125131	0.085752361	0.0017496356
1.312224	4.6335535	0.086352676	0.0017494378
1.313691	4.6482253	0.086701468	0.0017489436
1.315158	4.649467	0.086231105	0.0017486472
1.316625	4.693398	0.087256178	0.0017483507
1.318092	4.6055803	0.085475929	0.0017480543
1.319559	4.6772742	0.086986564	0.0017477035
1.3210261	4.6843009	0.08681754	0.0017473627
1.3224931	4.6439056	0.085803866	0.0017470664
1.3239601	4.6948228	0.086641259	0.0017466713
1.3254271	4.6039162	0.085327387	0.0017463749
1.326894	4.6793995	0.086415298	0.0017460786
1.328361	4.6530056	0.085986502	0.0017456836
1.329828	4.6644874	0.086524397	0.0017452887
1.331295	4.7755451	0.088130906	0.0017450913
1.332762	4.6579661	0.085756674	0.0017446963
1.334229	4.7060022	0.086655647	0.0017444002
1.335696	4.6976743	0.086239681	0.0017440054
1.337163	4.7308607	0.087261572	0.0017437093
1.33863	4.7105618	0.086666048	0.0017434132
1.340097	4.75	0.087540023	0.0017430185
1.3415639	4.7299662	0.086788543	0.0017427225
1.3430309	4.8191309	0.088439539	0.0017423278
1.3444979	4.7634587	0.087373681	0.0017420319
1.3459649	4.6946692	0.086228028	0.001741736
1.3474319	4.8388515	0.088936388	0.0017413413
1.3488989	4.9155498	0.089981958	0.0017409469
1.3503659	4.8331647	0.088726826	0.001740651
1.3518329	4.8149881	0.088067301	0.0017403552
1.3532999	4.8625622	0.088700563	0.0017400593
1.3547668	4.8912387	0.089612044	0.0017396649
1.3562338	4.8480716	0.088392027	0.0017393692
1.3577008	4.9381442	0.09004914	0.0017389749
1.3591678	4.9098196	0.089726783	0.0017386792
1.3606348	4.9440055	0.089724332	0.0017383836
1.3621018	4.9180546	0.089757383	0.0017380879
1.3635688	4.9466357	0.090054311	0.0017375952
1.3650358	4.9034801	0.088842705	0.0017372996
1.3665028	4.9651279	0.090481319	0.001737004
1.3679698	4.97719	0.090490922	0.00173661
1.3694367	5.0495214	0.091745183	0.0017363145
1.3709037	5.0686469	0.092077494	0.0017359204
1.3723707	5.068943	0.09184067	0.001735625
1.3738377	5.0948644	0.092144288	0.0017352311
1.3753047	5.0278597	0.091021776	0.0017349357
1.3767717	5.0952535	0.092181616	0.0017346403
1.3782387	5.1238699	0.093748435	0.0017342465
1.3797057	5.2167506	0.095479861	0.0017338528
1.3811727	5.0684748	0.093314543	0.0017335574
1.3826396	5.1455913	0.095122017	0.0017332622
1.3841066	5.0771074	0.093984634	0.0017328685
1.3855736	5.2884154	0.098047704	0.0017325734
1.3870406	5.1972027	0.097178534	0.0017321798
1.3885076	5.2463565	0.097722337	0.0017318845
1.3899746	5.2421055	0.09818989	0.0017314911
1.3914416	5.3318181	0.099695526	0.0017310976
1.3929086	5.3475823	0.10009555	0.0017308026
1.3943756	5.3091617	0.099849619	0.0017305075
1.3958426	5.3735757	0.10140219	0.0017301141
1.3973095	5.3440938	0.10064907	0.0017297207
1.3987765	5.3221431	0.10057529	0.0017295692
1.4002436	5.2972684	0.099767365	0.0017290326
1.4017106	5.276824	0.099789992	0.0017287377
1.4031776	5.3749552	0.10166401	0.0017284427
1.4046446	5.4256926	0.10291887	0.0017280496
1.4061116	5.4100432	0.10282544	0.0017276566
1.4075786	5.3791246	0.10187054	0.0017273617
1.4090456	5.4381943	0.10293379	0.0017270669
1.4105126	5.4798694	0.10436027	0.0017266739
1.4119796	5.4623461	0.10393226	0.001726281
1.4134465	5.4469395	0.10365797	0.0017259864
1.4149135	5.5872898	0.10677458	0.0017256917
1.4163805	5.6037188	0.10699102	0.0017252006
1.4178475	5.6786623	0.1082641	0.001724906
1.4193145	5.6807733	0.10850181	0.0017245132
1.4207815	5.6407166	0.10783507	0.0017242187
1.4222485	5.7011027	0.10930978	0.0017239242
1.4237155	5.7222424	0.10953397	0.0017235315
1.4251825	5.7809176	0.11073834	0.0017232371
1.4266495	5.8378181	0.11131895	0.0017228444
1.4281164	5.9102941	0.11332073	0.0017224519
1.4295834	5.8163495	0.11236929	0.0017221576
1.4310504	5.9196329	0.11339578	0.0017217651
1.4325174	5.9331374	0.11371673	0.0017213727
1.4339844	5.9719038	0.11481915	0.0017209803
1.4354514	6.0457058	0.11606649	0.001720686
1.4369184	6.0444527	0.11682	0.0017202938
1.4383854	6.1008935	0.11771335	0.0017199995
1.4398524	5.9803777	0.11506731	0.0017196073
1.4413193	6.145041	0.11865357	0.0017193131
1.4427863	6.1138301	0.11772224	0.001718921
1.4442533	6.254931	0.12066314	0.0017186269
1.4457203	6.2216396	0.12037954	0.0017182349
1.4471873	6.2350969	0.12034746	0.0017179408
1.4486543	6.293633	0.12179538	0.0017175488
1.4501213	6.2859278	0.12144192	0.0017171568
1.4515883	6.3874812	0.12328903	0.0017168629
1.4530553	6.3534741	0.12346327	0.0017164709
1.4545223	6.3693695	0.12339972	0.0017160792
1.4559892	6.4707217	0.12576537	0.0017156873
1.4574562	6.4599328	0.12471066	0.0017153935
1.4589232	6.4635887	0.12522526	0.0017150018
1.4603902	6.4534445	0.12554836	0.0017147081
1.4618572	6.4939804	0.125956	0.0017143163
1.4633242	6.3700638	0.12352929	0.0017140226
1.4647912	6.3715682	0.12355854	0.0017136311
1.4662582	6.5122132	0.1262386	0.0017132396
1.4677252	6.4803958	0.12643199	0.0017129459
1.4691921	6.4359169	0.12513621	0.0017124566
1.4706591	6.371665	0.12351411	0.0017122609
1.4721261	6.541163	0.12711059	0.0017117717
1.4735931	6.5431585	0.12702964	0.0017114782
1.4750601	6.5990834	0.12894413	0.0017110868
1.4765271	6.609756	0.12902963	0.0017107935
1.4779941	6.7245011	0.13045195	0.0017104022
1.4794611	6.7626796	0.13156459	0.0017100566
1.4809282	6.6650229	0.12981188	0.0017097177
1.4823952	6.8006897	0.13313788	0.0017093266
1.4838622	6.804018	0.13246921	0.0017089356
1.4853292	6.9833398	0.135883	0.0017085446
1.4867961	6.9615383	0.13584548	0.0017081535
1.4882631	6.9667306	0.136232	0.0017078604
1.4897301	7.2112136	0.14131048	0.0017074695
1.4911971	7.3062	0.14248954	0.0017071763
1.4926641	7.2850595	0.14240269	0.0017067855
1.4941311	7.375762	0.1439833	0.0017063947
1.4955981	7.4786911	0.14588137	0.001706004
1.4970651	7.4098735	0.14495327	0.001705711
1.4985321	7.6464958	0.14963941	0.0017053203
1.499999	7.7226696	0.15124618	0.0017050274
1.501466	7.9249525	0.15467493	0.0017046368
1.502933	7.8974652	0.15475887	0.0017042463
1.5044	8.0485735	0.15802354	0.0017039534
1.505867	8.1103477	0.15847483	0.0017035629
1.507334	8.1868591	0.15954392	0.0017031726
1.508801	8.2498074	0.16184996	0.0017027822
1.510268	8.2997704	0.16239342	0.0017023919
1.511735	8.3344936	0.16389036	0.0017020991
1.513202	8.4704304	0.16598678	0.0017017089
1.5146689	8.5417776	0.1668414	0.0017013187
1.5161359	8.5219736	0.16731867	0.0017010261
1.5176029	8.5681992	0.16770948	0.001700636
1.5190699	8.5566254	0.16793413	0.0017002459
1.5205369	8.5902967	0.16856246	0.0016998559
1.5220039	8.6862516	0.17021617	0.0016994659
1.5234709	8.6986456	0.17108458	0.0016991734
1.5249379	8.6809978	0.17008054	0.0016987835
1.5264049	8.7973709	0.17299259	0.0016983936
1.5278718	8.7799082	0.17191955	0.0016980038
1.5293388	8.8681068	0.17414822	0.001697614
1.5308058	8.7214451	0.17189907	0.0016973217
1.5322728	8.7104053	0.17036268	0.001696932
1.5337398	8.7593956	0.17241263	0.0016965424
1.5352068	8.8106642	0.17318723	0.0016962502
1.5366738	8.7318201	0.17127378	0.0016957632
1.5381408	8.7274494	0.17208427	0.001695471
1.5396078	8.6074448	0.16860732	0.0016950816
1.5410748	8.7115679	0.17163764	0.0016947894
1.5425417	8.6222391	0.16971298	0.0016943027
1.5440087	8.6510277	0.17034575	0.0016939134
1.5454757	8.5520592	0.16856036	0.0016936214
1.5469427	8.3841162	0.16382419	0.0016932321
1.5484097	8.4352388	0.16635469	0.0016927455
1.5498767	8.3823757	0.16515161	0.0016924536
1.5513437	8.128006	0.16007774	0.0016921618
1.5528107	8.1823826	0.16118009	0.0016916754
1.5542777	8.1260147	0.15975979	0.0016912863
1.5557446	8.06182	0.1589596	0.0016909946
1.5572116	8.0243998	0.15791477	0.0016906057
1.5586786	7.8905587	0.15489128	0.0016902627
1.5601457	7.8487558	0.15475805	0.0016898278
1.5616127	7.6426897	0.15110639	0.0016894389
1.5630797	7.5999999	0.14947574	0.0016891473
1.5645467	7.5106878	0.14806306	0.0016886614
1.5660137	7.4202561	0.14616683	0.0016883699
1.5674807	7.25068	0.14293739	0.0016879812
1.5689477	7.1843138	0.14226617	0.0016875926
1.5704147	7.234345	0.14179111	0.0016873012
1.5718817	7.0493202	0.13891383	0.0016868155
1.5733486	6.9442711	0.13708319	0.0016865241
1.5748156	6.7328157	0.1326765	0.0016860386
1.5762826	6.8215542	0.13479188	0.0016857473
1.5777496	6.6351614	0.13085374	0.0016853589
1.5792166	6.6014066	0.13049275	0.0016849706
1.5806836	6.5341616	0.12873688	0.0016846793
1.5821506	6.4149556	0.12626562	0.0016841941
1.5836176	6.2335682	0.12329388	0.0016839029
1.5850846	6.2840466	0.1239533	0.0016834177
1.5865515	6.2085772	0.12258381	0.0016830297
1.5880185	6.126018	0.1206249	0.0016826416
1.5894855	5.9933333	0.11868124	0.0016823506
1.5909525	6.0916896	0.12032271	0.0016819626
1.5924195	5.962544	0.11777157	0.0016815747
1.5938865	5.8262548	0.11447808	0.0016812838
1.5953535	5.7708173	0.11382945	0.0016808959
1.5968205	5.7611413	0.1139045	0.0016804113
1.5982875	5.6489115	0.11138149	0.0016800235
1.5997545	5.5197496	0.1091534	0.0016797327
1.6012214	5.5268903	0.10910271	0.001679345
1.6026884	5.459868	0.10750723	0.0016789575
1.6041554	5.3686476	0.10614442	0.001678473
1.6056224	5.3077826	0.10496153	0.0016781824
1.6070894	5.2277346	0.10331796	0.0016777948
1.6085564	4.9968882	0.098543748	0.0016774074
1.6100234	5.0943618	0.10080015	0.0016770201
1.6114904	5.0911913	0.10028677	0.0016766328
1.6129574	5.0365281	0.099811837	0.0016762455
1.6144243	4.9416375	0.097797178	0.001675955
1.6158913	4.768189	0.093796708	0.0016755678
1.6173583	4.7305884	0.093675293	0.0016750839
1.6188253	4.7167315	0.093036741	0.0016746968
1.6202923	4.7483368	0.093934454	0.0016744065
1.6217593	4.7571039	0.093851343	0.0016740195
1.6232263	4.5973926	0.09137854	0.0016735358
1.6246933	4.5231066	0.089130782	0.0016731488
1.6261603	4.6034417	0.091032423	0.001672762
1.6276273	4.4962702	0.089087389	0.0016723751
1.6290942	4.4069047	0.086790293	0.001672085
1.6305612	4.3773365	0.086375512	0.0016716983
1.6320282	4.4538374	0.087902315	0.0016713116
1.6334952	4.2480378	0.084152251	0.0016709249
1.6349622	4.2551537	0.083915383	0.0016704417
1.6364292	4.3386908	0.085897706	0.0016701518
1.6378962	4.2690654	0.084419914	0.0016697652
1.6393632	4.2919765	0.084906422	0.0016694254
1.6408303	4.2130318	0.083214119	0.0016689923
1.6422973	4.1259232	0.08133512	0.0016685094
1.6437643	4.1782489	0.082786046	0.0016682197
1.6452312	4.1285658	0.081609584	0.0016678334
1.6466982	4.0665884	0.080478743	0.0016674472
1.6481652	4.0589375	0.079921417	0.001667061
1.6496322	4.1214881	0.081983738	0.0016666749
1.6510992	4.1226635	0.081350029	0.0016661923
1.6525662	4.0601888	0.080525637	0.0016658063
1.6540332	3.9719954	0.07833115	0.0016655168
1.6555002	3.9769351	0.078627512	0.0016650343
1.6569672	3.9729412	0.078671604	0.0016647449
1.6584342	3.9910121	0.0788908	0.001664359
1.6599011	4.0570984	0.080228239	0.0016638768
1.6613681	3.922296	0.077501759	0.0016635875
1.6628351	3.9146006	0.07765352	0.0016632017
1.6643021	3.8917222	0.077078514	0.001662816
1.6657691	3.8195372	0.075648732	0.0016623341
1.6672361	3.8273325	0.075302549	0.0016619485
1.6687031	3.7370284	0.074087188	0.0016616593
1.6701701	3.7063429	0.073334709	0.0016611775
1.6716371	3.7095902	0.072943665	0.0016607922
1.673104	3.6684976	0.072656982	0.0016605031
1.674571	3.6542678	0.072304212	0.0016600215
1.676038	3.660289	0.072324418	0.0016596362
1.677505	3.6161063	0.07149332	0.0016592509
1.678972	3.5840535	0.071026213	0.0016587694
1.680439	3.5890145	0.070833042	0.0016583843
1.681906	3.5860705	0.071332499	0.0016580955
1.683373	3.5166667	0.069229998	0.0016577105
1.68484	3.4755573	0.06872765	0.0016573255
1.686307	3.4589522	0.068385959	0.0016569406
1.6877739	3.4287937	0.067631118	0.0016564595
1.6892409	3.4006236	0.06712772	0.0016560747
1.6907079	3.359859	0.066517785	0.0016556899
1.6921749	3.3430254	0.066262364	0.0016553052
1.6936419	3.3513618	0.066103838	0.0016549204
1.6951089	3.2987876	0.065231763	0.0016545358
1.6965759	3.2902343	0.065024436	0.0016541512
1.6980429	3.2607327	0.064707696	0.0016536706
1.6995099	3.3022447	0.064958163	0.001653286
1.7009768	3.2503943	0.064540371	0.0016529977
1.7024438	3.2464843	0.064160094	0.0016526133
1.7039108	3.2566719	0.064512692	0.0016521328
1.7053778	3.2130892	0.063413337	0.0016517485
1.7068448	3.1704724	0.062903695	0.0016513644
1.7083118	3.1348183	0.061965026	0.0016509801
1.7097788	3.2069235	0.063242339	0.001650596
1.7112458	3.1490028	0.062269721	0.0016501159
1.7127128	3.1417446	0.061992995	0.0016498278
1.7141798	3.1281152	0.061724368	0.0016494439
1.7156467	3.1708465	0.062762849	0.0016489639
1.7171137	3.0747554	0.060825188	0.001648676
1.7185807	3.0645914	0.06044697	0.0016482434
1.7200478	3.1028256	0.061464917	0.0016478124
1.7215148	3.0153241	0.059766565	0.0016474286
1.7229818	3.0490537	0.059919674	0.0016470449
1.7244488	3.0675781	0.060624015	0.0016466613
1.7259158	2.9933698	0.059111401	0.0016462777
1.7273828	3.0190811	0.059572637	0.0016457982
1.7288498	3.0027559	0.059576027	0.0016454147
1.7303168	3.0378525	0.059699256	0.0016450313
1.7317837	2.9234993	0.057900812	0.0016446479
1.7332507	2.9508772	0.058260847	0.0016442646
1.7347177	2.968971	0.058836326	0.0016437855
1.7361847	2.8950641	0.057069842	0.0016434023
1.7376517	2.8984251	0.05750569	0.001643019
1.7391187	2.989903	0.058916453	0.0016425401
1.7405857	2.8365986	0.056146778	0.0016422528
1.7420527	2.8526645	0.056464773	0.0016418698
1.7435197	2.8138011	0.055242963	0.0016414868
1.7449867	2.887887	0.057172965	0.0016410082
1.7464536	2.8800781	0.056918275	0.0016405295
1.7479206	2.8513618	0.056240968	0.0016402424
1.7493876	2.8168356	0.055603176	0.0016397639
1.7508546	2.8167191	0.055796638	0.0016393813
1.7523216	2.8298531	0.055643722	0.0016389985
1.7537886	2.7593603	0.05448997	0.001638616
1.7552556	2.7796874	0.054934204	0.0016382334
1.7567226	2.6813781	0.052754376	0.0016378509
1.7581896	2.7872756	0.055062573	0.0016374683
1.7596565	2.7473683	0.054242451	0.0016370859
1.7611235	2.6667962	0.052579794	0.001636608
1.7625905	2.7151277	0.053815871	0.0016362257
1.7640575	2.6478109	0.052114435	0.0016358434
1.7655245	2.6976655	0.053209275	0.0016354612
1.7669915	2.6688819	0.052764744	0.0016349836
1.7684585	2.6677115	0.052803379	0.0016346014
1.7699255	2.6326609	0.051846322	0.0016342194
1.7713925	2.6456387	0.052203435	0.0016338374
1.7728595	2.670661	0.052503157	0.0016333599
1.7743264	2.6140008	0.051689681	0.0016329781
1.7757934	2.5872521	0.051001534	0.0016325962
1.7772604	2.6130042	0.051710274	0.0016321191
1.7787274	2.5806828	0.050822403	0.0016317373
1.7801944	2.5865273	0.050888315	0.0016313556
1.7816614	2.5663443	0.050471511	0.0016308785
1.7831284	2.5680404	0.050632525	0.001630497
1.7845954	2.6181607	0.051570468	0.0016301156
1.7860624	2.4862638	0.04925051	0.0016297341
1.7875293	2.5851393	0.050851185	0.0016293527
1.7889963	2.5593154	0.050470132	0.001628876
1.7904633	2.5744267	0.050748486	0.0016284947
1.7919303	2.4970737	0.049319614	0.0016281134
1.7933973	2.5532916	0.050538436	0.001627637
1.7948643	2.5108025	0.049312346	0.001627351
1.7963313	2.5328438	0.049783915	0.0016268747
1.7977983	2.5136292	0.049598288	0.0016264936
1.7992653	2.4484096	0.048217215	0.0016261605
1.8007324	2.5138078	0.049572852	0.0016256365
1.8021994	2.5132501	0.049610086	0.0016252557
1.8036664	2.4707692	0.04845164	0.0016248749
1.8051333	2.4882011	0.048934873	0.0016244941
1.8066003	2.4673152	0.0486653	0.0016240182
1.8080673	2.3904505	0.046903457	0.0016236375
1.8095343	2.466903	0.048962887	0.0016231618
1.8110013	2.4332821	0.047643315	0.0016227813
1.8124683	2.4125245	0.04772393	0.0016224007
1.8139353	2.4100776	0.0474439	0.0016219253
1.8154023	2.399689	0.047312953	0.0016216399
1.8168693	2.4322755	0.047844011	0.0016211645
1.8183362	2.4131021	0.047366217	0.0016207843
1.8198032	2.3931062	0.047091961	0.001620309
1.8212702	2.3777344	0.046989433	0.0016199289
1.8227372	2.3298652	0.045732304	0.0016195488
1.8242042	2.4432831	0.04806995	0.0016190737
1.8256712	2.3434849	0.046008553	0.0016186937
1.8271382	2.3852396	0.046882413	0.0016183137
1.8286052	2.3570595	0.046481282	0.0016179339
1.8300722	2.3358867	0.045709755	0.0016174591
1.8315392	2.4141572	0.047737662	0.0016170793
1.8330061	2.3410583	0.04600532	0.0016166046
1.8344731	2.3860266	0.047135323	0.0016161301
1.8359401	2.2807086	0.044749971	0.0016158454
1.8374071	2.3416891	0.045982145	0.001615371
1.8388741	2.3463902	0.045976937	0.0016149915
1.8403411	2.2733982	0.044796772	0.0016145172
1.8418081	2.320493	0.04553942	0.0016141378
1.8432751	2.3469627	0.046309348	0.0016137585
1.8447421	2.2804413	0.044479959	0.0016133792
1.846209	2.2573988	0.044541985	0.0016129052
1.847676	2.2967074	0.044934031	0.001612526
1.849143	2.2563205	0.044494651	0.0016120522
1.85061	2.2143686	0.043515138	0.0016116732
1.852077	2.2103846	0.043345023	0.0016112941
1.853544	2.3008952	0.045391366	0.0016108205
1.855011	2.2729375	0.044623245	0.0016104416
1.856478	2.2533641	0.044179387	0.0016100628
1.857945	2.3214839	0.045629021	0.0016095893
1.859412	2.2393556	0.043853957	0.0016092106
1.8608789	2.1820652	0.042988375	0.0016087374
1.8623459	2.2485681	0.043933816	0.0016083588
1.8638129	2.2757423	0.044686869	0.0016079802
1.8652799	2.301034	0.045027461	0.0016075072
1.8667469	2.2067235	0.043373544	0.0016070342
1.8682139	2.2243242	0.043702442	0.0016067504
1.8696809	2.2130268	0.043313481	0.0016062775
1.8711479	2.1969755	0.043256916	0.0016058048
1.8726149	2.2300613	0.043663818	0.0016055211
1.8740819	2.2330508	0.043823361	0.0016049539
1.8755488	2.1820621	0.04271552	0.0016046704
1.8770158	2.1785161	0.042818736	0.0016041979
1.8784828	2.1576715	0.042360015	0.0016037739
1.8799499	2.2157834	0.043259948	0.0016033476
1.8814169	2.1845033	0.042779673	0.0016029697
1.8828839	2.1743786	0.042516444	0.0016024975
1.8843509	2.1434109	0.042194169	0.0016021198
1.8858179	2.1388144	0.041821025	0.0016016477
1.8872849	2.1586688	0.042461496	0.0016012702
1.8887519	2.1026134	0.041215695	0.0016007982
1.8902189	2.1841402	0.042642005	0.0016004208
1.8916858	2.1228004	0.041515768	0.0016000434
1.8931528	2.1596153	0.042349301	0.001599666
1.8946198	2.0947449	0.041021906	0.0015991944
1.8960868	2.1214776	0.041394904	0.0015987228
1.8975538	2.1287966	0.041736946	0.0015983456
1.8990208	2.1243284	0.041609123	0.0015979685
1.9004878	2.0812476	0.040835999	0.0015974971
1.9019548	2.1256685	0.041539978	0.0015971201
1.9034218	2.077101	0.040777862	0.0015966489
1.9048887	2.1097143	0.041173205	0.0015962721
1.9063557	2.0939648	0.040920291	0.0015958953
1.9078227	2.0494063	0.040103078	0.0015953301
1.9092897	2.0918133	0.040909655	0.0015949534
1.9107567	2.09375	0.040869541	0.0015945768
1.9122237	2.1007221	0.040950954	0.001594106
1.9136907	2.1187091	0.041522969	0.0015937295
1.9151577	2.1043577	0.041139208	0.001593353
1.9166247	2.0941446	0.040962808	0.0015928824
1.9180917	2.0797241	0.040712118	0.0015925061
1.9195586	2.0610921	0.040270109	0.0015920358
1.9210256	2.0694392	0.040417947	0.0015916595
1.9224926	2.0617378	0.040244367	0.0015912834
1.9239596	2.0600152	0.040272437	0.0015908132
1.9254266	2.0841866	0.040582407	0.0015903432
1.9268936	2.0095239	0.039217699	0.0015899672
1.9283606	2.0532522	0.040040694	0.0015894972
1.9298276	1.9751148	0.038642056	0.0015891214
1.9312946	2.0659802	0.040342875	0.0015886517
1.9327615	1.9965504	0.039083898	0.0015882759
1.9342285	2.034888	0.039622437	0.0015878063
1.9356955	2.0038095	0.039106268	0.0015873368
1.9371625	1.9798249	0.038623426	0.0015869612
1.9386295	1.9747224	0.038641479	0.0015865857
1.9400965	1.9487952	0.037809752	0.0015861164
1.9415635	2.033879	0.039677899	0.0015856472
1.9430305	2.0209444	0.039433293	0.0015852719
1.9444975	1.9721587	0.038510278	0.0015848029
1.9459645	1.9400077	0.03791872	0.0015844277
1.9474314	1.9848428	0.038633067	0.0015839587
1.9488984	1.9659091	0.038257301	0.0015835837
1.9503654	1.9695005	0.038451251	0.001583115
1.9518324	1.9714829	0.038438223	0.00158274
1.9532994	1.9834896	0.038417667	0.0015822714
1.9547664	1.934551	0.037732754	0.0015818966
1.9562334	1.9794599	0.038601078	0.0015814281
1.9577004	1.9756746	0.03851337	0.0015810535
1.9591674	1.9250951	0.037534174	0.0015806344
1.9606345	1.9556986	0.038051326	0.0015801169
1.9621015	1.9522728	0.037991725	0.0015797424
1.9635684	1.9666288	0.038293086	0.001579368
1.9650354	1.8760425	0.036522374	0.0015789
1.9665024	1.8974456	0.036772128	0.0015785256
1.9679694	1.8675522	0.036377523	0.0015780579
1.9694364	1.9689276	0.03832316	0.0015775901
1.9709034	1.9186931	0.037395209	0.001577216
1.9723704	1.9274591	0.037559021	0.0015768419
1.9738374	1.9337349	0.037517618	0.0015762809
1.9753044	1.9111111	0.037085563	0.001575907
1.9767714	1.9335611	0.037670754	0.0015755332
1.9782383	1.985682	0.038540207	0.0015750659
1.9797053	1.903687	0.036920629	0.0015745987
1.9811723	1.9476262	0.037801277	0.001574225
1.9826393	1.9031037	0.03702103	0.0015738513
1.9841063	1.8746189	0.036591519	0.001573291
1.9855733	1.9238845	0.037249446	0.0015729176
1.9870403	1.9478852	0.037848961	0.0015725441
1.9885073	1.9509989	0.037873924	0.0015720774
1.9899743	1.9458035	0.037744682	0.0015717041
1.9914412	1.9311377	0.037354931	0.0015712376
1.9929082	1.9026415	0.036956135	0.0015708643
1.9943752	1.9648526	0.038193364	0.001570398
1.9958422	1.8948368	0.03691617	0.0015699316
1.9973092	1.9101796	0.036949165	0.0015694655
1.9987762	1.9385538	0.037519429	0.0015690925
2.0002432	1.8862344	0.036727529	0.0015687196
2.0017102	1.9381059	0.037419803	0.0015682537
2.0031772	1.8945196	0.036701571	0.001567881
2.0046442	1.9084084	0.036970627	0.0015673219
2.0061111	1.9102662	0.037244972	0.0015669494
2.0075781	1.918421	0.037192475	0.0015663906
2.0090451	1.9367278	0.037470207	0.0015660182
2.0105121	1.879491	0.036355931	0.0015656458
2.0119791	1.8871332	0.036599759	0.0015652735
2.0134461	1.8686756	0.036039002	0.0015649012
2.0149131	1.9038533	0.03682049	0.0015643429
2.0163801	1.8756107	0.036355786	0.0015637847
2.0178471	1.810208	0.035193816	0.0015634126
2.0193141	1.8578395	0.035977367	0.0015630407
2.020781	1.8597606	0.035960648	0.0015626687
2.022248	1.8540965	0.035858069	0.001562111
2.023715	1.7738582	0.034178205	0.0015617391
2.025182	1.8518797	0.035902493	0.0015613674
2.026649	1.8687057	0.036086399	0.0015608099
2.028116	1.8437146	0.03581842	0.0015604383
2.029583	1.8283471	0.035353199	0.0015600667
2.03105	1.7690308	0.034085326	0.0015595095
2.032517	1.8031379	0.03484622	0.0015593239
2.0339839	1.8295964	0.035364266	0.0015587668
2.0354509	1.7966542	0.034636863	0.0015583956
2.0369179	1.7855539	0.034538645	0.0015580243
2.0383849	1.7922126	0.034673743	0.0015574676
2.0398519	1.7582706	0.034087397	0.0015570965
2.0413189	1.7854236	0.03433745	0.00155654
2.0427859	1.7438387	0.033693638	0.0015559837
2.0442529	1.7107036	0.033090621	0.0015556128
2.0457199	1.7555963	0.033627093	0.001555242
2.0471869	1.7215142	0.033324722	0.001554686
2.0486538	1.7240356	0.033199765	0.0015543153
2.0501208	1.7214904	0.033393048	0.0015539447
2.0515878	1.730755	0.033372544	0.0015535742
2.0530548	1.6923645	0.032499384	0.0015532037
2.0545218	1.6859813	0.032594025	0.0015526481
2.0559888	1.6344879	0.031370521	0.0015522778
2.0574558	1.6934226	0.032640357	0.0015517224
2.0589228	1.7110863	0.033054814	0.0015513522
2.0603898	1.7075084	0.032998051	0.0015509821
2.0618567	1.7075332	0.032809049	0.0015504271
2.0633237	1.6770949	0.032361817	0.0015500571
2.0647907	1.7238586	0.03307372	0.0015496871
2.0662577	1.6726937	0.032127712	0.0015491324
2.0677247	1.6249068	0.03137194	0.0015487627
2.0691917	1.6331602	0.031449541	0.0015483929
2.0706587	1.6427243	0.031686589	0.0015478384
2.0721257	1.5926613	0.030658159	0.0015474689
2.0735927	1.6419069	0.031559467	0.0015470994
2.0750597	1.5958626	0.030668601	0.0015467299
2.0765266	1.6302428	0.031265914	0.0015461759
2.0779936	1.5886499	0.030592255	0.0015456219
2.0794606	1.5874907	0.03062664	0.0015453533
2.0809278	1.5531915	0.029744292	0.0015448836
2.0823948	1.5290848	0.029428815	0.0015443299
2.0838618	1.584282	0.030356357	0.001543961
2.0853288	1.5285872	0.029353995	0.001543592
2.0867958	1.5821337	0.030393647	0.0015430388
2.0882628	1.584236	0.030615157	0.00154267
2.0897298	1.5216117	0.02911826	0.0015423012
2.0911968	1.495024	0.028698584	0.0015419325
2.0926638	1.5396825	0.029577624	0.0015413796
2.0941308	1.5260663	0.029134188	0.0015408267
2.0955977	1.5231739	0.029325755	0.0015406426
2.0970647	1.5200446	0.029281883	0.0015399058
2.0985317	1.4863188	0.028385662	0.0015395376
2.0999987	1.5132353	0.029010896	0.0015391692
2.1014657	1.4951994	0.028728575	0.0015386171
2.1029327	1.4417583	0.027589712	0.001538249
2.1043997	1.4198753	0.027185591	0.001537881
2.1058667	1.4715447	0.028284525	0.001537513
2.1073337	1.4052961	0.026946306	0.0015369612
2.1088006	1.4420899	0.027560847	0.0015365933
2.1102676	1.394085	0.026800079	0.0015360417
2.1117346	1.3775436	0.026255414	0.0015356741
2.1132016	1.4727006	0.028187241	0.0015353065
2.1146686	1.4499264	0.027817547	0.0015349389
2.1161356	1.4038956	0.026909491	0.0015343877
2.1176026	1.3609792	0.026010543	0.0015338366
2.1190696	1.4316599	0.027401516	0.0015334693
2.1205366	1.383666	0.026357668	0.0015329184
2.1220036	1.3915441	0.026677424	0.0015325513
2.1234705	1.3400736	0.025690766	0.0015321842
2.1249375	1.3893324	0.026460908	0.0015318171
2.1264045	1.3569592	0.026000138	0.0015312667
2.1278715	1.3274176	0.02525869	0.0015307164
2.1293385	1.3120438	0.025061205	0.0015305331
2.1308055	1.2848171	0.024690313	0.0015299829
2.1322725	1.3305302	0.025437545	0.0015296163
2.1337395	1.3217642	0.025128258	0.0015290664
2.1352065	1.3620058	0.02605393	0.0015286999
2.1366735	1.3207821	0.025127817	0.0015281502
2.1381404	1.3256915	0.025285074	0.0015277838
2.1396074	1.3059729	0.024995537	0.0015272343
2.1410744	1.3150384	0.025150698	0.0015268682
2.1425414	1.2529945	0.023868002	0.001526319
2.1440084	1.261784	0.024022365	0.0015259529
2.1454754	1.3464595	0.025588648	0.0015255869
2.1469424	1.2992997	0.024940783	0.001525038
2.1484094	1.271933	0.024264036	0.0015246721
2.1498764	1.2775775	0.024253188	0.0015241235
2.1513433	1.2885246	0.024589716	0.0015239407
2.1528103	1.2642262	0.024064675	0.0015233922
2.1542773	1.2429501	0.023629462	0.0015230266
2.1557443	1.2816594	0.024445156	0.0015224784
2.1572113	1.2741467	0.024275623	0.001522113
2.1586783	1.2479129	0.023771172	0.001521565
2.1601453	1.271315	0.024160016	0.0015211997
2.1616123	1.2567228	0.023792788	0.001520652
2.1630793	1.2444282	0.023782657	0.0015202868
2.1645463	1.2096245	0.023091985	0.0015199218
2.1660132	1.221426	0.023116095	0.0015193743
2.1674802	1.2749454	0.024326069	0.0015190095
2.1689472	1.1914133	0.022531889	0.0015186446
2.1704142	1.2202101	0.023218257	0.0015180975
2.1718812	1.2055838	0.022952465	0.0015175506
2.1733482	1.1739287	0.022272995	0.0015171859
2.1748152	1.214156	0.023128303	0.0015168214
2.1762822	1.2051466	0.022779288	0.0015162748
2.1777492	1.1740391	0.022351556	0.0015159104
2.1792161	1.2044798	0.022889705	0.0015155461
2.1806831	1.156687	0.021898592	0.0015149998
2.1821501	1.1568485	0.021988528	0.0015146356
2.1836171	1.1676818	0.022098795	0.0015140895
2.1850841	1.2114553	0.022989292	0.0015137255
2.1865511	1.1361502	0.02158734	0.0015131797
2.1880181	1.1554441	0.021863196	0.0015128158
2.1894851	1.1768315	0.022352265	0.0015122702
2.1909521	1.1238779	0.021292698	0.0015119065
2.1924191	1.1271429	0.021297144	0.0015115429
2.193886	1.1320822	0.021502135	0.0015109977
2.195353	1.1235632	0.02129031	0.0015104525
2.19682	1.1562164	0.021882024	0.0015102709
2.198287	1.1605291	0.021939779	0.0015097258
2.199754	1.1446609	0.021737007	0.001509181
2.201221	1.1434721	0.021652257	0.0015088179
2.202688	1.1199288	0.021123227	0.0015084548
2.204155	1.1612903	0.021981835	0.0015079103
2.205622	1.127409	0.021294665	0.0015075475
2.2070889	1.1061473	0.020907877	0.0015070032
2.2085559	1.1309524	0.021476822	0.0015064591
2.2100229	1.10699	0.02090144	0.0015060965
2.2114899	1.1223253	0.021191105	0.0015057338
2.2129569	1.1129663	0.020973118	0.0015053713
2.2144239	1.1049982	0.020949833	0.0015048276
2.2158909	1.0705082	0.020248447	0.0015042841
2.2173579	1.1284599	0.021253951	0.0015039218
2.2188249	1.0935047	0.020654032	0.0015033785
2.2202919	1.0848956	0.020400878	0.0015030163
2.2217588	1.1112707	0.02104998	0.0015026543
2.2232258	1.0961057	0.020714279	0.0015021113
2.2246928	1.0400851	0.019585658	0.0015017495
2.2261598	1.0878499	0.020470653	0.0015012068
2.2276268	1.0894569	0.020522753	0.0015006642
2.2290938	1.0934144	0.020681974	0.0015004834
2.2305608	1.0830976	0.020363366	0.001499941
2.2320278	1.0877944	0.0205463	0.0014993987
2.2334948	1.0713781	0.020135725	0.0014990374
2.2349617	1.0506059	0.019829646	0.0014984953
2.2364287	1.0753912	0.020275757	0.0014981341
2.2378957	1.0405358	0.019531846	0.0014977729
2.2393627	1.0402422	0.019627098	0.001497335
2.2408299	1.0702188	0.020099794	0.0014968702
2.2422969	1.0570004	0.019946627	0.0014963289
2.2437639	1.030677	0.019350335	0.001495968
2.2452309	1.04	0.019563267	0.0014954268
2.2466979	1.0341189	0.019390887	0.0014950661
2.2481649	1.0382979	0.019548472	0.0014947054
2.2496319	1.0348382	0.019507632	0.0014941647
2.2510989	1.0095071	0.0189393	0.0014936239
2.2525659	1.0222223	0.019194897	0.0014932636
2.2540329	0.99964899	0.018724808	0.0014927231
2.2554998	1.0498575	0.019808399	0.0014923629
2.2569668	1.0059838	0.018870087	0.0014920029
2.2584338	1.0024761	0.018850796	0.0014914627
2.2599008	0.98436415	0.018345268	0.0014909228
2.2613678	1.0138445	0.019098246	0.0014905629
2.2628348	1.0081358	0.018957194	0.0014900232
2.2643018	0.99964935	0.018714897	0.0014896635
2.2657688	0.96705222	0.018101314	0.0014893039
2.2672358	1.003876	0.018840436	0.0014887645
2.2687027	0.99432623	0.018720442	0.001488405
2.2701697	1.0331241	0.019287594	0.0014880456
2.2716367	0.96192807	0.017973958	0.0014873269
2.2731037	0.96152502	0.017978996	0.0014869678
2.2745707	0.97693402	0.018399507	0.0014866085
2.2760377	0.98538619	0.018376939	0.00148607
2.2775047	0.99718708	0.018694801	0.001485711
2.2789717	1.0079973	0.018792225	0.0014851727
2.2804387	0.95460945	0.01790297	0.0014846344
2.2819057	0.94318986	0.017713569	0.0014844551
2.2833726	0.96406144	0.018004317	0.001483917
2.2848396	1.0083276	0.018778853	0.0014833792
2.2863066	0.94109398	0.017618172	0.0014830207
2.2877736	0.95987326	0.018004768	0.0014826623
2.2892406	0.92780286	0.017281933	0.0014821248
2.2907076	0.92422146	0.017188419	0.0014815874
2.2921746	0.94770098	0.017751474	0.0014812292
2.2936416	0.93131387	0.017475206	0.0014806921
2.2951086	0.93838698	0.017454976	0.0014803341
2.2965755	0.95126164	0.017682094	0.0014797973
2.2980425	0.92406827	0.017242104	0.0014794394
2.2995095	0.88625926	0.016652944	0.0014789029
2.3009765	0.89871663	0.016734207	0.0014785451
2.3024435	0.90117484	0.016748002	0.0014781876
2.3039105	0.90931201	0.016946284	0.0014776513
2.3053775	0.90630502	0.017005896	0.0014772939
2.3068445	0.89844561	0.016694671	0.0014767579
2.3083115	0.89402831	0.016606744	0.0014762221
2.3097785	0.91791302	0.017115561	0.0014758649
2.3112454	0.89144051	0.016624585	0.0014755079
2.3127124	0.87010735	0.016190331	0.0014749723
2.3141794	0.88105881	0.016331799	0.0014746154
2.3156464	0.87843955	0.016390672	0.0014739018
2.3171134	0.89523149	0.016698273	0.0014735451
2.3185804	0.88629335	0.016423503	0.0014731885
2.3200474	0.90783566	0.016863091	0.0014726536
2.3215144	0.90197438	0.016783357	0.0014722971
2.3229814	0.84184915	0.015691534	0.0014717625
2.3244483	0.83434922	0.015794955	0.0014714063
2.3259153	0.85856724	0.016494783	0.001470872
2.3273823	0.89326507	0.017722931	0.0014705159
2.3288493	0.851188	0.017373227	0.0014699817
2.3303163	0.8507334	0.017664975	0.0014696259
2.3317833	0.84089887	0.01782144	0.00146927
2.3332503	0.83402491	0.017902477	0.0014687362
2.3347173	0.88867748	0.019377073	0.0014682027
2.3361843	0.81875914	0.018090088	0.001467847
2.3376513	0.8700968	0.01963179	0.0014673137
2.3391182	0.88384098	0.020075813	0.0014669583
2.3405852	0.88506359	0.020361846	0.0014664253
2.3420522	0.81216067	0.018916234	0.0014660701
2.3435192	0.81980973	0.019385636	0.0014655372
2.3449862	0.83675802	0.019982556	0.0014650046
2.3464532	0.88203913	0.021465832	0.0014646497
2.3479202	0.80411124	0.019763282	0.0014642947
2.3493872	0.82410824	0.020428678	0.0014637625
2.3508542	0.84256929	0.021133844	0.0014632304
2.3523211	0.79640335	0.020174164	0.0014628757
2.3537881	0.84483892	0.02165327	0.0014623438
2.3552551	0.89000672	0.023039732	0.0014619894
2.3567221	0.85244805	0.022067036	0.0014614578
2.3581891	0.83652532	0.021867875	0.0014611036
2.3596561	0.8191781	0.021429358	0.0014607493
2.3611231	0.81830788	0.02153912	0.001460041
2.3625901	0.77378434	0.020531768	0.001459687
2.3640571	0.77240396	0.020589102	0.0014591562
2.3655241	0.78695655	0.021173647	0.0014588023
2.366991	0.80962801	0.021855468	0.0014584485
2.368458	0.77679229	0.021107415	0.001457918
2.369925	0.83751845	0.022750109	0.0014575644
2.371392	0.76373214	0.020938685	0.0014570341
2.372859	0.80844647	0.022190165	0.001456504
2.374326	0.84745765	0.023510421	0.0014561507
2.375793	0.77959502	0.021744501	0.0014556209
2.37726	0.81832421	0.022888102	0.0014552677
2.378727	0.82587862	0.023328777	0.0014547381
2.3801939	0.7939297	0.022425564	0.0014542087
2.3816609	0.79870653	0.022696177	0.0014538559
2.3831279	0.74384236	0.021300416	0.001453503
2.3845949	0.79372936	0.02278645	0.001452974
2.3860619	0.80707669	0.023412488	0.0014526214
2.3875289	0.78071672	0.022790844	0.0014520927
2.3889959	0.79691517	0.023314523	0.001451564
2.3904629	0.80155981	0.023581358	0.0014512116
2.3919299	0.8101933	0.024003455	0.0014508594
2.3933969	0.75306481	0.02226983	0.0014501552
2.3948638	0.77459747	0.023151357	0.0014498031
2.3963308	0.76681614	0.022950063	0.0014494511
2.3977978	0.74358976	0.022487249	0.0014490992
2.3992648	0.703125	0.021302072	0.0014486788
2.400732	0.70321363	0.021604797	0.001448044
2.402199	0.74528301	0.022874011	0.0014476923
2.403666	0.74688399	0.02310963	0.001447165
2.405133	0.72798437	0.022754574	0.0014466379
2.4066	0.74441206	0.023190968	0.0014462866
2.408067	0.73069304	0.022975665	0.0014457597
2.409534	0.7435388	0.023425465	0.0014454086
2.411001	0.68574297	0.021710251	0.001444882
2.412468	0.69836402	0.022309884	0.001444531
2.4139349	0.72153211	0.023197349	0.0014440047
2.4154019	0.67402732	0.021838855	0.0014436539
2.4168689	0.71474361	0.023341661	0.0014431279
2.4183359	0.68743289	0.022509761	0.0014427772
2.4198029	0.72816592	0.024039367	0.0014422515
2.4212699	0.72967035	0.02416857	0.0014417259
2.4227369	0.74307865	0.024707139	0.0014413756
2.4242039	0.68125701	0.022800462	0.0014408502
2.4256709	0.71655327	0.024107181	0.0014405001
2.4271379	0.6897347	0.023403572	0.0014399751
2.4286048	0.71812868	0.024537129	0.001439625
2.4300718	0.66784871	0.022937996	0.0014391004
2.4315388	0.70250899	0.024259999	0.0014385757
2.4330058	0.64957267	0.02267652	0.001438226
2.4344728	0.69033051	0.024127625	0.0014377016
2.4359398	0.59449309	0.021007625	0.0014371775
2.4374068	0.63164556	0.022447724	0.0014370028
2.4388738	0.57741117	0.020540636	0.0014364788
2.4403408	0.60909092	0.021924051	0.0014359551
2.4418077	0.66622865	0.024121435	0.0014356059
2.4432747	0.66085792	0.024171831	0.0014350824
2.4447417	0.64784944	0.023720698	0.001434559
2.4462087	0.64197528	0.023751546	0.0014340358
2.4476757	0.66206896	0.0245576	0.0014338614
2.4491427	0.61971831	0.023225993	0.0014333385
2.4506097	0.58285713	0.02199729	0.0014328157
2.4520767	0.60662824	0.022994507	0.0014324673
2.4535437	0.56304985	0.021525577	0.0014319447
2.4550107	0.62742174	0.024186227	0.0014315965
2.4564776	0.63746226	0.024741584	0.0014310742
2.4579446	0.60215056	0.023567049	0.0014305521
2.4594116	0.59780908	0.02361293	0.0014302041
2.4608786	0.6047619	0.024061803	0.0014296824
2.4623456	0.53064513	0.021265777	0.0014291607
2.4638126	0.58919805	0.023797324	0.0014286392
2.4652796	0.5856905	0.023849849	0.0014282917
2.4667466	0.6604414	0.027167393	0.0014279442
2.4682136	0.57093424	0.023704268	0.0014274231
2.4696805	0.54115587	0.022604838	0.0014270758
2.4711475	0.59749556	0.025229299	0.001426555
2.4726145	0.58500916	0.024960173	0.0014260344
2.4740815	0.54212457	0.023152519	0.0014255139
2.4755485	0.57735848	0.025034893	0.0014253404
2.4770155	0.56736243	0.024665156	0.0014246468
2.4784825	0.57226562	0.025239198	0.0014243001
2.4799495	0.5168317	0.022945857	0.0014239536
2.4814165	0.54655868	0.024538659	0.0014234338
2.4828835	0.51966876	0.023589158	0.0014229141
2.4843504	0.50635594	0.023246331	0.0014225679
2.4858174	0.54603857	0.025206095	0.0014220485
2.4872844	0.64410478	0.030038932	0.0014215293
2.4887514	0.43820226	0.020715881	0.0014211833
2.4902184	0.55504584	0.026515445	0.0014206645
2.4916854	0.5235849	0.025352493	0.0014201457
2.4931524	0.54653937	0.02662562	0.0014198
2.4946194	0.52184469	0.025638873	0.0014194543
2.4960864	0.49122807	0.024509327	0.0014189361
2.4975533	0.51804125	0.026215602	0.0014184179
2.4990203	0.49604222	0.02539427	0.0014180726
2.5004873	0.55256063	0.028598493	0.0014175548
2.5019543	0.49441341	0.026036929	0.0014170371
2.5034213	0.51274788	0.027195333	0.001416692
2.5048883	0.48973608	0.026416911	0.0014161747
2.5063553	0.46706587	0.02544844	0.0014158299
2.5078223	0.52439022	0.028847497	0.0014153128
2.5092893	0.43217665	0.024150031	0.0014149681
2.5107563	0.56026059	0.03184339	0.0014144513
2.5122232	0.52702701	0.030494982	0.0014139346
2.5136902	0.54195803	0.03192528	0.0014134181
2.5151572	0.41516244	0.024801116	0.0014130739
2.5166242	0.45112783	0.027509749	0.0014125577
2.5180912	0.40926641	0.025274897	0.0014122137
2.5195582	0.47580644	0.030050052	0.0014116978
2.5210252	0.44999999	0.028829744	0.0014111821
2.5224922	0.44347826	0.029017134	0.0014108383
2.5239592	0.44090909	0.029464316	0.001410323
2.5254261	0.35377359	0.024008097	0.0014099794
2.5268931	0.39603961	0.027600765	0.0014094643
2.5283601	0.4715026	0.033666298	0.001409121
2.5298271	0.34239131	0.02493445	0.0014086061
2.5312941	0.50574714	0.038026851	0.0014080914
2.5327611	0.51479292	0.039186228	0.0014077484
2.5342281	0.41401273	0.032589741	0.001407234
2.5356951	0.36734694	0.029780371	0.0014068912
2.5371621	0.51798558	0.043347549	0.0014063771
2.5386291	0.609375	0.053159002	0.0014060345
2.540096	0.38333333	0.034384679	0.0014055207
2.541563	0.61061949	0.056566011	0.0014051782
2.54303	0.63366336	0.062116388	0.0014044936
2.544497	0.43010753	0.043591224	0.0014041514
2.545964	0.38095239	0.040148348	0.0014036383
2.547431	0.37333333	0.04159002	0.0014032962
2.548898	0.27692309	0.032635696	0.0014027834
2.550365	0.39285713	0.050507627	0.0014024416
2.551832	0.42553192	0.059521582	0.0014019291
2.553299	0.27027026	0.04028951	0.0014015875
2.5547659	0.20689656	0.031924833	0.0014010752
2.5562329	0.2	0.032444283	0.0014005632
2.5576999	0.2	0	0.0014002218
2.5591669	0	0	0.0013995395
