#   DataFileName=PAL30_cooling_55C_WAXS_03022017.tif
#   DataFileType=.tif
#   
#   DataFilePath=E:DATA:PAL30:
#   
#   Processed on=Tue, Mar 07, 2017,9:09:38 PM
#   Units=Arbitrary
#   SampleThickness=1
#   SampleTransmission=1
#   CorrectionFactor=1
#   SampleMeasurementTime=1
#   EmptyMeasurementTime=1
#   BackgroundMeasTime=1
#   SampleI0=1
#   EmptyI0=1
#   Nika_SampleToDetectorDistacne=176.53
#   Nika_Wavelength=1.54
#   Nika_XrayEnergy=8.0509
#   Nika_PixelSizeX=0.075
#   Nika_PixelSizeY=0.075
#   Nika_HorizontalTilt=0
#   Nika_VerticalTilt=0
#   Nika_BeamCenterX=1535.8
#   Nika_BeamCenterY=830.36
#   Nika_BeamSizeX=0
#   Nika_BeamCenterY=830.36
#   CalibrationFormula=1*((Sa2D))
#   CurrentMaskFileName=PAL30_cooling_103C_WAXS_03022017_mask.hdf
#   QvectorMaxNumPnts=1
#   QvectorNumberPoints=1745
#   CircularAverage=1
#   PolarizationCorrection=None
#   UncertainityCalculationMethod=OldNikaMethod

0.084352024	1.5	0	0.001903859
0.085819013	0.83333331	0.22752512	0.0019038399
0.087286003	1.9	0.42115131	0.0019038168
0.088753	1.7674419	0.2679109	0.0019037951
0.090219989	1.537037	0.20802544	0.0019037696
0.091686979	1.641791	0.19931568	0.0019037401
0.093153976	2.0684931	0.24097307	0.0019037183
0.094620965	1.9868422	0.22709982	0.0019036992
0.096087955	2.195122	0.24160314	0.0019036762
0.097554952	2.1071429	0.19868252	0.001903648
0.099021941	1.9214286	0.16202362	0.0019036225
0.10048893	2.2272727	0.16759175	0.0019035905
0.10195592	1.8990384	0.13145444	0.0019035676
0.10342292	2.1229508	0.13571553	0.001903533
0.10488991	1.8576642	0.11206169	0.0019035075
0.1063569	2.1032028	0.12530677	0.0019034781
0.10782389	2.4810996	0.145293	0.0019034435
0.10929088	2.5298014	0.14539303	0.001903418
0.11075787	2.814935	0.1601824	0.001903386
0.11222486	3	0.16938858	0.0019033566
0.11369186	3.3968749	0.18960772	0.0019033221
0.11515885	4.9484849	0.27189693	0.0019032902
0.11662584	11.419453	0.62748682	0.0019032607
0.11809283	36.068047	1.9537617	0.0019032262
0.11955982	122.82164	6.600832	0.0019031942
0.12102681	227.11143	12.076941	0.0019031559
0.1224938	195.73729	10.374971	0.0019031265
0.1239608	185.07202	9.7312794	0.0019030946
0.1254278	251.7623	13.151016	0.00190306
0.12689479	265.02472	13.879193	0.0019030281
0.12836178	192.18961	9.784605	0.0019029769
0.12982877	129.43236	6.6550312	0.0019029514
0.13129576	96.175713	4.8782773	0.001902913
0.13276275	57.952263	2.8977578	0.0019028875
0.13422973	39.089108	1.9369202	0.0019028542
0.13569674	22.092072	1.1115348	0.0019028108
0.13716373	10.245658	0.50878602	0.0019027725
0.13863072	5.9138756	0.28898469	0.001902734
0.14009771	4.4257908	0.2182242	0.0019026829
0.1415647	4.2632852	0.20945443	0.0019026446
0.14303169	4.1412039	0.19917716	0.0019026062
0.14449868	3.9404762	0.19221279	0.001902573
0.14596568	4.125	0.19659606	0.0019025296
0.14743267	4.0952382	0.19494601	0.0019024912
0.14889966	4.0802751	0.19534251	0.0019024401
0.15036665	3.993135	0.19095388	0.0019024018
0.15183364	4.0653596	0.18968874	0.0019023634
0.15330063	4.0668101	0.18874349	0.0019023251
0.15476762	3.8960178	0.18319574	0.001902279
0.15623462	4.1056032	0.19053933	0.0019022356
0.15770161	3.8528786	0.17785808	0.0019021973
0.1591686	3.9618645	0.1823017	0.001902159
0.16063559	4.0186334	0.18279673	0.001902095
0.16210258	3.9446721	0.17851897	0.0019020566
0.16356957	3.9087136	0.17798586	0.0019020234
0.16503657	3.8767967	0.17561474	0.0019019672
0.16650356	3.9736309	0.17891167	0.0019019161
0.16797055	3.9338677	0.17605476	0.0019018777
0.16943754	3.9137254	0.1732522	0.0019018266
0.17090453	3.9487178	0.17532162	0.0019017755
0.17237152	3.9923077	0.17502832	0.0019017372
0.17383851	4.1215687	0.18245785	0.0019016911
0.17530552	3.886148	0.16923577	0.0019016477
0.17677251	3.9147727	0.17032297	0.0019015839
0.17823949	3.9865901	0.17443633	0.0019015454
0.17970648	4.0910783	0.17634051	0.0019014943
0.18117347	3.7324724	0.16028149	0.0019014304
0.18264046	3.9945848	0.16966902	0.0019013921
0.18410745	3.9909585	0.16967206	0.0019013333
0.18557446	4.2230349	0.18051985	0.0019012899
0.18704145	3.9892666	0.16868132	0.0019012388
0.18850844	4.229682	0.17774804	0.0019011877
0.18997543	4.8706293	0.20357919	0.0019011238
0.19144242	5.0929823	0.21323337	0.0019010727
0.1929094	4.7180386	0.19738972	0.0019010216
0.19437639	4.4045138	0.18347433	0.0019009755
0.1958434	4.2311645	0.175045	0.0019009194
0.19731039	4.2389832	0.17447901	0.0019008683
0.19877738	4.2371478	0.17251393	0.0019008043
0.20024437	4.4614096	0.18268894	0.0019007404
0.20171136	4.6134868	0.18702403	0.0019006893
0.20317835	4.1864686	0.17002557	0.0019006382
0.20464534	4.338789	0.17548889	0.0019005922
0.20611234	4.3016129	0.17271632	0.001900536
0.20757933	4.357605	0.17524844	0.0019004721
0.20904632	4.414516	0.17724562	0.0019004082
0.21051331	4.4835167	0.17759585	0.0019003571
0.2119803	4.5185184	0.17745313	0.0019002933
0.21344729	4.489028	0.17767796	0.0019002294
0.21491428	4.7074723	0.18765341	0.0019001834
0.21638128	4.9276924	0.19323543	0.0019001144
0.21784827	5.006135	0.19598272	0.0019000506
0.21931526	4.5993977	0.17843857	0.0018999994
0.22078225	4.3015151	0.1673993	0.0018999355
0.22224924	4.2141781	0.16363357	0.0018998716
0.22371623	4.0691729	0.15776502	0.0018998128
0.22518323	4.0967741	0.15684237	0.0018997439
0.22665022	4.1073527	0.15747999	0.00189968
0.22811721	4.0558004	0.15538518	0.0018996162
0.2295842	4.0806918	0.15487228	0.0018995651
0.23105119	4.0383525	0.15217076	0.0018995012
0.23251818	4.0291543	0.15380488	0.0018994246
0.23398517	4.1007094	0.15441343	0.0018993785
0.23545218	4.188889	0.15608223	0.0018992968
0.23691916	4.3108883	0.1631411	0.001899233
0.23838615	3.9661016	0.14903039	0.0018991691
0.23985314	4.1659865	0.15363617	0.0018991051
0.24132013	3.9093406	0.14486367	0.0018990414
0.24278712	3.9316006	0.1453898	0.0018989648
0.24425411	3.8058252	0.1417103	0.001898906
0.24572112	3.7747989	0.13817947	0.0018988369
0.24718811	3.7016349	0.13660383	0.0018987731
0.2486551	3.8769634	0.14023891	0.0018987015
0.2501221	3.803453	0.13857989	0.0018986454
0.25158909	3.809973	0.13984263	0.0018985687
0.25305608	3.8480844	0.1398347	0.0018984666
0.25452307	3.7407408	0.13366081	0.0018984155
0.25599006	3.6981628	0.13394488	0.0018983644
0.25745705	3.7354085	0.13450299	0.0018982622
0.25892404	3.7667086	0.13373512	0.0018982112
0.26039103	3.825032	0.1366715	0.0018981345
0.26185802	3.6311054	0.13015819	0.0018980579
0.26332501	3.6658292	0.12990907	0.0018979813
0.264792	3.9300001	0.13892448	0.0018979047
0.26625898	3.7696202	0.13409442	0.0018978536
0.26772597	3.7453647	0.13165809	0.001897777
0.26919296	3.6887019	0.12785973	0.001897685
0.27065998	3.6881988	0.12996621	0.0018976236
0.27212697	3.7524271	0.13070014	0.001897547
0.27359396	3.7028015	0.12920672	0.0018974704
0.27506095	3.7563636	0.13075759	0.0018973938
0.27652794	3.772455	0.13052933	0.0018973172
0.27799493	3.8078291	0.13112667	0.0018972406
0.27946192	3.7568209	0.12937264	0.001897164
0.28092891	3.7845237	0.13055506	0.0018970874
0.2823959	3.722353	0.12765455	0.0018969852
0.28386289	3.6919541	0.12514946	0.0018969086
0.28532988	3.5609467	0.12247957	0.0018968575
0.28679687	3.7560694	0.12769066	0.0018967809
0.28826386	3.8388572	0.12975775	0.0018966788
0.28973085	3.672394	0.1242701	0.0018966381
0.29119787	3.7252252	0.12499283	0.0018965256
0.29266486	3.5683372	0.12040596	0.001896449
0.29413185	3.711061	0.1246557	0.0018963724
0.29559883	3.6384182	0.1222849	0.0018962958
0.29706582	3.6944444	0.12312891	0.0018962192
0.29853281	3.5558012	0.11817861	0.0018961171
0.2999998	3.7381737	0.12396859	0.0018960405
0.30146679	3.6286967	0.1200753	0.0018959639
0.30293378	3.6059275	0.11945142	0.0018958873
0.30440077	3.6739845	0.12170622	0.0018957852
0.30586776	3.6524065	0.11942876	0.0018957086
0.30733475	3.6695464	0.12056968	0.001895632
0.30880174	3.6691811	0.12042756	0.0018955402
0.31026876	3.6019313	0.11796708	0.0018954533
0.31173575	3.6684155	0.11881378	0.0018953767
0.31320274	3.562036	0.11597853	0.0018952746
0.31466973	3.7712486	0.12214455	0.0018951725
0.31613672	3.7281349	0.12100266	0.0018950959
0.31760371	3.6804979	0.11852378	0.0018950193
0.3190707	3.6859505	0.11845376	0.0018949427
0.32053769	3.7724922	0.12129918	0.0018948406
0.32200468	3.6125386	0.11579682	0.0018947385
0.32347167	3.7308085	0.1193414	0.0018946619
0.32493865	3.8723187	0.12374336	0.0018945598
0.32640564	3.7021277	0.1178246	0.0018944832
0.32787263	3.6233766	0.1145084	0.0018943812
0.32933962	3.6452906	0.11537316	0.0018943149
0.33080664	3.8293173	0.12131996	0.001894228
0.33227363	3.7703927	0.1196339	0.0018941259
0.33374062	3.8095703	0.11903316	0.0018940239
0.33520761	3.8346457	0.1202869	0.0018939473
0.3366746	3.9226248	0.12274603	0.0018938453
0.33814159	3.8792934	0.1215089	0.0018937432
0.33960858	3.8850241	0.12074532	0.0018936666
0.34107557	3.9016395	0.12114466	0.0018935645
0.34254256	3.9764705	0.12449215	0.0018934624
0.34400955	3.8713059	0.1195127	0.0018933859
0.34547654	4.033493	0.12475882	0.0018932583
0.34694353	4.0559306	0.12593596	0.0018931562
0.34841052	4.0679703	0.12411512	0.0018930796
0.34987751	4.205441	0.1287909	0.0018929879
0.35134453	4.2145557	0.1295559	0.001892901
0.35281152	4.0433145	0.12405725	0.0018927734
0.3542785	4.0903168	0.12479669	0.0018926969
0.35574549	4.1875	0.12693863	0.0018925949
0.35721248	4.2274837	0.1288022	0.0018924928
0.35867947	4.2509155	0.12862548	0.0018924163
0.36014646	4.3214612	0.13058031	0.0018923142
0.36161345	4.4199452	0.13367812	0.0018921866
0.36308044	4.4257245	0.13318467	0.0018921101
0.36454743	4.4445453	0.13399483	0.001892008
0.36601442	4.5184517	0.1355464	0.001891906
0.36748141	4.3444848	0.13062203	0.0018917784
0.3689484	4.3804922	0.12984009	0.0018916867
0.37041542	4.4426522	0.1329736	0.0018915489
0.37188241	4.4977856	0.13384677	0.0018914468
0.3733494	4.3779736	0.12993635	0.0018913448
0.37481639	4.4284458	0.13120356	0.0018912427
0.37628338	4.4894366	0.13318574	0.0018911407
0.37775037	4.3785901	0.12916149	0.0018910386
0.37921736	4.5256848	0.13240989	0.0018909366
0.38068435	4.2632957	0.1258678	0.0018908347
0.38215134	4.3959966	0.1296742	0.0018907326
0.38361832	4.4170895	0.12846476	0.0018906306
0.38508531	4.4030743	0.12865819	0.0018905286
0.3865523	4.3622317	0.12779033	0.0018904265
0.38801929	4.3906512	0.12684092	0.001890299
0.38948628	4.2546372	0.1235302	0.0018902073
0.3909533	4.2749577	0.12433104	0.001890095
0.39242029	4.0898404	0.1184969	0.001889993
0.39388728	4.1270628	0.11853458	0.001889891
0.39535427	4.2113619	0.12171113	0.0018897634
0.39682126	3.9941568	0.1153861	0.0018896614
0.39828825	4.036437	0.11484737	0.0018895594
0.39975524	3.9876542	0.11438935	0.001889432
0.40122223	3.9868095	0.11445834	0.0018893045
0.40268922	3.9731271	0.11336686	0.0018892025
0.40415621	3.8149638	0.10819627	0.0018891005
0.4056232	3.8560975	0.10993833	0.0018889729
0.40709019	3.7609048	0.10687678	0.0018888965
0.40855718	3.7760127	0.10640698	0.0018887793
0.4100242	3.7386091	0.10568821	0.001888667
0.41149119	3.7776	0.10683362	0.0018885395
0.41295817	3.7064874	0.10424164	0.0018884375
0.41442516	3.6224489	0.10147668	0.0018883101
0.41589215	3.549329	0.099702589	0.0018882081
0.41735914	3.6624305	0.10320649	0.0018880806
0.41882613	3.6897614	0.10236276	0.0018879533
0.42029312	3.6440811	0.10168391	0.0018878513
0.42176011	3.5553834	0.09893886	0.0018877493
0.4232271	3.4341388	0.095862225	0.0018876218
0.42469409	3.3828967	0.093885876	0.0018875198
0.42616108	3.4766641	0.096154012	0.0018873924
0.42762807	3.4257274	0.094781503	0.0018872905
0.42909506	3.3628788	0.092547797	0.0018871733
0.43056208	3.3459215	0.091942787	0.0018870356
0.43202907	3.364599	0.092525296	0.0018869082
0.43349606	3.3171473	0.091358505	0.0018868062
0.43496305	3.2171643	0.08787439	0.0018866787
0.43643004	3.2428572	0.088908039	0.0018865514
0.43789703	3.2890391	0.090105712	0.0018864494
0.43936402	3.1985402	0.086403854	0.0018863219
0.44083101	3.1705139	0.086501993	0.0018861946
0.442298	3.0290828	0.082704283	0.0018860671
0.44376498	3.1849415	0.08609841	0.0018859397
0.44523197	3.0874	0.083309457	0.0018858378
0.44669896	3.1694791	0.085838214	0.0018856849
0.44816595	3.0828488	0.08309602	0.001885583
0.44963294	2.9711609	0.079766974	0.0018854659
0.45109996	3.0391304	0.081797495	0.0018853282
0.45256695	3.0789855	0.082870834	0.0018852009
0.45403394	2.8692858	0.076672748	0.0018850989
0.45550093	3.0320058	0.080848463	0.0018849715
0.45696792	2.9899426	0.080125771	0.0018848187
0.45843491	3.1501071	0.084207714	0.0018847168
0.4599019	3.2309308	0.085456766	0.0018845893
0.46136889	3.2339675	0.085837729	0.001884462
0.46283588	3.2717621	0.087024957	0.0018843346
0.46430287	3.2726634	0.086743407	0.0018842072
0.46576986	3.4143455	0.090090133	0.0018840799
0.46723685	3.4278746	0.090477169	0.0018839525
0.46870384	3.4487908	0.091963626	0.0018838355
0.47017086	3.529078	0.093970805	0.0018836978
0.47163785	3.4406657	0.092539512	0.0018835705
0.47310483	3.3635705	0.09059681	0.0018834431
0.47457182	3.5487106	0.094966866	0.0018832902
0.47603881	3.4623189	0.093189895	0.001883163
0.4775058	3.4138951	0.092798635	0.0018830356
0.47897279	3.3222713	0.09020666	0.0018829083
0.48043978	3.041096	0.081643738	0.0018827809
0.48190677	2.9652879	0.080572985	0.0018826282
0.48337376	3.0109811	0.081454262	0.0018825263
0.48484075	2.8289473	0.076472409	0.001882399
0.48630774	2.776402	0.074916534	0.0018822462
0.48777473	2.8162203	0.076806329	0.0018821189
0.48924172	2.6412325	0.071529485	0.0018820019
0.49070874	2.6464128	0.071588948	0.0018818388
0.49217573	2.6272926	0.071150959	0.0018817114
0.49364272	2.5394344	0.069255784	0.0018815842
0.49510971	2.5163398	0.067798004	0.0018814568
0.4965767	2.47877	0.067054927	0.0018813041
0.49804369	2.4910181	0.068137914	0.0018811768
0.49951068	2.5424981	0.069109313	0.0018810598
0.50097769	2.5269287	0.06815701	0.0018808967
0.50244468	2.4681318	0.066791177	0.001880744
0.50391167	2.531065	0.068823874	0.0018805913
0.50537866	2.5231109	0.068328202	0.0018804895
0.50684565	2.3822029	0.064324528	0.0018803368
0.50831264	2.392936	0.064898789	0.001880184
0.50977963	2.4054654	0.065359153	0.0018800822
0.51124662	2.3684211	0.064021841	0.0018799296
0.51271361	2.3868132	0.064589992	0.0018798277
0.5141806	2.5432727	0.068574026	0.001879675
0.51564759	2.3533285	0.063637145	0.0018795223
0.51711458	2.4189985	0.065629825	0.0018793187
0.51858157	2.3969409	0.06467437	0.0018792169
0.52004856	2.2881355	0.062101163	0.0018790642
0.52151555	2.4172766	0.065391153	0.0018789115
0.52298254	2.3753603	0.063745432	0.0018788098
0.52444953	2.3208241	0.062942132	0.001878657
0.52591652	2.380744	0.064285137	0.0018785044
0.52738351	2.3007195	0.06169818	0.0018783518
0.5288505	2.3663294	0.06359446	0.0018781991
0.53031749	2.3193216	0.062970549	0.0018780973
0.53178447	2.3461537	0.063189477	0.0018778938
0.53325146	2.2471099	0.060390256	0.0018777919
0.53471845	2.3732853	0.063758753	0.0018776393
0.53618544	2.2699564	0.061137483	0.0018774867
0.53765243	2.3054152	0.06193468	0.0018773341
0.53911942	2.3030958	0.061783008	0.0018772021
0.54058647	2.2223027	0.059787661	0.0018770288
0.54205346	2.24	0.060393799	0.0018768762
0.54352045	2.2697508	0.060539991	0.0018767745
0.54498744	2.3354886	0.062585287	0.0018766219
0.54645443	2.2890341	0.061672173	0.0018764692
0.54792142	2.3220098	0.061759636	0.0018763166
0.54938841	2.1845493	0.058414273	0.001876164
0.5508554	2.2061782	0.059119236	0.0018760114
0.55232239	2.1982758	0.058908075	0.0018758589
0.55378938	2.2007167	0.05891097	0.0018757062
0.55525637	2.2960341	0.061090961	0.0018755028
0.55672336	2.2113879	0.0589858	0.0018754011
0.55819035	2.1325214	0.057064306	0.0018752485
0.55965734	2.2489331	0.059964675	0.001875096
0.56112432	2.2250352	0.058992881	0.0018749434
0.56259131	2.2377872	0.059967585	0.0018747909
0.5640583	2.1423461	0.057286222	0.0018745874
0.56552529	2.2700422	0.060186744	0.0018744858
0.56699228	2.2133334	0.05862119	0.0018743331
0.56845927	2.2769451	0.060820624	0.0018741806
0.56992626	2.2227654	0.058726922	0.0018739772
0.57139325	2.2468355	0.059571467	0.0018738756
0.57286024	2.2707889	0.060526274	0.001873723
0.57432723	2.1443589	0.05675403	0.0018735197
0.57579422	2.2542017	0.059640944	0.001873418
0.57726121	2.2619717	0.060015015	0.0018732146
0.5787282	2.3800559	0.062840059	0.0018730828
0.58019525	2.3092566	0.06114094	0.0018729096
0.58166224	2.4524636	0.06459409	0.0018727571
0.58312923	2.6059763	0.068686463	0.0018726047
0.58459622	2.5652788	0.068135656	0.0018724522
0.58606321	2.6141953	0.069288865	0.0018722997
0.5875302	2.6983471	0.070802122	0.0018720964
0.58899719	2.6120219	0.0682557	0.0018719439
0.59046417	2.6624293	0.070741877	0.0018717914
0.59193116	2.6575155	0.069611751	0.0018715882
0.59339815	2.5828767	0.067585796	0.0018714865
0.59486514	2.7432525	0.07215409	0.001871334
0.59633213	2.5606694	0.067609072	0.0018711308
0.59779912	2.5932322	0.06813743	0.0018709784
0.59926611	2.5668266	0.06718877	0.0018708259
0.6007331	2.4639945	0.064211443	0.0018706735
0.60220009	2.5120606	0.065935098	0.0018705211
0.60366708	2.3675566	0.0619292	0.0018703179
0.60513407	2.2789905	0.059510574	0.0018701655
0.60660106	2.1497948	0.056212433	0.001870013
0.60806805	2.2542837	0.059006955	0.0018698098
0.60953504	2.2511978	0.05888512	0.0018696574
0.61100203	2.2298386	0.057795417	0.001869505
0.61246902	2.1810699	0.057109378	0.0018693527
0.61393601	2.225352	0.05762152	0.0018691494
0.615403	2.2544098	0.058709361	0.001868997
0.61686999	2.1366084	0.055416044	0.0018688446
0.61833698	2.1868207	0.056986991	0.0018686923
0.61980397	2.2230508	0.05787342	0.0018685099
0.62127101	2.1869159	0.056493249	0.0018683368
0.622738	2.2312374	0.058007009	0.0018681337
0.62420499	2.1818182	0.056399651	0.0018679813
0.62567198	2.1423798	0.055379041	0.0018678289
0.62713897	2.2180851	0.057184611	0.0018676259
0.62860596	2.2364366	0.057869121	0.0018674735
0.63007295	2.2188551	0.057568673	0.0018672703
0.63153994	2.2509987	0.058071267	0.0018671181
0.63300693	2.2628419	0.058435824	0.0018669658
0.63447392	2.2872131	0.05855982	0.0018667626
0.63594091	2.2339573	0.057747606	0.0018666104
0.6374079	2.3616457	0.060826086	0.0018664581
0.63887489	2.317169	0.059307422	0.001866255
0.64034188	2.2644904	0.05843943	0.0018661027
0.64180887	2.3158593	0.059645433	0.0018659504
0.64327586	2.398417	0.061588205	0.0018657474
0.64474285	2.4045455	0.061263785	0.0018655951
0.64620984	2.301388	0.059155881	0.0018654428
0.64767683	2.2892671	0.058555029	0.0018652398
0.64914382	2.387223	0.060941808	0.0018650875
0.6506108	2.2958114	0.058721848	0.0018648338
0.65207779	2.3469787	0.059816144	0.0018646815
0.65354478	2.3710527	0.060805894	0.0018645293
0.65501177	2.3802452	0.06046807	0.0018643263
0.65647876	2.3712614	0.060455289	0.001864174
0.65794575	2.3014231	0.058522195	0.0018640219
0.65941274	2.2348387	0.056754973	0.0018638397
0.66087979	2.3040364	0.058779154	0.0018636667
0.66234678	2.3233767	0.059195995	0.0018634637
0.66381377	2.2992277	0.0583154	0.0018633115
0.66528076	2.2220795	0.056286667	0.0018631086
0.66674775	2.2690816	0.05769933	0.0018629057
0.66821474	2.2242811	0.056215622	0.0018627534
0.66968173	2.2017879	0.055629633	0.0018625505
0.67114872	2.2001262	0.055271104	0.0018623983
0.67261571	2.2454782	0.057063125	0.0018621954
0.6740827	2.1666667	0.054847639	0.0018619925
0.67554969	2.2109623	0.05580816	0.0018617897
0.67701668	2.219697	0.055762805	0.0018616376
0.67848366	2.1637986	0.054617018	0.0018614347
0.67995065	2.2791431	0.057202689	0.0018612319
0.68141764	2.2413139	0.056323607	0.0018611304
0.68288463	2.2042739	0.055253111	0.0018609276
0.68435162	2.2924826	0.057609539	0.0018607248
0.68581861	2.2845268	0.057757556	0.0018605726
0.6872856	2.2343359	0.05591948	0.0018603191
0.68875259	2.2256858	0.055563219	0.001860167
0.69021958	2.3594239	0.059031889	0.0018599642
0.69168657	2.2572877	0.056815036	0.0018598121
0.69315356	2.2170107	0.055433519	0.0018596093
0.69462055	2.2489216	0.055814266	0.0018594065
0.69608754	2.3320873	0.058202174	0.0018592544
0.69755453	2.1924291	0.055060666	0.001859001
0.69902152	2.2835913	0.056815043	0.0018588698
0.70048857	2.2698512	0.056525968	0.0018586462
0.70195556	2.3030674	0.057035387	0.0018584434
0.70342255	2.3092721	0.057597209	0.0018582913
0.70488954	2.4210203	0.060012311	0.0018580887
0.70635653	2.2407863	0.055526994	0.001857886
0.70782351	2.3500919	0.058182679	0.0018577339
0.7092905	2.3362336	0.058233581	0.0018575311
0.71075749	2.3639705	0.058508545	0.0018573285
0.71222448	2.3750768	0.058836814	0.0018571258
0.71369147	2.3066666	0.056777515	0.0018569739
0.71515846	2.3157895	0.057280716	0.0018567712
0.71662545	2.418093	0.059774581	0.0018565685
0.71809244	2.3026798	0.056817371	0.0018563658
0.71955943	2.3022974	0.056601394	0.0018561631
0.72102642	2.3108935	0.057159018	0.0018559606
0.72249341	2.3673346	0.058324378	0.0018558085
0.7239604	2.2937989	0.056273963	0.001855606
0.72542739	2.2940109	0.056414768	0.0018554033
0.72689438	2.3257349	0.056954887	0.0018552007
0.72836137	2.3611615	0.058066584	0.0018549982
0.72982836	2.3461771	0.057559438	0.0018547955
0.73129535	2.314337	0.056675654	0.0018545929
0.73276234	2.289994	0.056046151	0.001854441
0.73422933	2.3210843	0.056960274	0.0018541878
0.73569632	2.2958083	0.056171212	0.0018540359
0.73716331	2.2864799	0.055792194	0.0018538333
0.73863029	2.2942569	0.055816282	0.0018536518
0.74009734	2.3080144	0.056436449	0.0018533777
0.74156433	2.4121106	0.058476839	0.0018532258
0.74303132	2.3642857	0.05767455	0.0018530233
0.74449831	2.2722976	0.055217061	0.0018528207
0.7459653	2.3227735	0.056779861	0.0018525677
0.74743229	2.3549528	0.057174962	0.0018524159
0.74889928	2.3663716	0.057469163	0.0018522133
0.75036627	2.3150845	0.055862766	0.0018520108
0.75183326	2.2833333	0.055699266	0.0018518084
0.75330025	2.3960626	0.057648957	0.0018516059
0.75476724	2.3479533	0.056771405	0.0018514035
0.75623423	2.3241339	0.056309815	0.0018512011
0.75770122	2.2914455	0.055649545	0.0018509986
0.75916821	2.2864676	0.055333138	0.0018507962
0.7606352	2.3030653	0.055379357	0.0018505432
0.76210219	2.3323734	0.055971239	0.0018503914
0.76356918	2.3264947	0.056318432	0.0018501384
0.76503617	2.432827	0.058789667	0.0018499866
0.76650316	2.3180778	0.055435639	0.0018497336
0.76797014	2.332948	0.05608137	0.0018495818
0.76943713	2.363158	0.057138994	0.0018493795
0.77090412	2.3599076	0.056713693	0.0018491265
0.77237111	2.4236312	0.058178008	0.0018489748
0.7738381	2.3889523	0.05700158	0.0018487219
0.77530509	2.3970165	0.057406437	0.0018485195
0.77677208	2.4111497	0.058096215	0.0018483173
0.77823907	2.4141068	0.057569105	0.001848115
0.77970606	2.3923907	0.057001915	0.0018479337
0.78117311	2.4403198	0.058310382	0.0018476598
0.7826401	2.4391503	0.058432553	0.0018474576
0.78410709	2.3404133	0.056066759	0.0018472553
0.78557408	2.3829668	0.056585435	0.0018470531
0.78704107	2.3431318	0.055702418	0.0018468507
0.78850806	2.4635534	0.058781594	0.001846598
0.78997505	2.2780597	0.054093663	0.0018464463
0.79144204	2.4341958	0.057721484	0.0018462441
0.79290903	2.4021554	0.05720276	0.0018459914
0.79437602	2.4190638	0.057442877	0.0018457891
0.79584301	2.3948257	0.056787163	0.0018455869
0.79730999	2.4576271	0.058408424	0.0018453847
0.79877698	2.4321468	0.05735093	0.001845132
0.80024397	2.4000001	0.056958199	0.0018449299
0.80171096	2.3918617	0.056463417	0.0018447277
0.80317795	2.3863637	0.056177165	0.0018444749
0.80464494	2.3762655	0.056347091	0.0018442728
0.80611193	2.3909647	0.056457888	0.0018440707
0.80757892	2.3285079	0.054937281	0.0018438686
0.80904591	2.3335185	0.055009577	0.0018436159
0.8105129	2.2593613	0.053010538	0.0018434138
0.81197989	2.3415179	0.055305775	0.0018431612
0.81344688	2.3104594	0.054345105	0.0018430096
0.81491387	2.3743138	0.05561674	0.0018427571
0.81638086	2.2794037	0.053555414	0.001842555
0.81784785	2.2808557	0.053412724	0.0018423024
0.81931484	2.3333333	0.054716434	0.0018421215
0.82078189	2.3373759	0.054872215	0.0018418983
0.82224888	2.3236103	0.054503847	0.0018416458
0.82371587	2.3097587	0.054075211	0.0018414438
0.82518286	2.3794038	0.055387679	0.0018411913
0.82664984	2.2861049	0.053462233	0.0018409893
0.82811683	2.2591579	0.052817613	0.0018407872
0.82958382	2.241154	0.0522829	0.0018405853
0.83105081	2.3144248	0.053787537	0.0018403329
0.8325178	2.286025	0.053300768	0.0018401309
0.83398479	2.3012576	0.053801935	0.0018398785
0.83545178	2.2857924	0.05342558	0.0018396765
0.83691877	2.2948442	0.053174458	0.0018394241
0.83838576	2.2777181	0.052835122	0.0018392222
0.83985275	2.2934842	0.053214539	0.0018390203
0.84131974	2.259439	0.052466836	0.0018387679
0.84278673	2.2674544	0.052540038	0.001838566
0.84425372	2.3231347	0.053816397	0.0018383641
0.84572071	2.2537715	0.052306809	0.0018381118
0.8471877	2.2672367	0.052408323	0.0018378594
0.84865469	2.3205819	0.05385799	0.0018376575
0.85012168	2.2048833	0.05079104	0.0018374053
0.85158867	2.2708333	0.052477702	0.0018372034
0.85305566	2.2975557	0.052954219	0.0018370016
0.85452265	2.2568855	0.051933862	0.0018367494
0.85598963	2.2468288	0.051647171	0.0018364971
0.85745662	2.3072033	0.053092405	0.0018362952
0.85892361	2.244149	0.051750675	0.0018360642
0.86039066	2.3391907	0.053971272	0.0018358412
0.86185765	2.2328768	0.05124617	0.0018355891
0.86332464	2.3257895	0.053350426	0.0018353873
0.86479163	2.2920167	0.052520815	0.0018351352
0.86625862	2.3370194	0.053622454	0.001834883
0.86772561	2.2464604	0.051436204	0.0018346813
0.8691926	2.2728708	0.052109525	0.0018344795
0.87065959	2.3042576	0.052498624	0.0018342274
0.87212658	2.2718244	0.051935416	0.0018339753
0.87359357	2.2338414	0.051200654	0.0018337232
0.87506056	2.2608008	0.051887497	0.0018335215
0.87652755	2.3115942	0.05258438	0.0018333198
0.87799454	2.262804	0.051461171	0.0018330677
0.87946153	2.2967374	0.052259888	0.0018328157
0.88092852	2.2780082	0.051873796	0.0018325637
0.88239551	2.3015544	0.052382693	0.001832362
0.8838625	2.2992775	0.052222401	0.00183211
0.88532948	2.2897727	0.052033786	0.0018319084
0.88679647	2.2380953	0.050912086	0.0018316564
0.88826346	2.2995889	0.052122913	0.0018314044
0.88973045	2.3543913	0.05335176	0.0018312029
0.89119744	2.2568333	0.051245354	0.001830951
0.89266443	2.3132036	0.052323699	0.0018306989
0.89413142	2.3263211	0.052688081	0.0018304974
0.89559841	2.326098	0.052255668	0.0018302455
0.8970654	2.3909464	0.054221373	0.0018299936
0.89853239	2.3190839	0.05230996	0.0018298134
0.89999944	2.3609831	0.053418126	0.0018294898
0.90146643	2.3304393	0.052659873	0.001829238
0.90293342	2.4148073	0.054372288	0.0018290365
0.90440041	2.3375251	0.052419897	0.0018287847
0.9058674	2.3373921	0.05264305	0.0018285832
0.90733439	2.3905776	0.053799812	0.0018283314
0.90880138	2.3403933	0.05255042	0.0018280796
0.91026837	2.4279234	0.054502603	0.0018278279
0.91173536	2.3977046	0.053554736	0.0018276264
0.91320235	2.4322548	0.054682188	0.0018273747
0.91466933	2.392731	0.053753067	0.0018271229
0.91613632	2.4333837	0.054556374	0.0018268712
0.91760331	2.3954999	0.053558931	0.0018266698
0.9190703	2.4612286	0.055222519	0.0018263678
0.92053729	2.4545903	0.054527115	0.0018261161
0.92200428	2.4310086	0.054448098	0.0018259147
0.92347127	2.3902922	0.053190649	0.001825663
0.92493826	2.4078686	0.053728044	0.0018254115
0.92640525	2.3686295	0.052681915	0.0018251598
0.92787224	2.4000001	0.053525772	0.0018249082
0.92933923	2.4383085	0.054380249	0.0018247069
0.93080622	2.5183713	0.056110699	0.0018244049
0.93227321	2.4506629	0.054292869	0.0018242038
0.9337402	2.3794467	0.052883796	0.0018239522
0.93520719	2.4353173	0.054005582	0.0018236503
0.93667418	2.532474	0.056382678	0.001823449
0.93814117	2.5402913	0.055963904	0.0018231976
0.93960816	2.5988259	0.05747683	0.0018229673
0.94107521	2.5599999	0.056882795	0.0018226946
0.9425422	2.5413609	0.056219477	0.0018224431
0.94400918	2.6021504	0.057522155	0.0018221915
0.94547617	2.6057928	0.057729647	0.0018219402
0.94694316	2.6118388	0.057525929	0.0018216887
0.94841015	2.6005816	0.057250295	0.0018214373
0.94987714	2.5903614	0.056860223	0.0018211858
0.95134413	2.6612983	0.058786776	0.0018209345
0.95281112	2.5544267	0.056179512	0.0018207333
0.95427811	2.6079845	0.05719183	0.0018204317
0.9557451	2.5058026	0.055096578	0.0018201803
0.95721209	2.6018341	0.05715334	0.0018199793
0.95867908	2.5321412	0.055662941	0.0018197279
0.96014607	2.5728016	0.056393284	0.0018194263
0.96161306	2.5606494	0.055952352	0.0018192253
0.96308005	2.4830062	0.054320648	0.0018189237
0.96454704	2.5196736	0.055188954	0.0018186725
0.96601403	2.5393097	0.055591993	0.0018184212
0.96748102	2.5449786	0.055517342	0.00181817
0.96894801	2.463357	0.053558469	0.0018179187
0.970415	2.4883611	0.054230299	0.0018176675
0.97188199	2.4864864	0.054138049	0.0018174164
0.97334898	2.5479057	0.05590146	0.0018171652
0.97481596	2.4410231	0.053123225	0.001816914
0.97628295	2.4541132	0.053509548	0.0018166126
0.97774994	2.4594088	0.053271443	0.0018163614
0.97921693	2.514353	0.054538671	0.0018161318
0.98068398	2.5179753	0.054758754	0.0018158592
0.98215097	2.5225563	0.054677933	0.0018156081
0.98361796	2.5588374	0.055399399	0.001815357
0.98508495	2.4301729	0.052515335	0.001815106
0.98655194	2.5371242	0.054993704	0.0018148047
0.98801893	2.475966	0.053743657	0.0018145536
0.98948592	2.5446513	0.054873899	0.0018143026
0.99095291	2.5341499	0.054993559	0.0018140516
0.9924199	2.4884474	0.053487867	0.0018138007
0.99388689	2.5440969	0.054951664	0.0018135497
0.99535388	2.5157554	0.05414997	0.0018132987
0.99682087	2.5556595	0.055265766	0.0018129975
0.99828786	2.5424898	0.054486435	0.0018127466
0.99975485	2.5414159	0.054664556	0.0018125672
1.0012219	2.5965884	0.055748429	0.0018121946
1.0026889	2.6164131	0.0561742	0.0018119939
1.0041559	2.5756869	0.055581946	0.0018116928
1.0056229	2.5450368	0.054553539	0.0018114921
1.0070899	2.4981601	0.053573184	0.0018110907
1.0085568	2.589685	0.055320442	0.0018108902
1.0100238	2.6229358	0.056171458	0.0018105891
1.0114908	2.5230911	0.053947203	0.0018103885
1.0129578	2.5573771	0.054568123	0.0018100876
1.0144248	2.6115174	0.055824876	0.0018098869
1.0158918	2.6381519	0.056419961	0.0018095861
1.0173588	2.5514905	0.054220702	0.0018092851
1.0188258	2.5631554	0.054728601	0.0018090846
1.0202928	2.6191993	0.055861715	0.0018087837
1.0217597	2.6095023	0.055503529	0.0018084829
1.0232267	2.6982062	0.057132363	0.0018081821
1.0246937	2.6368995	0.056136917	0.0018079815
1.0261607	2.6094382	0.055314764	0.0018077811
1.0276277	2.6352143	0.055987224	0.0018074802
1.0290947	2.6344423	0.05585761	0.0018071795
1.0305617	2.6522717	0.056248207	0.0018068787
1.0320287	2.6714542	0.056591325	0.0018066783
1.0334957	2.5780346	0.054356996	0.0018063775
1.0349627	2.6377528	0.055914942	0.001806077
1.0364296	2.6277504	0.055677775	0.0018057763
1.0378966	2.6463795	0.05577299	0.0018055759
1.0393636	2.6580126	0.056230817	0.0018052752
1.0408306	2.6608422	0.056316145	0.0018049746
1.0422976	2.6477072	0.055591505	0.001804674
1.0437646	2.7402136	0.057789609	0.0018044737
1.0452316	2.6570027	0.056109104	0.0018041732
1.0466986	2.7108963	0.056818206	0.0018038726
1.0481656	2.7349977	0.05723545	0.0018036723
1.0496325	2.6942112	0.056630787	0.0018033718
1.0510995	2.6713843	0.056175858	0.0018030714
1.0525665	2.6524823	0.055839784	0.001802771
1.0540335	2.7370727	0.057291806	0.0018025707
1.0555005	2.7144761	0.05719576	0.0018022703
1.0569675	2.68946	0.056122977	0.0018019699
1.0584345	2.7446716	0.057238135	0.0018016695
1.0599015	2.707062	0.05651515	0.0018014692
1.0613685	2.7816343	0.058300771	0.0018012691
1.0628355	2.7539129	0.057418235	0.0018008687
1.0643024	2.7333045	0.056914411	0.0018005684
1.0657694	2.7217581	0.057058778	0.0018003682
1.0672364	2.7532356	0.057180759	0.0018001681
1.0687034	2.7775855	0.057773966	0.0017997677
1.0701704	2.7313433	0.057222035	0.0017995676
1.0716374	2.7848155	0.057999432	0.0017991674
1.0731044	2.7492447	0.057110038	0.0017989672
1.0745714	2.8035254	0.058124829	0.001798667
1.0760384	2.818455	0.058384437	0.001798467
1.0775054	2.8602059	0.059224084	0.0017981669
1.0789723	2.8515961	0.059223901	0.00179791
1.0804394	2.8196721	0.058560554	0.0017975667
1.0819064	2.8274543	0.058283802	0.0017972667
1.0833734	2.8184917	0.058173351	0.0017970667
1.0848404	2.8297505	0.058668967	0.0017967665
1.0863074	2.8329093	0.058334544	0.0017963665
1.0877744	2.8947368	0.05987481	0.0017961666
1.0892414	2.9110081	0.059778433	0.0017958666
1.0907084	2.900682	0.059882663	0.0017956666
1.0921754	2.8792372	0.059263412	0.0017953668
1.0936424	2.8167298	0.057745125	0.0017950669
1.0951093	2.8870487	0.059487183	0.001794767
1.0965763	2.9792635	0.061283533	0.0017944671
1.0980433	2.8809223	0.058986679	0.0017942672
1.0995103	2.9160337	0.059894327	0.0017938674
1.1009773	2.8437369	0.058200818	0.0017935677
1.1024443	2.8657465	0.058602288	0.0017932679
1.1039113	2.8890278	0.05900459	0.001793068
1.1053783	2.8775854	0.059116974	0.0017927684
1.1068453	2.9595497	0.060432028	0.0017924686
1.1083122	2.8931837	0.058978423	0.0017921689
1.1097792	3.0606441	0.0625882	0.0017918693
1.1112462	2.9329193	0.059677426	0.0017915696
1.1127132	2.9580913	0.060251709	0.0017913699
1.1141802	3.0309789	0.061596263	0.0017910702
1.1156472	2.9866998	0.060885232	0.0017906708
1.1171142	2.9839242	0.060577221	0.001790471
1.1185812	3.0197043	0.061177753	0.0017901715
1.1200482	2.9764464	0.060500596	0.001789872
1.1215152	3.0502656	0.061657973	0.0017896723
1.1229821	3.0675731	0.062262788	0.001789273
1.1244491	3.0455487	0.061968993	0.0017890733
1.1259161	3.0338914	0.061301813	0.001788674
1.1273831	3.0889709	0.062542781	0.0017884744
1.1288501	3.1357317	0.063398488	0.0017881751
1.1303171	3.1137192	0.062634252	0.0017877759
1.1317841	3.2358453	0.065302923	0.0017875762
1.1332511	3.1546893	0.063561477	0.0017872769
1.1347181	3.2276058	0.0651232	0.0017869776
1.1361851	3.1792376	0.064017393	0.0017866783
1.137652	3.1894274	0.063822523	0.001786379
1.139119	3.3176279	0.066858284	0.0017861795
1.140586	3.2467897	0.065035768	0.0017857805
1.142053	3.2533174	0.065231591	0.0017854813
1.14352	3.2843738	0.066336453	0.0017852818
1.144987	3.3467677	0.066851035	0.001784883
1.146454	3.3468161	0.066972241	0.0017845838
1.147921	3.4257386	0.068911113	0.0017842846
1.149388	3.426868	0.06831491	0.0017840852
1.1508549	3.4802396	0.069530778	0.0017837861
1.1523219	3.5459633	0.070886366	0.001783487
1.1537889	3.4643285	0.069157876	0.001783188
1.1552559	3.5743835	0.071283899	0.0017827892
1.1567229	3.5988095	0.07168556	0.0017825899
1.1581899	3.6838989	0.073177844	0.001782291
1.1596569	3.7254131	0.073885731	0.0017820357
1.161124	3.744664	0.074443527	0.0017816931
1.162591	3.7742317	0.074912965	0.0017813941
1.164058	3.8773885	0.077358164	0.0017810953
1.165525	3.9295831	0.077935591	0.0017806968
1.1669919	3.8737674	0.07693439	0.0017804975
1.1684589	3.978807	0.078818902	0.0017801987
1.1699259	4.0151987	0.079260282	0.0017798998
1.1713929	4.0916929	0.080991447	0.0017796011
1.1728599	4.1417999	0.081743509	0.0017792027
1.1743269	4.2203126	0.083407089	0.001778904
1.1757939	4.2456002	0.083955854	0.0017787048
1.1772609	4.346765	0.085556194	0.0017784061
1.1787279	4.4413924	0.08735095	0.0017781074
1.1801949	4.5143633	0.088940896	0.0017778088
1.1816618	4.5321388	0.089447856	0.0017775102
1.1831288	4.6157408	0.090657689	0.0017772114
1.1845958	4.7859921	0.094402999	0.0017769129
1.1860628	4.8451414	0.095329046	0.0017766143
1.1875298	4.879601	0.095545776	0.0017763157
1.1889968	5.0992217	0.10058189	0.0017760172
1.1904638	5.1462479	0.1006901	0.0017756192
1.1919308	5.2971735	0.10352433	0.0017753207
1.1933978	5.33919	0.10434545	0.0017750222
1.1948647	5.472126	0.10729239	0.0017747239
1.1963317	5.5694127	0.10876179	0.001774326
1.1977987	5.5695086	0.10913943	0.0017740276
1.1992657	5.5680947	0.10890242	0.0017737292
1.2007327	5.6618543	0.1103572	0.0017734308
1.2021997	5.7768092	0.1124481	0.001773232
1.2036667	5.7424417	0.11233405	0.0017729336
1.2051337	5.8034091	0.11294476	0.001772536
1.2066007	5.8245349	0.11350638	0.0017723371
1.2080677	5.7917776	0.11299685	0.0017720389
1.2095346	5.7996984	0.11263821	0.0017716413
1.2110016	5.7461333	0.11159767	0.0017713431
1.2124686	5.7903104	0.11264705	0.0017710449
1.2139356	5.7783232	0.11228654	0.0017706474
1.2154026	5.8334579	0.11284785	0.0017703493
1.2168696	5.79493	0.11271562	0.0017701506
1.2183366	5.7722511	0.11162198	0.0017698525
1.2198036	5.724719	0.11078568	0.0017695545
1.2212706	5.6765699	0.11008111	0.001769157
1.2227376	5.6617155	0.10909758	0.001768859
1.2242045	5.7213726	0.11049354	0.0017685611
1.2256715	5.7107315	0.11004207	0.0017681638
1.2271385	5.6742539	0.10960403	0.0017678658
1.2286055	5.5962181	0.10775518	0.0017675679
1.2300725	5.6183519	0.10872686	0.0017673693
1.2315395	5.5855017	0.10768885	0.0017670714
1.2330065	5.5024085	0.10590968	0.0017666743
1.2344735	5.5278602	0.10653771	0.0017663765
1.2359405	5.4755373	0.10541191	0.0017660788
1.2374074	5.3640704	0.10281001	0.001765781
1.2388744	5.3172793	0.1019505	0.0017655273
1.2403415	5.2935748	0.10172041	0.0017650862
1.2418085	5.2516437	0.10036054	0.0017647885
1.2432755	5.1288185	0.098391064	0.0017644909
1.2447425	5.2010326	0.099886872	0.0017641932
1.2462095	5.1630635	0.098830186	0.0017638955
1.2476765	5.0895143	0.097279683	0.0017634988
1.2491435	5.1096539	0.097522095	0.0017632012
1.2506105	5.0376463	0.096305922	0.0017629036
1.2520775	5.2031307	0.099270403	0.0017626061
1.2535444	5.1193328	0.097494043	0.0017622093
1.2550114	5.1461987	0.098381035	0.0017619119
1.2564784	5.110867	0.097759224	0.0017616145
1.2579454	5.0686913	0.096372485	0.001761317
1.2594124	5.1727767	0.098547652	0.0017610196
1.2608794	5.1243186	0.097695477	0.0017607221
1.2623464	5.1104274	0.097236373	0.0017604248
1.2638134	5.1534867	0.097702488	0.0017601275
1.2652804	5.162724	0.097737424	0.001759731
1.2667474	5.0406766	0.095632643	0.0017593346
1.2682143	5.1759028	0.097864233	0.0017591364
1.2696813	5.1620455	0.097952932	0.0017588392
1.2711483	5.1362977	0.097657949	0.0017584428
1.2726153	5.0649538	0.095680855	0.0017581456
1.2740823	5.1409106	0.097341873	0.0017578485
1.2755493	5.1322432	0.096762456	0.0017575513
1.2770163	5.0817566	0.096015491	0.0017571552
1.2784833	5.0227594	0.094714828	0.001756759
1.2799503	5.0635486	0.095671646	0.0017564619
1.2814173	5.0385022	0.094692566	0.0017561649
1.2828842	5.0897346	0.096424758	0.0017558679
1.2843512	5.0657191	0.095474206	0.0017554719
1.2858182	4.9964838	0.093687885	0.0017552739
1.2872852	5.0103459	0.094632603	0.001754878
1.2887522	5.0191016	0.094394602	0.001754581
1.2902192	4.9457092	0.092557028	0.0017542841
1.2916862	4.9218035	0.09236867	0.0017538882
1.2931532	4.934813	0.092629462	0.0017535914
1.2946202	4.9744754	0.093014024	0.0017532946
1.2960871	4.9738145	0.093559116	0.0017528988
1.2975541	4.9567342	0.092585221	0.0017526021
1.2990211	5.02209	0.094035901	0.0017523053
1.3004881	4.978169	0.093410149	0.0017519096
1.3019551	4.9391937	0.092065066	0.001751613
1.3034221	4.9878597	0.092891559	0.0017513162
1.3048891	4.9504881	0.092436276	0.0017510196
1.3063561	4.9089012	0.091532297	0.001750624
1.3078231	4.9801946	0.092829317	0.0017503275
1.3092901	4.9642487	0.092483781	0.0017500309
1.310757	4.9989629	0.092937291	0.0017496356
1.312224	5.0569644	0.094243944	0.0017494378
1.313691	4.9867778	0.093016677	0.0017489436
1.315158	5.0027518	0.09278363	0.0017486472
1.316625	4.9951606	0.092866637	0.0017483507
1.318092	4.9765759	0.092361793	0.0017480543
1.319559	4.9232101	0.091560543	0.0017477035
1.3210261	4.9058743	0.090924174	0.0017473627
1.3224931	5.0392628	0.093109019	0.0017470664
1.3239601	5.0177112	0.092600219	0.0017466713
1.3254271	5.0460324	0.093521729	0.0017463749
1.326894	5.0075035	0.092474893	0.0017460786
1.328361	4.9675546	0.091799468	0.0017456836
1.329828	5.0657263	0.093967669	0.0017452887
1.331295	5.0476837	0.093153246	0.0017450913
1.332762	5.0284748	0.09257824	0.0017446963
1.334229	5.1298747	0.094461106	0.0017444002
1.335696	5.0630264	0.092946865	0.0017440054
1.337163	5.1343994	0.094705231	0.0017437093
1.33863	5.1096816	0.094009645	0.0017434132
1.340097	5.1419835	0.094764367	0.0017430185
1.3415639	5.0626264	0.092892662	0.0017427225
1.3430309	5.143146	0.094386049	0.0017423278
1.3444979	5.1988559	0.0953601	0.0017420319
1.3459649	5.1180835	0.094005279	0.001741736
1.3474319	5.1263514	0.09422069	0.0017413413
1.3488989	5.1213136	0.093748763	0.0017409469
1.3503659	5.3515334	0.098243274	0.001740651
1.3518329	5.1267982	0.093770653	0.0017403552
1.3532999	5.1061563	0.093144156	0.0017400593
1.3547668	5.3427324	0.097883865	0.0017396649
1.3562338	5.2898936	0.096447758	0.0017393692
1.3577008	5.3355503	0.097296365	0.0017389749
1.3591678	5.4331999	0.099291719	0.0017386792
1.3606348	5.396245	0.097932205	0.0017383836
1.3621018	5.4083943	0.098706625	0.0017380879
1.3635688	5.3493538	0.097386353	0.0017375952
1.3650358	5.3292842	0.0965579	0.0017372996
1.3665028	5.433743	0.099021152	0.001737004
1.3679698	5.3758678	0.097739436	0.00173661
1.3694367	5.4024429	0.098157711	0.0017363145
1.3709037	5.4389439	0.098804638	0.0017359204
1.3723707	5.4724231	0.099151313	0.001735625
1.3738377	5.4563298	0.098681957	0.0017352311
1.3753047	5.5037694	0.099637769	0.0017349357
1.3767717	5.527987	0.10001054	0.0017346403
1.3782387	5.6504855	0.10338401	0.0017342465
1.3797057	5.480402	0.10030544	0.0017338528
1.3811727	5.4928813	0.10112848	0.0017335574
1.3826396	5.6100478	0.1037084	0.0017332622
1.3841066	5.6350241	0.10431307	0.0017328685
1.3855736	5.6376762	0.10452316	0.0017325734
1.3870406	5.6052446	0.10480846	0.0017321798
1.3885076	5.6151977	0.10459305	0.0017318845
1.3899746	5.6757894	0.10631349	0.0017314911
1.3914416	5.5520978	0.10381465	0.0017310976
1.3929086	5.7186403	0.10704115	0.0017308026
1.3943756	5.5956845	0.10523846	0.0017305075
1.3958426	5.6189461	0.10603277	0.0017301141
1.3973095	5.6605177	0.10660865	0.0017297207
1.3987765	5.7424998	0.10851896	0.0017295692
1.4002436	5.7172756	0.10767786	0.0017290326
1.4017106	5.7646637	0.10901599	0.0017287377
1.4031776	5.7427549	0.10862095	0.0017284427
1.4046446	5.8607411	0.11117121	0.0017280496
1.4061116	5.8547688	0.11127856	0.0017276566
1.4075786	5.9099712	0.11192405	0.0017273617
1.4090456	5.881763	0.11133008	0.0017270669
1.4105126	5.932898	0.11298822	0.0017266739
1.4119796	5.9489498	0.11319132	0.001726281
1.4134465	5.980804	0.11381784	0.0017259864
1.4149135	6.0284882	0.1152063	0.0017256917
1.4163805	6.0780168	0.11604671	0.0017252006
1.4178475	6.026536	0.11489657	0.001724906
1.4193145	6.0846405	0.11621612	0.0017245132
1.4207815	6.0526314	0.11571012	0.0017242187
1.4222485	6.2180147	0.11922088	0.0017239242
1.4237155	6.1297178	0.11733414	0.0017235315
1.4251825	6.1049542	0.11694567	0.0017232371
1.4266495	6.1643639	0.11754577	0.0017228444
1.4281164	6.165441	0.11821295	0.0017224519
1.4295834	6.159761	0.11900421	0.0017221576
1.4310504	6.2700915	0.12010902	0.0017217651
1.4325174	6.2858191	0.12047669	0.0017213727
1.4339844	6.3057303	0.12123765	0.0017209803
1.4354514	6.2934022	0.12082188	0.001720686
1.4369184	6.3526335	0.12277639	0.0017202938
1.4383854	6.3577809	0.12266997	0.0017199995
1.4398524	6.3498702	0.12217657	0.0017196073
1.4413193	6.4336314	0.12422597	0.0017193131
1.4427863	6.3604007	0.12247016	0.001718921
1.4442533	6.4421287	0.12427434	0.0017186269
1.4457203	6.4204416	0.12422637	0.0017182349
1.4471873	6.4500747	0.12449728	0.0017179408
1.4486543	6.3838949	0.12354226	0.0017175488
1.4501213	6.3811126	0.12328099	0.0017171568
1.4515883	6.3185544	0.12195842	0.0017168629
1.4530553	6.4482627	0.12530525	0.0017164709
1.4545223	6.4125376	0.12423627	0.0017160792
1.4559892	6.3600302	0.12361375	0.0017156873
1.4574562	6.4207978	0.12395502	0.0017153935
1.4589232	6.4196696	0.12437456	0.0017150018
1.4603902	6.4065104	0.12463516	0.0017147081
1.4618572	6.4687734	0.12546712	0.0017143163
1.4633242	6.5667543	0.12734404	0.0017140226
1.4647912	6.5253854	0.12654154	0.0017136311
1.4662582	6.6087937	0.12811068	0.0017132396
1.4677252	6.6437001	0.12961833	0.0017129459
1.4691921	6.6136107	0.12859142	0.0017124566
1.4706591	6.7166481	0.13020165	0.0017122609
1.4721261	6.7730365	0.13161637	0.0017117717
1.4735931	6.7776103	0.13158134	0.0017114782
1.4750601	6.9201984	0.13521887	0.0017110868
1.4765271	7.0926065	0.13845557	0.0017107935
1.4779941	7.0496802	0.13676018	0.0017104022
1.4794611	7.0866766	0.13786788	0.0017100566
1.4809282	7.3118362	0.14240994	0.0017097177
1.4823952	7.4403987	0.14566204	0.0017093266
1.4838622	7.5075817	0.14616738	0.0017089356
1.4853292	7.6134038	0.14814322	0.0017085446
1.4867961	7.6507998	0.14929557	0.0017081535
1.4882631	7.7449331	0.15144993	0.0017078604
1.4897301	7.8129802	0.15310335	0.0017074695
1.4911971	8.0620012	0.15723017	0.0017071763
1.4926641	8.0118456	0.15660967	0.0017067855
1.4941311	8.1516771	0.15913054	0.0017063947
1.4955981	8.2207003	0.16035569	0.001706004
1.4970651	8.2529659	0.16144654	0.001705711
1.4985321	8.3324394	0.16306379	0.0017053203
1.499999	8.4526272	0.16554281	0.0017050274
1.501466	8.5714283	0.1672928	0.0017046368
1.502933	8.4124422	0.16485029	0.0017042463
1.5044	8.4768696	0.16643304	0.0017039534
1.505867	8.7548685	0.17106892	0.0017035629
1.507334	8.6384354	0.16834454	0.0017031726
1.508801	8.6612778	0.16992256	0.0017027822
1.510268	8.7285604	0.17078318	0.0017023919
1.511735	8.7296982	0.17166193	0.0017020991
1.513202	8.6893244	0.1702767	0.0017017089
1.5146689	8.8294544	0.17246059	0.0017013187
1.5161359	8.7382421	0.17156482	0.0017010261
1.5176029	8.6773949	0.16984715	0.001700636
1.5190699	8.7892914	0.17250052	0.0017002459
1.5205369	8.604929	0.16884968	0.0016998559
1.5220039	8.7384796	0.17123982	0.0016994659
1.5234709	8.6491299	0.17011046	0.0016991734
1.5249379	8.5458736	0.16743325	0.0016987835
1.5264049	8.5487242	0.16810317	0.0016983936
1.5278718	8.5893402	0.16818824	0.0016980038
1.5293388	8.5430002	0.16776365	0.001697614
1.5308058	8.3830614	0.1652292	0.0016973217
1.5322728	8.3626623	0.16356125	0.001696932
1.5337398	8.2006969	0.16141529	0.0016965424
1.5352068	8.2167702	0.16151315	0.0016962502
1.5366738	8.0446329	0.15779459	0.0016957632
1.5381408	7.9327374	0.15641397	0.001695471
1.5396078	7.9378357	0.15549037	0.0016950816
1.5410748	7.7538819	0.15276857	0.0016947894
1.5425417	7.6733823	0.15103605	0.0016943027
1.5440087	7.6828227	0.15128031	0.0016939134
1.5454757	7.6752138	0.15127736	0.0016936214
1.5469427	7.4761357	0.1460821	0.0016932321
1.5484097	7.4045119	0.14602686	0.0016927455
1.5498767	7.2014751	0.14188424	0.0016924536
1.5513437	7.1260667	0.14034456	0.0016921618
1.5528107	6.9724483	0.13734549	0.0016916754
1.5542777	7.0011597	0.13764441	0.0016912863
1.5557446	6.9171853	0.13638912	0.0016909946
1.5572116	6.6913247	0.13167982	0.0016906057
1.5586786	6.6500964	0.13054043	0.0016902627
1.5601457	6.5174961	0.12850793	0.0016898278
1.5616127	6.4331508	0.12719148	0.0016894389
1.5630797	6.4150872	0.12617043	0.0016891473
1.5645467	6.2277498	0.12277119	0.0016886614
1.5660137	6.1334887	0.12081887	0.0016883699
1.5674807	6.0983286	0.12021968	0.0016879812
1.5689477	5.9407845	0.11764078	0.0016875926
1.5704147	5.8843641	0.11533112	0.0016873012
1.5718817	5.796505	0.11422495	0.0016868155
1.5733486	5.6855025	0.1122337	0.0016865241
1.5748156	5.7324271	0.11296247	0.0016860386
1.5762826	5.5529089	0.10972326	0.0016857473
1.5777496	5.5488138	0.10942914	0.0016853589
1.5792166	5.5021491	0.10876274	0.0016849706
1.5806836	5.4941769	0.10824613	0.0016846793
1.5821506	5.3475399	0.10525482	0.0016841941
1.5836176	5.332942	0.10547952	0.0016839029
1.5850846	5.3330741	0.10519443	0.0016834177
1.5865515	5.2565303	0.10378574	0.0016830297
1.5880185	5.2159753	0.10270491	0.0016826416
1.5894855	5.3027449	0.1050055	0.0016823506
1.5909525	5.1361685	0.10144874	0.0016819626
1.5924195	5.1088567	0.10090917	0.0016815747
1.5938865	5.0965252	0.10013968	0.0016812838
1.5953535	4.9599223	0.097833946	0.0016808959
1.5968205	4.9464426	0.09779647	0.0016804113
1.5982875	4.9257388	0.097121641	0.0016800235
1.5997545	4.8869767	0.096639559	0.0016797327
1.6012214	4.8823071	0.096377708	0.001679345
1.6026884	4.8259015	0.095023908	0.0016789575
1.6041554	4.7607508	0.094124928	0.001678473
1.6056224	4.5831051	0.090630427	0.0016781824
1.6070894	4.5714846	0.090347573	0.0016777948
1.6085564	4.6476078	0.091655284	0.0016774074
1.6100234	4.5755677	0.090534203	0.0016770201
1.6114904	4.6131163	0.090869084	0.0016766328
1.6129574	4.5699134	0.090564273	0.0016762455
1.6144243	4.4798279	0.088657528	0.001675955
1.6158913	4.3978329	0.086510994	0.0016755678
1.6173583	4.4101963	0.087330475	0.0016750839
1.6188253	4.4684825	0.088139705	0.0016746968
1.6202923	4.4015656	0.087074049	0.0016744065
1.6217593	4.4048266	0.086901158	0.0016740195
1.6232263	4.3299093	0.086062081	0.0016735358
1.6246933	4.2986407	0.084707327	0.0016731488
1.6261603	4.3222528	0.08547169	0.001672762
1.6276273	4.3207693	0.085609898	0.0016723751
1.6290942	4.2765708	0.084223203	0.001672085
1.6305612	4.2126169	0.08312504	0.0016716983
1.6320282	4.1316714	0.081543453	0.0016713116
1.6334952	4.1683674	0.082573876	0.0016709249
1.6349622	4.1396346	0.081637181	0.0016704417
1.6364292	4.1791453	0.082738824	0.0016701518
1.6378962	4.066484	0.080413856	0.0016697652
1.6393632	4.1350293	0.081801303	0.0016694254
1.6408303	4.1342177	0.081657536	0.0016689923
1.6422973	4.0279827	0.079404213	0.0016685094
1.6437643	4.0722418	0.080685556	0.0016682197
1.6452312	3.9808519	0.078689709	0.0016678334
1.6466982	4.0622797	0.080393493	0.0016674472
1.6481652	3.9802248	0.07837151	0.001667061
1.6496322	4.0162249	0.079889677	0.0016666749
1.6510992	4.0109034	0.079144724	0.0016661923
1.6525662	3.9354839	0.078052051	0.0016658063
1.6540332	3.9089849	0.07708849	0.0016655168
1.6555002	3.9843628	0.078774579	0.0016650343
1.6569672	3.9992156	0.079192027	0.0016647449
1.6584342	3.8335288	0.075777322	0.001664359
1.6599011	3.8013296	0.075170353	0.0016638768
1.6613681	3.8492777	0.076059103	0.0016635875
1.6628351	3.8414011	0.076201424	0.0016632017
1.6643021	3.7799137	0.074863896	0.001662816
1.6657691	3.6822283	0.072929107	0.0016623341
1.6672361	3.6217577	0.071257643	0.0016619485
1.6687031	3.6741352	0.072840072	0.0016616593
1.6701701	3.6577916	0.072374023	0.0016611775
1.6716371	3.607502	0.070935898	0.0016607922
1.673104	3.5970969	0.071242616	0.0016605031
1.674571	3.5321064	0.069887169	0.0016600215
1.676038	3.4685669	0.06853617	0.0016596362
1.677505	3.5301015	0.069792904	0.0016592509
1.678972	3.4850745	0.069064729	0.0016587694
1.680439	3.4635761	0.068357334	0.0016583843
1.681906	3.3506134	0.066648751	0.0016580955
1.683373	3.487597	0.068657622	0.0016577105
1.68484	3.4168949	0.067567632	0.0016573255
1.686307	3.3975763	0.067172579	0.0016569406
1.6877739	3.4280155	0.06761574	0.0016564595
1.6892409	3.3698363	0.066520035	0.0016560747
1.6907079	3.371619	0.066750802	0.0016556899
1.6921749	3.3053045	0.065514758	0.0016553052
1.6936419	3.2937744	0.064968012	0.0016549204
1.6951089	3.3019164	0.06529396	0.0016545358
1.6965759	3.2980468	0.065179169	0.0016541512
1.6980429	3.335959	0.066200368	0.0016536706
1.6995099	3.3026316	0.064966053	0.001653286
1.7009768	3.2117507	0.063773394	0.0016529977
1.7024438	3.2765625	0.064754471	0.0016526133
1.7039108	3.1793563	0.062981173	0.0016521328
1.7053778	3.1873782	0.062906049	0.0016517485
1.7068448	3.2204723	0.063896053	0.0016513644
1.7083118	3.2743258	0.064722873	0.0016509801
1.7097788	3.2376506	0.063848451	0.001650596
1.7112458	3.2213531	0.063700415	0.0016501159
1.7127128	3.1133177	0.061432153	0.0016498278
1.7141798	3.1265576	0.061693341	0.0016494439
1.7156467	3.1328371	0.062010851	0.0016489639
1.7171137	3.1311154	0.061939947	0.001648676
1.7185807	3.1198444	0.061536897	0.0016482434
1.7200478	3.121664	0.061838135	0.0016478124
1.7215148	3.0267191	0.059992384	0.0016474286
1.7229818	2.998455	0.058924697	0.0016470449
1.7244488	3.0417969	0.060114246	0.0016466613
1.7259158	3.0011702	0.059265058	0.0016462777
1.7273828	2.957165	0.058350928	0.0016457982
1.7288498	2.976378	0.059052709	0.0016454147
1.7303168	2.983005	0.058621608	0.0016450313
1.7317837	2.9960768	0.059338395	0.0016446479
1.7332507	2.8779726	0.056821052	0.0016442646
1.7347177	2.9512961	0.058485914	0.0016437855
1.7361847	2.8025651	0.055246074	0.0016434023
1.7376517	2.9129922	0.057794783	0.001643019
1.7391187	2.9312623	0.05776104	0.0016425401
1.7405857	2.9600313	0.05859014	0.0016422528
1.7420527	2.8432603	0.056278177	0.0016418698
1.7435197	2.8269083	0.055500157	0.0016414868
1.7449867	2.8298707	0.056024291	0.0016410082
1.7464536	2.7878907	0.05509622	0.0016405295
1.7479206	2.8396888	0.056010626	0.0016402424
1.7493876	2.8394389	0.056049708	0.0016397639
1.7508546	2.7150707	0.053782992	0.0016393813
1.7523216	2.8441608	0.055925433	0.0016389985
1.7537886	2.7800312	0.054898124	0.001638616
1.7552556	2.773047	0.054802459	0.0016382334
1.7567226	2.7487419	0.054080285	0.0016378509
1.7581896	2.7599533	0.054522786	0.0016374683
1.7596565	2.7255361	0.053811312	0.0016370859
1.7611235	2.7772162	0.054757077	0.001636608
1.7625905	2.751277	0.054532431	0.0016362257
1.7640575	2.7392483	0.053914197	0.0016358434
1.7655245	2.6653697	0.052571878	0.0016354612
1.7669915	2.7279124	0.053931765	0.0016349836
1.7684585	2.6379311	0.052213889	0.0016346014
1.7699255	2.6838634	0.052854724	0.0016342194
1.7713925	2.7274144	0.053816922	0.0016338374
1.7728595	2.6903749	0.052890837	0.0016333599
1.7743264	2.6738365	0.052872911	0.0016329781
1.7757934	2.6630392	0.052495502	0.0016325962
1.7772604	2.6803761	0.053043973	0.0016321191
1.7787274	2.6334367	0.051861696	0.0016317373
1.7801944	2.670151	0.052533835	0.0016313556
1.7816614	2.5984526	0.051103398	0.0016308785
1.7831284	2.643857	0.052127618	0.001630497
1.7845954	2.5921614	0.051058561	0.0016301156
1.7860624	2.6142073	0.051784988	0.0016297341
1.7875293	2.6319659	0.051772539	0.0016293527
1.7889963	2.5223649	0.049741536	0.001628876
1.7904633	2.5616012	0.05049571	0.0016284947
1.7919303	2.5423331	0.05021343	0.0016281134
1.7933973	2.5137148	0.049755175	0.001627637
1.7948643	2.5162036	0.049418714	0.001627351
1.7963313	2.5255022	0.049639683	0.0016268747
1.7977983	2.5307631	0.049936164	0.0016264936
1.7992653	2.5352986	0.04992868	0.0016261605
1.8007324	2.5678725	0.050639261	0.0016256365
1.8021994	2.5151987	0.049648415	0.0016252557
1.8036664	2.5523076	0.050050665	0.0016248749
1.8051333	2.5446808	0.050045799	0.0016244941
1.8066003	2.4750972	0.048818935	0.0016240182
1.8080673	2.5071237	0.049192779	0.0016236375
1.8095343	2.4846337	0.049314801	0.0016231618
1.8110013	2.4325154	0.04762819	0.0016227813
1.8124683	2.490411	0.049264815	0.0016224007
1.8139353	2.4810078	0.048840415	0.0016219253
1.8154023	2.4218507	0.047749963	0.0016216399
1.8168693	2.4763932	0.04871187	0.0016211645
1.8183362	2.3776493	0.046670046	0.0016207843
1.8198032	2.4368706	0.047953039	0.001620309
1.8212702	2.4222655	0.047869749	0.0016199289
1.8227372	2.4516377	0.048122503	0.0016195488
1.8242042	2.4320557	0.047848959	0.0016190737
1.8256712	2.4302237	0.047711544	0.0016186937
1.8271382	2.4289026	0.047740743	0.0016183137
1.8286052	2.4469078	0.048253432	0.0016179339
1.8300722	2.4243584	0.047441185	0.0016174591
1.8315392	2.4251075	0.047954306	0.0016170793
1.8330061	2.373117	0.046634987	0.0016166046
1.8344731	2.3075721	0.045585252	0.0016161301
1.8359401	2.3311512	0.045739692	0.0016158454
1.8374071	2.3721559	0.046580307	0.001615371
1.8388741	2.3590629	0.046225324	0.0016149915
1.8403411	2.351068	0.046327244	0.0016145172
1.8418081	2.3189523	0.045509078	0.0016141378
1.8432751	2.3894081	0.047146615	0.0016137585
1.8447421	2.4025874	0.046862684	0.0016133792
1.846209	2.3450155	0.046270892	0.0016129052
1.847676	2.3828485	0.04661981	0.001612526
1.849143	2.3835084	0.047003064	0.0016120522
1.85061	2.3314021	0.045815434	0.0016116732
1.852077	2.3150001	0.045396559	0.0016112941
1.853544	2.3238614	0.04584454	0.0016108205
1.855011	2.2856593	0.044873085	0.0016104416
1.856478	2.3717802	0.046501312	0.0016100628
1.857945	2.3636012	0.046456926	0.0016095893
1.859412	2.3325663	0.045679554	0.0016092106
1.8608789	2.2457299	0.044242498	0.0016087374
1.8623459	2.2890415	0.044724435	0.0016083588
1.8638129	2.269572	0.044565447	0.0016079802
1.8652799	2.3213329	0.045424856	0.0016075072
1.8667469	2.3056414	0.045317888	0.0016070342
1.8682139	2.2486486	0.044180375	0.0016067504
1.8696809	2.2601533	0.044235852	0.0016062775
1.8711479	2.2481582	0.04426492	0.0016058048
1.8726149	2.2626534	0.044302057	0.0016055211
1.8740819	2.2781203	0.044707678	0.0016049539
1.8755488	2.2847834	0.044726767	0.0016046704
1.8770158	2.2472951	0.044170879	0.0016041979
1.8784828	2.264842	0.044464365	0.0016037739
1.8799499	2.2485704	0.043899991	0.0016033476
1.8814169	2.2658229	0.04437276	0.0016029697
1.8828839	2.2470362	0.043937489	0.0016024975
1.8843509	2.2205427	0.043712653	0.0016021198
1.8858179	2.1843212	0.042710826	0.0016016477
1.8872849	2.1354489	0.042004827	0.0016012702
1.8887519	2.2048423	0.043219537	0.0016007982
1.8902189	2.1955776	0.042865507	0.0016004208
1.8916858	2.1905127	0.042839974	0.0016000434
1.8931528	2.1507692	0.042175867	0.001599666
1.8946198	2.204066	0.043162931	0.0015991944
1.8960868	2.1789794	0.042517301	0.0015987228
1.8975538	2.2072279	0.043274816	0.0015983456
1.8990208	2.1500385	0.042113032	0.0015979685
1.9004878	2.1463227	0.042113014	0.0015974971
1.9019548	2.143621	0.041890763	0.0015971201
1.9034218	2.1353123	0.041920904	0.0015966489
1.9048887	2.1398096	0.041760564	0.0015962721
1.9063557	2.1818182	0.042637378	0.0015958953
1.9078227	2.1367292	0.041812126	0.0015953301
1.9092897	2.1358073	0.041769993	0.0015949534
1.9107567	2.1112804	0.041211732	0.0015945768
1.9122237	2.1356897	0.041632522	0.001594106
1.9136907	2.1198616	0.041545689	0.0015937295
1.9151577	2.069572	0.040459264	0.001593353
1.9166247	2.1442785	0.041943878	0.0015928824
1.9180917	2.1307013	0.041710384	0.0015925061
1.9195586	2.0141275	0.039352313	0.0015920358
1.9210256	2.1602442	0.042191558	0.0015916595
1.9224926	2.038872	0.039798215	0.0015912834
1.9239596	2.1173546	0.041393466	0.0015908132
1.9254266	2.0724308	0.040353466	0.0015903432
1.9268936	2.0700953	0.040399771	0.0015899672
1.9283606	2.0467858	0.039914582	0.0015894972
1.9298276	2.0624044	0.040349919	0.0015891214
1.9312946	2.0869565	0.040752307	0.0015886517
1.9327615	2.0130317	0.039406288	0.0015882759
1.9342285	2.0333712	0.039592709	0.0015878063
1.9356955	2.0361905	0.039738134	0.0015873368
1.9371625	2	0.039017133	0.0015869612
1.9386295	2.0386825	0.039893452	0.0015865857
1.9400965	2.0064006	0.038927641	0.0015861164
1.9415635	1.9836315	0.03869763	0.0015856472
1.9430305	1.9935262	0.038898062	0.0015852719
1.9444975	2.0484364	0.039999951	0.0015848029
1.9459645	1.9690485	0.038486563	0.0015844277
1.9474314	2.0337248	0.039584648	0.0015839587
1.9488984	2.0136364	0.039186124	0.0015835837
1.9503654	2.0144873	0.03932948	0.001583115
1.9518324	2.0509505	0.039988156	0.00158274
1.9532994	2.0262663	0.039246723	0.0015822714
1.9547664	1.9474885	0.037985213	0.0015818966
1.9562334	2.0079877	0.039158009	0.0015814281
1.9577004	2.0288863	0.039550453	0.0015810535
1.9591674	1.9878327	0.038757361	0.0015806344
1.9606345	1.9481257	0.037904344	0.0015801169
1.9621015	1.9439394	0.037829705	0.0015797424
1.9635684	1.968904	0.038337216	0.001579368
1.9650354	1.969674	0.038345166	0.0015789
1.9665024	1.9541698	0.037871458	0.0015785256
1.9679694	1.9411764	0.0378117	0.0015780579
1.9694364	1.9492232	0.037939798	0.0015775901
1.9709034	1.9221125	0.037461817	0.001577216
1.9723704	1.9449297	0.037899308	0.0015768419
1.9738374	1.9766567	0.038350504	0.0015762809
1.9753044	1.9871939	0.038562268	0.001575907
1.9767714	2.0060744	0.039083324	0.0015755332
1.9782383	2.003768	0.038891349	0.0015750659
1.9797053	1.9360422	0.0375483	0.0015745987
1.9811723	1.9917107	0.038657159	0.001574225
1.9826393	1.9424678	0.037786946	0.0015738513
1.9841063	1.9306402	0.037685305	0.001573291
1.9855733	1.9617548	0.037982855	0.0015729176
1.9870403	1.9626133	0.038135283	0.0015725441
1.9885073	1.9540143	0.037932463	0.0015720774
1.9899743	1.9119308	0.037087735	0.0015717041
1.9914412	1.9767964	0.038238134	0.0015712376
1.9929082	1.9124528	0.037146457	0.0015708643
1.9943752	1.9274377	0.037465975	0.001570398
1.9958422	1.9483675	0.037959214	0.0015699316
1.9973092	2.0003743	0.038694542	0.0015694655
1.9987762	1.9224429	0.037207656	0.0015690925
2.0002432	1.871824	0.036446858	0.0015687196
2.0017102	1.8799404	0.03629636	0.0015682537
2.0031772	1.9211712	0.037217882	0.001567881
2.0046442	1.9283034	0.037356067	0.0015673219
2.0061111	1.934981	0.037726998	0.0015669494
2.0075781	1.9041353	0.036915444	0.0015663906
2.0090451	1.8670909	0.0361229	0.0015660182
2.0105121	1.8787425	0.03634122	0.0015656458
2.0119791	1.9345373	0.037519306	0.0015652735
2.0134461	1.9494047	0.03759608	0.0015649012
2.0149131	1.8765432	0.036292188	0.0015643429
2.0163801	1.9034197	0.036894672	0.0015637847
2.0178471	1.8914934	0.0367743	0.0015634126
2.0193141	1.8567141	0.035955604	0.0015630407
2.020781	1.8859386	0.036466882	0.0015626687
2.022248	1.8136925	0.035076324	0.001562111
2.023715	1.8915707	0.03644672	0.0015617391
2.025182	1.837218	0.035618003	0.0015613674
2.026649	1.8153673	0.035056118	0.0015608099
2.028116	1.789732	0.034769591	0.0015604383
2.029583	1.8044128	0.034890287	0.0015600667
2.03105	1.8243594	0.035151467	0.0015595095
2.032517	1.7952932	0.034694627	0.0015593239
2.0339839	1.7440209	0.033709947	0.0015587668
2.0354509	1.8412639	0.035497122	0.0015583956
2.0369179	1.7971557	0.034762986	0.0015580243
2.0383849	1.7454137	0.033768296	0.0015574676
2.0398519	1.774812	0.034408141	0.0015570965
2.0413189	1.763966	0.033924799	0.00155654
2.0427859	1.8005974	0.034790482	0.0015559837
2.0442529	1.7320359	0.033503179	0.0015556128
2.0457199	1.720734	0.032959498	0.001555242
2.0471869	1.7425038	0.033731043	0.001554686
2.0486538	1.7188427	0.033099771	0.0015543153
2.0501208	1.7606323	0.034152392	0.0015539447
2.0515878	1.6801785	0.032397207	0.0015535742
2.0530548	1.7218739	0.03306618	0.0015532037
2.0545218	1.6732711	0.032348309	0.0015526481
2.0559888	1.6809138	0.032261748	0.0015522778
2.0574558	1.7094017	0.032948349	0.0015517224
2.0589228	1.7196715	0.033220336	0.0015513522
2.0603898	1.668659	0.032246958	0.0015509821
2.0618567	1.6414328	0.031538755	0.0015504271
2.0633237	1.6841713	0.032498371	0.0015500571
2.0647907	1.6027246	0.030749479	0.0015496871
2.0662577	1.6852399	0.032368526	0.0015491324
2.0677247	1.6461595	0.031782512	0.0015487627
2.0691917	1.6105341	0.031013735	0.0015483929
2.0706587	1.5950874	0.030767551	0.0015478384
2.0721257	1.595997	0.030722339	0.0015474689
2.0735927	1.601626	0.030785298	0.0015470994
2.0750597	1.6206132	0.031144276	0.0015467299
2.0765266	1.5320089	0.029382028	0.0015461759
2.0779936	1.5942136	0.030699551	0.0015456219
2.0794606	1.5376024	0.029664174	0.0015453533
2.0809278	1.5810711	0.030278105	0.0015448836
2.0823948	1.5402001	0.029642727	0.0015443299
2.0838618	1.4924716	0.028597053	0.001543961
2.0853288	1.5223165	0.029233631	0.001543592
2.0867958	1.5614618	0.029996352	0.0015430388
2.0882628	1.5453867	0.029864537	0.00154267
2.0897298	1.4923077	0.028557226	0.0015423012
2.0911968	1.5123479	0.02903137	0.0015419325
2.0926638	1.5053525	0.028918481	0.0015413796
2.0941308	1.4626322	0.027922936	0.0015408267
2.0955977	1.4352984	0.027633667	0.0015406426
2.0970647	1.4888642	0.028681146	0.0015399058
2.0985317	1.4724553	0.028120771	0.0015395376
2.0999987	1.4761029	0.028299136	0.0015391692
2.1014657	1.4549483	0.027955228	0.0015386171
2.1029327	1.3945055	0.026685392	0.001538249
2.1043997	1.4646131	0.028042629	0.001537881
2.1058667	1.481153	0.028469201	0.001537513
2.1073337	1.4310409	0.027439952	0.0015369612
2.1088006	1.4260138	0.027253706	0.0015365933
2.1102676	1.4	0.026914069	0.0015360417
2.1117346	1.3957123	0.02660157	0.0015356741
2.1132016	1.4650055	0.028039934	0.0015353065
2.1146686	1.4377761	0.027584596	0.0015349389
2.1161356	1.3818449	0.026486695	0.0015343877
2.1176026	1.419072	0.027120795	0.0015338366
2.1190696	1.406376	0.026917608	0.0015334693
2.1205366	1.3753176	0.026198408	0.0015329184
2.1220036	1.419853	0.027220525	0.0015325513
2.1234705	1.3952206	0.026748462	0.0015321842
2.1249375	1.3559506	0.025824884	0.0015318171
2.1264045	1.3455747	0.025782002	0.0015312667
2.1278715	1.3737776	0.026140673	0.0015307164
2.1293385	1.3470803	0.025730854	0.0015305331
2.1308055	1.3908386	0.026728023	0.0015299829
2.1322725	1.3714808	0.026220806	0.0015296163
2.1337395	1.3253796	0.025196999	0.0015290664
2.1352065	1.3261347	0.025367508	0.0015286999
2.1366735	1.3631426	0.02593358	0.0015281502
2.1381404	1.2845706	0.024500769	0.0015277838
2.1396074	1.3107365	0.025086874	0.0015272343
2.1410744	1.302232	0.024905654	0.0015268682
2.1425414	1.2736843	0.024262227	0.001526319
2.1440084	1.2969543	0.024692295	0.0015259529
2.1454754	1.3439306	0.025540514	0.0015255869
2.1469424	1.3077774	0.025103757	0.001525038
2.1484094	1.271569	0.02425715	0.0015246721
2.1498764	1.3186734	0.025033118	0.0015241235
2.1513433	1.2994535	0.024798222	0.0015239407
2.1528103	1.3055454	0.024851181	0.0015233922
2.1542773	1.2964569	0.024647081	0.0015230266
2.1557443	1.2270743	0.023404051	0.0015224784
2.1572113	1.2803196	0.024393147	0.001522113
2.1586783	1.2838476	0.02445568	0.001521565
2.1601453	1.2492775	0.023741458	0.0015211997
2.1616123	1.254213	0.023745377	0.001520652
2.1630793	1.246255	0.023817679	0.0015202868
2.1645463	1.2420707	0.02371159	0.0015199218
2.1660132	1.249373	0.023645166	0.0015193743
2.1674802	1.2672979	0.024180219	0.0015190095
2.1689472	1.224687	0.023161417	0.0015186446
2.1704142	1.204636	0.022921737	0.0015180975
2.1718812	1.2153735	0.023138762	0.0015175506
2.1733482	1.1944544	0.022662679	0.0015171859
2.1748152	1.2014519	0.022886116	0.0015168214
2.1762822	1.2144389	0.022955127	0.0015162748
2.1777492	1.2146482	0.023124913	0.0015159104
2.1792161	1.2026734	0.022855481	0.0015155461
2.1806831	1.2154894	0.023012076	0.0015149998
2.1821501	1.1727502	0.022290751	0.0015146356
2.1836171	1.197062	0.022654971	0.0015140895
2.1850841	1.1865994	0.022517394	0.0015137255
2.1865511	1.2264355	0.023302954	0.0015131797
2.1880181	1.2324499	0.023320662	0.0015128158
2.1894851	1.1923493	0.022646906	0.0015122702
2.1909521	1.2021544	0.022775803	0.0015119065
2.1924191	1.1957142	0.022592837	0.0015115429
2.193886	1.1898232	0.022598946	0.0015109977
2.195353	1.1846265	0.022447843	0.0015104525
2.19682	1.1651738	0.022051396	0.0015102709
2.198287	1.1909188	0.022514308	0.0015097258
2.199754	1.1933622	0.022662193	0.001509181
2.201221	1.1786227	0.022317946	0.0015088179
2.202688	1.1551602	0.021787871	0.0015084548
2.204155	1.177061	0.02228036	0.0015079103
2.205622	1.1220556	0.021193424	0.0015075475
2.2070889	1.1408149	0.021563217	0.0015070032
2.2085559	1.1630591	0.022086846	0.0015064591
2.2100229	1.1415834	0.021554856	0.0015060965
2.2114899	1.114836	0.021049738	0.0015057338
2.2129569	1.1236235	0.021173971	0.0015053713
2.2144239	1.1057174	0.020963535	0.0015048276
2.2158909	1.1488905	0.021731412	0.0015042841
2.2173579	1.1199433	0.021093579	0.0015039218
2.2188249	1.0977873	0.020735051	0.0015033785
2.2202919	1.1181464	0.021026202	0.0015030163
2.2217588	1.1410625	0.021614263	0.0015026543
2.2232258	1.0850303	0.02050503	0.0015021113
2.2246928	1.0979071	0.020674789	0.0015017495
2.2261598	1.0786397	0.020297492	0.0015012068
2.2276268	1.0972666	0.020669883	0.0015006642
2.2290938	1.1263422	0.021305021	0.0015004834
2.2305608	1.1269448	0.021187928	0.001499941
2.2320278	1.1063526	0.020896725	0.0014993987
2.2334948	1.095053	0.020580832	0.0014990374
2.2349617	1.1186743	0.02111477	0.0014984953
2.2364287	1.071835	0.020208903	0.0014981341
2.2378957	1.1187874	0.02100106	0.0014977729
2.2393627	1.0416666	0.019653799	0.001497335
2.2408299	1.0384616	0.019503403	0.0014968702
2.2422969	1.0894194	0.020558532	0.0014963289
2.2437639	1.0394922	0.019515764	0.001495968
2.2452309	1.0495576	0.019743111	0.0014954268
2.2466979	1.0369328	0.019443654	0.0014950661
2.2481649	1.0975177	0.020663915	0.0014947054
2.2496319	1.0853182	0.02045943	0.0014941647
2.2510989	1.059155	0.019870916	0.0014936239
2.2525659	1.0539683	0.019791124	0.0014932636
2.2540329	1.0912601	0.020441059	0.0014927231
2.2554998	1.0769231	0.020319154	0.0014923629
2.2569668	1.0464625	0.019629549	0.0014920029
2.2584338	1.0675628	0.02007477	0.0014914627
2.2599008	1.0260597	0.019122627	0.0014909228
2.2613678	1.0354987	0.0195063	0.0014905629
2.2628348	1.0516448	0.019775378	0.0014900232
2.2643018	1.0336605	0.019351767	0.0014896635
2.2657688	1.042061	0.019505583	0.0014893039
2.2672358	1.0560254	0.019819226	0.0014887645
2.2687027	0.99645388	0.018760551	0.001488405
2.2701697	1.0289401	0.019209543	0.0014880456
2.2716367	1.0499476	0.019618986	0.0014873269
2.2731037	1.049318	0.01962088	0.0014869678
2.2745707	1.0280341	0.019362185	0.0014866085
2.2760377	1.0274879	0.019162271	0.00148607
2.2775047	1.0063291	0.018866312	0.001485711
2.2789717	1.0017385	0.018675683	0.0014851727
2.2804387	0.96938777	0.018180363	0.0014846344
2.2819057	1.0299929	0.019344125	0.0014844551
2.2833726	1.0087229	0.01883859	0.001483917
2.2848396	1.0041637	0.018701347	0.0014833792
2.2863066	0.98176718	0.018379947	0.0014830207
2.2877736	1	0.018757595	0.0014826623
2.2892406	1.057966	0.019706953	0.0014821248
2.2907076	1.0394464	0.019331763	0.0014815874
2.2921746	0.99894702	0.018711697	0.0014812292
2.2936416	0.99506867	0.018671833	0.0014806921
2.2951086	1.0162686	0.018903891	0.0014803341
2.2965755	1.0197027	0.018954668	0.0014797973
2.2980425	1.0177639	0.018990712	0.0014794394
2.2995095	0.97739315	0.018365772	0.0014789029
2.3009765	1.0017343	0.018652983	0.0014785451
2.3024435	0.9885971	0.018373195	0.0014781876
2.3039105	0.9808895	0.018280646	0.0014776513
2.3053775	0.97780907	0.018347746	0.0014772939
2.3068445	0.94853193	0.017625358	0.0014767579
2.3083115	0.96479118	0.017921293	0.0014762221
2.3097785	0.93982607	0.017524248	0.0014758649
2.3112454	0.95685458	0.017845036	0.0014755079
2.3127124	0.92760652	0.017260311	0.0014749723
2.3141794	0.96906155	0.017963629	0.0014746154
2.3156464	0.96307909	0.017970355	0.0014739018
2.3171134	0.94465715	0.017620422	0.0014735451
2.3185804	0.94606662	0.01753133	0.0014731885
2.3200474	0.9416638	0.017491603	0.0014726536
2.3215144	0.95670247	0.017802007	0.0014722971
2.3229814	0.9596802	0.017888112	0.0014717625
2.3244483	0.95482254	0.01807637	0.0014714063
2.3259153	0.9283604	0.017836025	0.001470872
2.3273823	0.98345804	0.019513061	0.0014705159
2.3288493	0.97582328	0.019918233	0.0014699817
2.3303163	0.94909406	0.019707751	0.0014696259
2.3317833	0.96988761	0.020556198	0.00146927
2.3332503	0.93683726	0.020109842	0.0014687362
2.3347173	0.98001903	0.021369228	0.0014682027
2.3361843	0.94870543	0.020962561	0.001467847
2.3376513	0.93326539	0.021057637	0.0014673137
2.3391182	0.91533297	0.020790614	0.0014669583
2.3405852	0.93644071	0.021544935	0.0014664253
2.3420522	0.91476655	0.021306153	0.0014660701
2.3435192	0.98824847	0.023370007	0.0014655372
2.3449862	0.9920091	0.023691881	0.0014650046
2.3464532	0.96621221	0.023515863	0.0014646497
2.3479202	0.9316808	0.022899717	0.0014642947
2.3493872	0.92127919	0.02283811	0.0014637625
2.3508542	0.87783372	0.022019824	0.0014632304
2.3523211	0.93834299	0.02377102	0.0014628757
2.3537881	0.91715974	0.023507375	0.0014623438
2.3552551	0.95171028	0.024637399	0.0014619894
2.3567221	0.90878606	0.023526208	0.0014614578
2.3581891	0.90766072	0.023728622	0.0014611036
2.3596561	0.85547948	0.022379305	0.0014607493
2.3611231	0.907767	0.023895497	0.001460041
2.3625901	0.92248064	0.024478596	0.001459687
2.3640571	0.9054054	0.024136117	0.0014591562
2.3655241	0.9130435	0.024567461	0.0014588023
2.366991	0.93289572	0.025184473	0.0014584485
2.368458	0.89209163	0.024242193	0.001457918
2.369925	0.94239289	0.025600245	0.0014575644
2.371392	0.88939053	0.024386337	0.0014570341
2.372859	0.92835593	0.025482945	0.001456504
2.374326	0.94221878	0.026141312	0.0014561507
2.375793	0.90498441	0.025244489	0.0014556209
2.37726	0.9146437	0.025584022	0.0014552677
2.378727	0.91134185	0.025744505	0.0014547381
2.3801939	0.91932905	0.025970204	0.0014542087
2.3816609	0.92805171	0.026375126	0.0014538559
2.3831279	0.89244664	0.025558719	0.001453503
2.3845949	0.91666669	0.026316995	0.001452974
2.3860619	0.89300758	0.025906049	0.0014526214
2.3875289	0.90017062	0.026280912	0.0014520927
2.3889959	0.93573266	0.027378079	0.001451564
2.3904629	0.9020797	0.026539994	0.0014512116
2.3919299	0.86379611	0.025591658	0.0014508594
2.3933969	0.93432575	0.027633339	0.0014501552
2.3948638	0.87745976	0.026227877	0.0014498031
2.3963308	0.93901348	0.028106879	0.0014494511
2.3977978	0.87728935	0.026533047	0.0014490992
2.3992648	0.86488968	0.026205387	0.0014486788
2.400732	0.87712663	0.026951259	0.001448044
2.402199	0.86603773	0.026585743	0.0014476923
2.403666	0.82070947	0.025396496	0.001447165
2.405133	0.8806262	0.027529366	0.0014466379
2.4066	0.85034013	0.026492318	0.0014462866
2.408067	0.83762378	0.026337851	0.0014457597
2.409534	0.8499006	0.026779059	0.0014454086
2.411001	0.88353413	0.027978394	0.001444882
2.412468	0.86196321	0.027545137	0.001444531
2.4139349	0.92960662	0.029891271	0.0014440047
2.4154019	0.93165088	0.030190336	0.0014436539
2.4168689	0.80555558	0.026311563	0.0014431279
2.4183359	0.8904404	0.029162873	0.0014427772
2.4198029	0.81113535	0.026780386	0.0014422515
2.4212699	0.83516484	0.027664004	0.0014417259
2.4227369	0.82392025	0.027398285	0.0014413756
2.4242039	0.82379347	0.027575051	0.0014408502
2.4256709	0.84693879	0.028495638	0.0014405001
2.4271379	0.84198385	0.028574491	0.0014399751
2.4286048	0.83625734	0.028577907	0.001439625
2.4300718	0.79196215	0.027205639	0.0014391004
2.4315388	0.85543609	0.029546143	0.0014385757
2.4330058	0.84493285	0.029500095	0.001438226
2.4344728	0.81272948	0.02841112	0.0014377016
2.4359398	0.824781	0.029154375	0.0014371775
2.4374068	0.85696203	0.030463725	0.0014370028
2.4388738	0.8604061	0.030622156	0.0014364788
2.4403408	0.88181818	0.031753242	0.0014359551
2.4418077	0.85151118	0.030842062	0.0014356059
2.4432747	0.84986597	0.031087451	0.0014350824
2.4447417	0.90322578	0.033083342	0.001434559
2.4462087	0.86282581	0.031927854	0.0014340358
2.4476757	0.76965517	0.02855031	0.0014338614
2.4491427	0.84788734	0.031791192	0.0014333385
2.4506097	0.78571427	0.029668886	0.0014328157
2.4520767	0.81988472	0.031090111	0.0014324673
2.4535437	0.82991201	0.031746458	0.0014319447
2.4550107	0.74366617	0.028676456	0.0014315965
2.4564776	0.81570995	0.031672776	0.0014310742
2.4579446	0.80645162	0.031574145	0.0014305521
2.4594116	0.91392803	0.036118727	0.0014302041
2.4608786	0.82539684	0.032846034	0.0014296824
2.4623456	0.86451614	0.034683555	0.0014291607
2.4638126	0.79705399	0.032207008	0.0014286392
2.4652796	0.87687188	0.035730865	0.0014282917
2.4667466	0.79626483	0.032767396	0.0014279442
2.4682136	0.80968857	0.033635058	0.0014274231
2.4696805	0.79159367	0.033083264	0.0014270758
2.4711475	0.79964221	0.033773277	0.001426555
2.4726145	0.80255944	0.034267601	0.0014260344
2.4740815	0.88095236	0.037654623	0.0014255139
2.4755485	0.82075471	0.03559199	0.0014253404
2.4770155	0.91081595	0.039629947	0.0014246468
2.4784825	0.81640625	0.036032703	0.0014243001
2.4799495	0.79207921	0.03519237	0.0014239536
2.4814165	0.75708503	0.034012701	0.0014234338
2.4828835	0.80124223	0.036399569	0.0014229141
2.4843504	0.82838982	0.038066808	0.0014225679
2.4858174	0.82441115	0.038077477	0.0014220485
2.4872844	0.78820962	0.036761664	0.0014215293
2.4887514	0.8202247	0.03882096	0.0014211833
2.4902184	0.92889911	0.044419985	0.0014206645
2.4916854	0.78773582	0.038173094	0.0014201457
2.4931524	0.87828159	0.042831723	0.0014198
2.4946194	0.76941746	0.037835494	0.0014194543
2.4960864	0.82706767	0.041314151	0.0014189361
2.4975533	0.84020621	0.042570803	0.0014184179
2.4990203	0.82058048	0.042055946	0.0014180726
2.5004873	0.84636116	0.043839272	0.0014175548
2.5019543	0.77653629	0.040950023	0.0014170371
2.5034213	0.82152975	0.043623365	0.001416692
2.5048883	0.93255132	0.050410889	0.0014161747
2.5063553	0.82035929	0.044793442	0.0014158299
2.5078223	0.78963417	0.04349108	0.0014153128
2.5092893	0.86750787	0.048603591	0.0014149681
2.5107563	0.82410425	0.04689217	0.0014144513
2.5122232	0.92905408	0.053856861	0.0014139346
2.5136902	0.84265733	0.049687747	0.0014134181
2.5151572	0.77256316	0.046260536	0.0014130739
2.5166242	0.7781955	0.04756875	0.0014125577
2.5180912	0.86486489	0.053529873	0.0014122137
2.5195582	0.81451613	0.051534742	0.0014116978
2.5210252	0.80000001	0.051470418	0.0014111821
2.5224922	0.89565217	0.058843661	0.0014108383
2.5239592	0.7681818	0.051543225	0.001410323
2.5254261	0.71698111	0.049041811	0.0014099794
2.5268931	0.9207921	0.064506873	0.0014094643
2.5283601	0.67875648	0.048579447	0.001409121
2.5298271	0.82608694	0.060615115	0.0014086061
2.5312941	0.85057473	0.064116508	0.0014080914
2.5327611	0.63905323	0.048751418	0.0014077484
2.5342281	1.0191083	0.080931515	0.001407234
2.5356951	0.67346936	0.055006869	0.0014068912
2.5371621	0.78417265	0.065833874	0.0014063771
2.5386291	0.6953125	0.060863793	0.0014060345
2.540096	0.75833333	0.068488754	0.0014055207
2.541563	0.77876109	0.07235948	0.0014051782
2.54303	0.99009901	0.097533546	0.0014044936
2.544497	0.73118281	0.074833445	0.0014041514
2.545964	0.90476191	0.097505987	0.0014036383
2.547431	0.93333334	0.10612475	0.0014032962
2.548898	0.64615387	0.078634799	0.0014027834
2.550365	0.89285713	0.11697327	0.0014024416
2.551832	1.0212766	0.14740857	0.0014019291
2.553299	0.43243244	0.067417249	0.0014015875
2.5547659	0.96551722	0.17485951	0.0014010752
2.5562329	0.5	0.10259783	0.0014005632
2.5576999	0.60000002	0.16329932	0.0014002218
2.5591669	0	0	0.0013995395
