#   DataFileName=PAL30_cooling_96C_WAXS_03022017.tif
#   DataFileType=.tif
#   
#   DataFilePath=E:DATA:PAL30:
#   
#   Processed on=Tue, Mar 07, 2017,9:09:28 PM
#   Units=Arbitrary
#   SampleThickness=1
#   SampleTransmission=1
#   CorrectionFactor=1
#   SampleMeasurementTime=1
#   EmptyMeasurementTime=1
#   BackgroundMeasTime=1
#   SampleI0=1
#   EmptyI0=1
#   Nika_SampleToDetectorDistacne=176.53
#   Nika_Wavelength=1.54
#   Nika_XrayEnergy=8.0509
#   Nika_PixelSizeX=0.075
#   Nika_PixelSizeY=0.075
#   Nika_HorizontalTilt=0
#   Nika_VerticalTilt=0
#   Nika_BeamCenterX=1535.8
#   Nika_BeamCenterY=830.36
#   Nika_BeamSizeX=0
#   Nika_BeamCenterY=830.36
#   CalibrationFormula=1*((Sa2D))
#   CurrentMaskFileName=PAL30_cooling_103C_WAXS_03022017_mask.hdf
#   QvectorMaxNumPnts=1
#   QvectorNumberPoints=1745
#   CircularAverage=1
#   PolarizationCorrection=None
#   UncertainityCalculationMethod=OldNikaMethod

0.084352024	2	1.2247449	0.001903859
0.085819013	2.0833333	0.58062142	0.0019038399
0.087286003	1.3	0.28469744	0.0019038168
0.088753	1.6511627	0.25057557	0.0019037951
0.090219989	1.5555556	0.21028379	0.0019037696
0.091686979	1.8059702	0.21986447	0.0019037401
0.093153976	1.7945205	0.20927495	0.0019037183
0.094620965	2	0.22846794	0.0019036992
0.096087955	2.195122	0.24164872	0.0019036762
0.097554952	1.8125	0.17070849	0.001903648
0.099021941	1.9785714	0.16685621	0.0019036225
0.10048893	1.9204545	0.14450787	0.0019035905
0.10195592	1.8125	0.12547344	0.0019035676
0.10342292	1.9180328	0.12259387	0.001903533
0.10488991	1.879562	0.11341241	0.0019035075
0.1063569	2.1352313	0.12722962	0.0019034781
0.10782389	2.3333333	0.13663489	0.0019034435
0.10929088	2.3079469	0.13266276	0.001903418
0.11075787	2.7922077	0.15896082	0.001903386
0.11222486	2.9808307	0.16830294	0.0019033566
0.11369186	3.4468751	0.19249502	0.0019033221
0.11515885	4.2303028	0.23258159	0.0019032902
0.11662584	12.844985	0.70464897	0.0019032607
0.11809283	52.7929	2.8563564	0.0019032262
0.11955982	103.95322	5.6008763	0.0019031942
0.12102681	118.86857	6.3386726	0.0019031559
0.1224938	199.74576	10.595059	0.0019031265
0.1239608	330.52908	17.372923	0.0019030946
0.1254278	347.34973	18.144629	0.00190306
0.12689479	243.1456	12.736355	0.0019030281
0.12836178	161.71169	8.2328939	0.0019029769
0.12982877	105.07692	5.4012384	0.0019029514
0.13129576	73.219635	3.7113397	0.001902913
0.13276275	44.447235	2.2217555	0.0019028875
0.13422973	26.178217	1.2973123	0.0019028542
0.13569674	13.754476	0.69421184	0.0019028108
0.13716373	9.2481394	0.46041337	0.0019027725
0.13863072	7.7392344	0.37843013	0.001902734
0.14009771	7.192214	0.3546842	0.0019026829
0.1415647	6.847826	0.33647048	0.0019026446
0.14303169	6.5671296	0.31589013	0.0019026062
0.14449868	6.6428571	0.32406262	0.001902573
0.14596568	6.465909	0.30818444	0.0019025296
0.14743267	6.462585	0.30768213	0.0019024912
0.14889966	6.1926603	0.29650682	0.0019024401
0.15036665	6.3775744	0.30501825	0.0019024018
0.15183364	6.3681917	0.2971817	0.0019023634
0.15330063	6.2995691	0.29239592	0.0019023251
0.15476762	6.1061945	0.28714615	0.001902279
0.15623462	6.3211207	0.29338473	0.0019022356
0.15770161	6.4008527	0.29550526	0.0019021973
0.1591686	6.1228814	0.28177693	0.001902159
0.16063559	6.2712216	0.28529423	0.001902095
0.16210258	6.1065574	0.27637863	0.0019020566
0.16356957	6.0165977	0.2739937	0.0019020234
0.16503657	6.0020533	0.27193475	0.0019019672
0.16650356	5.9736309	0.26898426	0.0019019161
0.16797055	6.0120239	0.26908472	0.0019018777
0.16943754	6	0.26563537	0.0019018266
0.17090453	5.7317553	0.25450996	0.0019017755
0.17237152	5.6923075	0.24958056	0.0019017372
0.17383851	5.8156862	0.25747135	0.0019016911
0.17530552	6.0588236	0.2638801	0.0019016477
0.17677251	5.818182	0.25315589	0.0019015839
0.17823949	5.6570883	0.2475576	0.0019015454
0.17970648	5.6877322	0.24516946	0.0019014943
0.18117347	5.5590405	0.23873436	0.0019014304
0.18264046	5.6913357	0.24175678	0.0019013921
0.18410745	5.596745	0.23795786	0.0019013333
0.18557446	5.462523	0.23351982	0.0019012899
0.18704145	5.6028624	0.23692939	0.0019012388
0.18850844	5.5159011	0.23181129	0.0019011877
0.18997543	5.5576925	0.23233853	0.0019011238
0.19144242	5.5701756	0.23327179	0.0019010727
0.1929094	5.5796847	0.23346092	0.0019010216
0.19437639	5.5798612	0.23245208	0.0019009755
0.1958434	5.505137	0.22776705	0.0019009194
0.19731039	5.4525423	0.22444011	0.0019008683
0.19877738	5.3233829	0.2167473	0.0019008043
0.20024437	5.2466445	0.21487531	0.0019007404
0.20171136	5.2976975	0.2148128	0.0019006893
0.20317835	5.2326732	0.21252668	0.0019006382
0.20464534	5.2716856	0.21323089	0.0019005922
0.20611234	5.2725806	0.21171597	0.001900536
0.20757933	5.317152	0.21385039	0.0019004721
0.20904632	5.4580646	0.21916531	0.0019004082
0.21051331	5.1616955	0.20447949	0.0019003571
0.2119803	5.3780866	0.21124089	0.0019002933
0.21344729	5.2335424	0.2071626	0.0019002294
0.21491428	5.1208267	0.20414428	0.0019001834
0.21638128	5.1630769	0.20248239	0.0019001144
0.21784827	5.2193251	0.20437039	0.0019000506
0.21931526	5.1039157	0.19803737	0.0018999994
0.22078225	5.2545457	0.20450169	0.0018999355
0.22224924	5.1312218	0.19924596	0.0018998716
0.22371623	5.2556391	0.20377314	0.0018998128
0.22518323	5.2360702	0.20046774	0.0018997439
0.22665022	5.0500002	0.19362965	0.00189968
0.22811721	5.1571217	0.19759162	0.0018996162
0.2295842	5.2463975	0.19912118	0.0018995651
0.23105119	5.034091	0.18970089	0.0018995012
0.23251818	5.0772595	0.19382273	0.0018994246
0.23398517	5.0226951	0.18913785	0.0018993785
0.23545218	4.9513888	0.18449683	0.0018992968
0.23691916	5.1146131	0.1935599	0.001899233
0.23838615	5.0367231	0.18926489	0.0018991691
0.23985314	5.0095239	0.18475153	0.0018991051
0.24132013	5.1744504	0.19175003	0.0018990414
0.24278712	4.7387142	0.17524067	0.0018989648
0.24425411	4.9015255	0.18251592	0.001898906
0.24572112	4.7077746	0.17233667	0.0018988369
0.24718811	4.8801088	0.18010227	0.0018987731
0.2486551	4.870419	0.17618136	0.0018987015
0.2501221	4.8419657	0.17642403	0.0018986454
0.25158909	4.7641511	0.17487015	0.0018985687
0.25305608	4.7582564	0.17291513	0.0018984666
0.25452307	4.7841635	0.17094783	0.0018984155
0.25599006	4.7611547	0.17245284	0.0018983644
0.25745705	4.8858624	0.17593479	0.0018982622
0.25892404	4.5548549	0.16172586	0.0018982112
0.26039103	4.6692209	0.16684061	0.0018981345
0.26185802	4.611825	0.16531913	0.0018980579
0.26332501	4.6695981	0.16548839	0.0018979813
0.264792	4.625	0.16349736	0.0018979047
0.26625898	4.61519	0.16417731	0.0018978536
0.26772597	4.6081581	0.16199122	0.001897777
0.26919296	4.6538463	0.16132106	0.001897685
0.27065998	4.6857142	0.16512454	0.0018976236
0.27212697	4.625	0.16109702	0.001897547
0.27359396	4.6662607	0.16282916	0.0018974704
0.27506095	4.5030303	0.1567533	0.0018973938
0.27652794	4.6251497	0.1600382	0.0018973172
0.27799493	4.6156583	0.1589503	0.0018972406
0.27946192	4.5836301	0.15784764	0.001897164
0.28092891	4.5404763	0.15663899	0.0018970874
0.2823959	4.4729414	0.1533989	0.0018969852
0.28386289	4.5402298	0.15390827	0.0018969086
0.28532988	4.5656805	0.15704246	0.0018968575
0.28679687	4.6670518	0.15866429	0.0018967809
0.28826386	4.5817142	0.15487066	0.0018966788
0.28973085	4.45819	0.15086786	0.0018966381
0.29119787	4.552928	0.15276699	0.0018965256
0.29266486	4.4943051	0.15165512	0.001896449
0.29413185	4.5902934	0.15419459	0.0018963724
0.29559883	4.419209	0.14853096	0.0018962958
0.29706582	4.4888887	0.14960897	0.0018962192
0.29853281	4.5292816	0.15053929	0.0018961171
0.2999998	4.5104508	0.1495828	0.0018960405
0.30146679	4.4370208	0.14682496	0.0018959639
0.30293378	4.3743138	0.14490964	0.0018958873
0.30440077	4.3315039	0.14349158	0.0018957852
0.30586776	4.3037434	0.14072983	0.0018957086
0.30733475	4.4568033	0.14644192	0.001895632
0.30880174	4.2025862	0.13793726	0.0018955402
0.31026876	4.4892702	0.14703324	0.0018954533
0.31173575	4.4186778	0.14311749	0.0018953767
0.31320274	4.4241781	0.14405411	0.0018952746
0.31466973	4.4281216	0.14342199	0.0018951725
0.31613672	4.4510012	0.14446867	0.0018950959
0.31760371	4.3734441	0.14084147	0.0018950193
0.3190707	4.3657026	0.14030124	0.0018949427
0.32053769	4.351603	0.1399211	0.0018948406
0.32200468	4.3319631	0.13885845	0.0018947385
0.32347167	4.5885363	0.14678229	0.0018946619
0.32493865	4.4616957	0.14258054	0.0018945598
0.32640564	4.3768997	0.13930154	0.0018944832
0.32787263	4.4025974	0.13913636	0.0018943812
0.32933962	4.3767533	0.13852756	0.0018943149
0.33080664	4.4076304	0.13964482	0.001894228
0.33227363	4.5770392	0.14523104	0.0018941259
0.33374062	4.3115234	0.13472033	0.0018940239
0.33520761	4.3877954	0.13764122	0.0018939473
0.3366746	4.5093045	0.14110616	0.0018938453
0.33814159	4.423945	0.13857186	0.0018937432
0.33960858	4.7043476	0.14621279	0.0018936666
0.34107557	4.5438766	0.14108717	0.0018935645
0.34254256	4.5284314	0.14177659	0.0018934624
0.34400955	4.577693	0.141323	0.0018933859
0.34547654	4.6315789	0.14326002	0.0018932583
0.34694353	4.5699134	0.14189807	0.0018931562
0.34841052	4.5707636	0.13945824	0.0018930796
0.34987751	4.6594748	0.14269692	0.0018929879
0.35134453	4.6701322	0.14356221	0.001892901
0.35281152	4.8531075	0.14890642	0.0018927734
0.3542785	4.6350093	0.1414178	0.0018926969
0.35574549	4.7444854	0.14382307	0.0018925949
0.35721248	4.7316618	0.14416578	0.0018924928
0.35867947	4.914835	0.14871645	0.0018924163
0.36014646	5.0018263	0.15114053	0.0018923142
0.36161345	4.8462944	0.14657325	0.0018921866
0.36308044	4.8994565	0.14744195	0.0018921101
0.36454743	5.0145454	0.15118037	0.001892008
0.36601442	4.8973899	0.14691477	0.001891906
0.36748141	4.9792042	0.14970721	0.0018917784
0.3689484	5.0878735	0.15080976	0.0018916867
0.37041542	5.0573478	0.15137374	0.0018915489
0.37188241	5.017715	0.14932083	0.0018914468
0.3733494	5.0907488	0.15109311	0.0018913448
0.37481639	5.0658474	0.15008946	0.0018912427
0.37628338	4.9198942	0.14595765	0.0018911407
0.37775037	5.0113144	0.14782645	0.0018910386
0.37921736	4.884418	0.14290681	0.0018909366
0.38068435	4.9651265	0.14659207	0.0018908347
0.38215134	4.9390774	0.14569482	0.0018907326
0.38361832	5.0093064	0.14569031	0.0018906306
0.38508531	4.83006	0.14113539	0.0018905286
0.3865523	4.88412	0.14308164	0.0018904265
0.38801929	4.8931551	0.14135908	0.001890299
0.38948628	4.8617201	0.14115915	0.0018902073
0.3909533	4.6878171	0.1363402	0.001890095
0.39242029	4.6683459	0.13525996	0.001889993
0.39388728	4.7103958	0.13529128	0.001889891
0.39535427	4.5714288	0.13211977	0.0018897634
0.39682126	4.5367279	0.13106157	0.0018896614
0.39828825	4.6153846	0.13132152	0.0018895594
0.39975524	4.4148149	0.12664343	0.001889432
0.40122223	4.4097281	0.12660122	0.0018893045
0.40268922	4.4723129	0.12761341	0.0018892025
0.40415621	4.328238	0.12275393	0.0018891005
0.4056232	4.3528457	0.12410183	0.0018889729
0.40709019	4.2802906	0.12163842	0.0018888965
0.40855718	4.3907862	0.12373322	0.0018887793
0.4100242	4.2677855	0.12065044	0.001888667
0.41149119	4.1440001	0.11719785	0.0018885395
0.41295817	4.329905	0.12177627	0.0018884375
0.41442516	4.2323389	0.1185628	0.0018883101
0.41589215	4.1610103	0.11688629	0.0018882081
0.41735914	4.1699762	0.11751049	0.0018880806
0.41882613	4.1339493	0.11468803	0.0018879533
0.42029312	4.1152649	0.11483309	0.0018878513
0.42176011	4.015492	0.11174557	0.0018877493
0.4232271	3.9657054	0.11070268	0.0018876218
0.42469409	3.9653313	0.11005055	0.0018875198
0.42616108	3.8875287	0.10751854	0.0018873924
0.42762807	3.8958652	0.10779081	0.0018872905
0.42909506	3.8810606	0.10681002	0.0018871733
0.43056208	3.870846	0.10636797	0.0018870356
0.43202907	3.8683813	0.10638058	0.0018869082
0.43349606	3.7928679	0.10446136	0.0018868062
0.43496305	3.797015	0.10371365	0.0018866787
0.43643004	3.7511277	0.10284489	0.0018865514
0.43789703	3.7162163	0.10181051	0.0018864494
0.43936402	3.7240875	0.10060142	0.0018863219
0.44083101	3.6589725	0.099830896	0.0018861946
0.442298	3.6629381	0.10001311	0.0018860671
0.44376498	3.5350878	0.09556634	0.0018859397
0.44523197	3.6329205	0.098031722	0.0018858378
0.44669896	3.5436537	0.095972456	0.0018856849
0.44816595	3.5784883	0.096457817	0.001885583
0.44963294	3.5839942	0.096221946	0.0018854659
0.45109996	3.5355072	0.095160708	0.0018853282
0.45256695	3.5144928	0.094594814	0.0018852009
0.45403394	3.4471428	0.092117056	0.0018850989
0.45550093	3.4793742	0.092779405	0.0018849715
0.45696792	3.3872128	0.090774477	0.0018848187
0.45843491	3.5003574	0.093572438	0.0018847168
0.4599019	3.4156754	0.09034463	0.0018845893
0.46136889	3.4947145	0.092760704	0.001884462
0.46283588	3.3156404	0.088193484	0.0018843346
0.46430287	3.3689389	0.089296512	0.0018842072
0.46576986	3.4651811	0.091430865	0.0018840799
0.46723685	3.2878048	0.086779729	0.0018839525
0.46870384	3.3506401	0.089345507	0.0018838355
0.47017086	3.2411346	0.086302437	0.0018836978
0.47163785	3.1946454	0.085921898	0.0018835705
0.47310483	3.193759	0.08602231	0.0018834431
0.47457182	3.2055874	0.085783206	0.0018832902
0.47603881	3.276087	0.088177271	0.001883163
0.4775058	3.2690318	0.088859797	0.0018830356
0.47897279	3.2337759	0.087804973	0.0018829083
0.48043978	3.2227831	0.086523853	0.0018827809
0.48190677	3.1093059	0.084487446	0.0018826282
0.48337376	3.0761347	0.083217181	0.0018825263
0.48484075	3.0453217	0.082324147	0.001882399
0.48630774	3.0553532	0.082443975	0.0018822462
0.48777473	3.0342262	0.082751855	0.0018821189
0.48924172	2.9545121	0.080015637	0.0018820019
0.49070874	3.0322108	0.082028568	0.0018818388
0.49217573	3.1415994	0.085081995	0.0018817114
0.49364272	3.0565476	0.083362147	0.0018815842
0.49510971	3.0174291	0.081303664	0.0018814568
0.4965767	2.8945827	0.078304902	0.0018813041
0.49804369	2.9491017	0.080670148	0.0018811768
0.49951068	2.9578714	0.080400892	0.0018810598
0.50097769	2.9061136	0.078387812	0.0018808967
0.50244468	2.9457874	0.079720594	0.001880744
0.50391167	2.9245563	0.079523541	0.0018805913
0.50537866	2.870873	0.077749051	0.0018804895
0.50684565	2.9248724	0.078980297	0.0018803368
0.50831264	2.8469462	0.077215016	0.001880184
0.50977963	2.9158051	0.079227827	0.0018800822
0.51124662	2.8413742	0.076808348	0.0018799296
0.51271361	2.8805861	0.077954993	0.0018798277
0.5141806	2.9105453	0.07847967	0.001879675
0.51564759	2.9458668	0.079662673	0.0018795223
0.51711458	2.8674521	0.077798404	0.0018793187
0.51858157	2.8150036	0.075958066	0.0018792169
0.52004856	2.8445098	0.077205434	0.0018790642
0.52151555	2.8594437	0.077353589	0.0018789115
0.52298254	2.8054755	0.075290546	0.0018788098
0.52444953	2.758646	0.074818447	0.001878657
0.52591652	2.8818381	0.077817783	0.0018785044
0.52738351	2.8302159	0.075900383	0.0018783518
0.5288505	2.7803469	0.074723303	0.0018781991
0.53031749	2.7994101	0.076008834	0.0018780973
0.53178447	2.7489114	0.074039511	0.0018778938
0.53325146	2.7709537	0.074470498	0.0018777919
0.53471845	2.8613718	0.076872855	0.0018776393
0.53618544	2.7024674	0.072788604	0.0018774867
0.53765243	2.7379062	0.073555924	0.0018773341
0.53911942	2.7782578	0.074533321	0.0018772021
0.54058647	2.7711804	0.074558578	0.0018770288
0.54205346	2.7149091	0.073202394	0.0018768762
0.54352045	2.7188611	0.072522268	0.0018767745
0.54498744	2.7248564	0.073021486	0.0018766219
0.54645443	2.7116921	0.073063374	0.0018764692
0.54792142	2.7070065	0.072002254	0.0018763166
0.54938841	2.6773963	0.07159476	0.001876164
0.5508554	2.6824713	0.071885295	0.0018760114
0.55232239	2.6867816	0.072000407	0.0018758589
0.55378938	2.683871	0.07184682	0.0018757062
0.55525637	2.7443342	0.073021784	0.0018755028
0.55672336	2.7010677	0.072048582	0.0018754011
0.55819035	2.760745	0.073878273	0.0018752485
0.55965734	2.7517781	0.07337521	0.001875096
0.56112432	2.6518986	0.070312552	0.0018749434
0.56259131	2.6875	0.072021291	0.0018747909
0.5640583	2.6294706	0.07031361	0.0018745874
0.56552529	2.6216595	0.069511153	0.0018744858
0.56699228	2.7235088	0.072136357	0.0018743331
0.56845927	2.6902213	0.071861751	0.0018741806
0.56992626	2.7849162	0.073581614	0.0018739772
0.57139325	2.6237693	0.069566846	0.0018738756
0.57286024	2.6744847	0.071289293	0.001873723
0.57432723	2.7217939	0.072040349	0.0018735197
0.57579422	2.7282913	0.072186589	0.001873418
0.57726121	2.597183	0.068910606	0.0018732146
0.5787282	2.647141	0.069893166	0.0018730828
0.58019525	2.6591866	0.070407264	0.0018729096
0.58166224	2.7126994	0.071450636	0.0018727571
0.58312923	2.6865878	0.070811644	0.0018726047
0.58459622	2.673959	0.071023494	0.0018724522
0.58606321	2.7041461	0.071673654	0.0018722997
0.5875302	2.6859505	0.070477314	0.0018720964
0.58899719	2.6741803	0.069879435	0.0018719439
0.59046417	2.6970339	0.071661085	0.0018717914
0.59193116	2.596431	0.068010546	0.0018715882
0.59339815	2.660274	0.06961146	0.0018714865
0.59486514	2.6982698	0.070972301	0.001871334
0.59633213	2.637378	0.069633752	0.0018711308
0.59779912	2.6540055	0.069734223	0.0018709784
0.59926611	2.6586704	0.069593318	0.0018708259
0.6007331	2.6338315	0.068637602	0.0018706735
0.60220009	2.5410061	0.066696644	0.0018705211
0.60366708	2.5852156	0.067624763	0.0018703179
0.60513407	2.627558	0.068614088	0.0018701655
0.60660106	2.6874144	0.070274688	0.001870013
0.60806805	2.591501	0.067835428	0.0018698098
0.60953504	2.6119096	0.068323009	0.0018696574
0.61100203	2.5436828	0.065931365	0.001869505
0.61246902	2.5178328	0.065929599	0.0018693527
0.61393601	2.5519786	0.066080466	0.0018691494
0.615403	2.5610583	0.06669645	0.001868997
0.61686999	2.5975773	0.067374393	0.0018688446
0.61833698	2.6283967	0.068496309	0.0018686923
0.61980397	2.6169491	0.068128973	0.0018685099
0.62127101	2.6154873	0.06756644	0.0018683368
0.622738	2.5720081	0.066868789	0.0018681337
0.62420499	2.6423798	0.068306692	0.0018679813
0.62567198	2.6089573	0.067441814	0.0018678289
0.62713897	2.6622341	0.068636961	0.0018676259
0.62860596	2.6584058	0.06879063	0.0018674735
0.63007295	2.5717173	0.066725887	0.0018672703
0.63153994	2.6471372	0.068293177	0.0018671181
0.63300693	2.5950634	0.067016065	0.0018669658
0.63447392	2.5868852	0.066232696	0.0018667626
0.63594091	2.5588236	0.06614653	0.0018666104
0.6374079	2.5852687	0.066586822	0.0018664581
0.63887489	2.5399737	0.065010712	0.001866255
0.64034188	2.6289141	0.067845859	0.0018661027
0.64180887	2.5912409	0.066739634	0.0018659504
0.64327586	2.605541	0.066909239	0.0018657474
0.64474285	2.6512988	0.067551509	0.0018655951
0.64620984	2.6120291	0.067142688	0.0018654428
0.64767683	2.5562828	0.065385722	0.0018652398
0.64914382	2.5573664	0.065285653	0.0018650875
0.6506108	2.6125655	0.06682542	0.0018648338
0.65207779	2.5717998	0.065547183	0.0018646815
0.65354478	2.5585527	0.065616302	0.0018645293
0.65501177	2.5371208	0.064453803	0.0018643263
0.65647876	2.6612484	0.067849137	0.001864174
0.65794575	2.6552393	0.067519978	0.0018640219
0.65941274	2.5851612	0.065653764	0.0018638397
0.66087979	2.6523438	0.067665897	0.0018636667
0.66234678	2.6240261	0.066856362	0.0018634637
0.66381377	2.610682	0.066215657	0.0018633115
0.66528076	2.5571246	0.064774938	0.0018631086
0.66674775	2.6668823	0.067816556	0.0018629057
0.66821474	2.5571885	0.064631566	0.0018627534
0.66968173	2.5759897	0.065086089	0.0018625505
0.67114872	2.7209597	0.068357371	0.0018623983
0.67261571	2.5794573	0.065549992	0.0018621954
0.6740827	2.6634614	0.067425661	0.0018619925
0.67554969	2.6469088	0.066813834	0.0018617897
0.67701668	2.6363637	0.066231728	0.0018616376
0.67848366	2.6647546	0.067264393	0.0018614347
0.67995065	2.6622558	0.066819526	0.0018612319
0.68141764	2.631712	0.066135637	0.0018611304
0.68288463	2.5889378	0.064897969	0.0018609276
0.68435162	2.5906506	0.065104276	0.0018607248
0.68581861	2.643862	0.066843517	0.0018605726
0.6872856	2.7111528	0.067854583	0.0018603191
0.68875259	2.6589775	0.066382825	0.001860167
0.69021958	2.6994364	0.067540407	0.0018599642
0.69168657	2.6178708	0.065892428	0.0018598121
0.69315356	2.6297686	0.065756455	0.0018596093
0.69462055	2.7060997	0.067162864	0.0018594065
0.69608754	2.6728971	0.066709377	0.0018592544
0.69755453	2.615773	0.065693863	0.001859001
0.69902152	2.6767802	0.066599198	0.0018588698
0.70048857	2.6767991	0.066661678	0.0018586462
0.70195556	2.6496933	0.065620057	0.0018584434
0.70342255	2.692595	0.067159511	0.0018582913
0.70488954	2.6674862	0.066122912	0.0018580887
0.70635653	2.6633906	0.066000268	0.001857886
0.70782351	2.7277744	0.067534186	0.0018577339
0.7092905	2.6476073	0.065996043	0.0018575311
0.71075749	2.8186274	0.069762819	0.0018573285
0.71222448	2.7163904	0.067294449	0.0018571258
0.71369147	2.6218181	0.064536311	0.0018569739
0.71515846	2.7123623	0.067091055	0.0018567712
0.71662545	2.7047677	0.066862129	0.0018565685
0.71809244	2.6644337	0.065744795	0.0018563658
0.71955943	2.7152357	0.066754669	0.0018561631
0.72102642	2.7276621	0.067469053	0.0018559606
0.72249341	2.8609593	0.070488051	0.0018558085
0.7239604	2.7537627	0.067559615	0.001855606
0.72542739	2.7192984	0.066875212	0.0018554033
0.72689438	2.7714458	0.067870595	0.0018552007
0.72836137	2.7894738	0.068601415	0.0018549982
0.72982836	2.7627935	0.067781046	0.0018547955
0.73129535	2.7366526	0.067018591	0.0018545929
0.73276234	2.7273817	0.066751018	0.001854441
0.73422933	2.7542169	0.067591652	0.0018541878
0.73569632	2.7916167	0.068303846	0.0018540359
0.73716331	2.736748	0.066781156	0.0018538333
0.73863029	2.8247483	0.068724528	0.0018536518
0.74009734	2.7224879	0.066571772	0.0018533777
0.74156433	2.7783656	0.067357875	0.0018532258
0.74303132	2.892262	0.070555404	0.0018530233
0.74449831	2.8812759	0.070017107	0.0018528207
0.7459653	2.779438	0.067944646	0.0018525677
0.74743229	2.7871463	0.067669839	0.0018524159
0.74889928	2.8536873	0.069305748	0.0018522133
0.75036627	2.7815957	0.067120932	0.0018520108
0.75183326	2.7779763	0.067767695	0.0018518084
0.75330025	2.8303416	0.068098925	0.0018516059
0.75476724	2.8192983	0.068169557	0.0018514035
0.75623423	2.8320611	0.068618856	0.0018512011
0.75770122	2.8920355	0.070237041	0.0018509986
0.75916821	2.8400702	0.068732783	0.0018507962
0.7606352	2.8224406	0.067869358	0.0018505432
0.76210219	2.8145161	0.067542493	0.0018503914
0.76356918	2.8118405	0.068069354	0.0018501384
0.76503617	2.728972	0.065947264	0.0018499866
0.76650316	2.8306637	0.06769643	0.0018497336
0.76797014	2.8433526	0.068352602	0.0018495818
0.76943713	2.8730993	0.06947051	0.0018493795
0.77090412	2.7920277	0.067099713	0.0018491265
0.77237111	2.870317	0.068901837	0.0018489748
0.7738381	2.8257403	0.067424752	0.0018487219
0.77530509	2.8238668	0.067630537	0.0018485195
0.77677208	2.8513358	0.0687038	0.0018483173
0.77823907	2.8486917	0.06793391	0.001848115
0.77970606	2.7444634	0.065392166	0.0018479337
0.78117311	2.7949743	0.066785686	0.0018476598
0.7826401	2.8714123	0.068789609	0.0018474576
0.78410709	2.8300803	0.067799017	0.0018472553
0.78557408	2.821207	0.066993371	0.0018470531
0.78704107	2.8371961	0.067448817	0.0018468507
0.78850806	2.7807517	0.066351674	0.001846598
0.78997505	2.8657641	0.068051353	0.0018464463
0.79144204	2.8526435	0.0676452	0.0018462441
0.79290903	2.8440158	0.067726344	0.0018459914
0.79437602	2.8618162	0.067957751	0.0018457891
0.79584301	2.8762655	0.068204492	0.0018455869
0.79730999	2.699435	0.064155355	0.0018453847
0.79877698	2.8270299	0.066663109	0.001845132
0.80024397	2.8354928	0.06729418	0.0018449299
0.80171096	2.8043478	0.066202238	0.0018447277
0.80317795	2.8082039	0.066108949	0.0018444749
0.80464494	2.8132734	0.066711485	0.0018442728
0.80611193	2.8120468	0.066402607	0.0018440707
0.80757892	2.8713808	0.067747504	0.0018438686
0.80904591	2.8854918	0.068023518	0.0018436159
0.8105129	2.870044	0.067341529	0.0018434138
0.81197989	2.8699777	0.067789271	0.0018431612
0.81344688	2.8987272	0.068184145	0.0018430096
0.81491387	2.8133919	0.065903388	0.0018427571
0.81638086	2.8420763	0.066776946	0.001842555
0.81784785	2.8365331	0.066426955	0.0018423024
0.81931484	2.8844883	0.067642763	0.0018421215
0.82078189	2.8020949	0.06578318	0.0018418983
0.82224888	2.940011	0.068964437	0.0018416458
0.82371587	2.9007676	0.0679131	0.0018414438
0.82518286	2.9111111	0.067766435	0.0018411913
0.82664984	2.8309629	0.066206582	0.0018409893
0.82811683	2.8698742	0.067098275	0.0018407872
0.82958382	2.858465	0.066685632	0.0018405853
0.83105081	2.7774177	0.064549245	0.0018403329
0.8325178	2.8738444	0.067007929	0.0018401309
0.83398479	2.9507928	0.068990111	0.0018398785
0.83545178	2.9486339	0.068920948	0.0018396765
0.83691877	2.8281417	0.065533817	0.0018394241
0.83838576	2.9004307	0.067281559	0.0018392222
0.83985275	2.8546042	0.066235937	0.0018390203
0.84131974	2.8705502	0.066659838	0.0018387679
0.84278673	2.8517723	0.066080861	0.001838566
0.84425372	2.8845947	0.066824056	0.0018383641
0.84572071	2.9396551	0.068227954	0.0018381118
0.8471877	2.8925707	0.066865891	0.0018378594
0.84865469	2.974138	0.069028273	0.0018376575
0.85012168	2.8205945	0.06497582	0.0018374053
0.85158867	2.8637822	0.066182077	0.0018372034
0.85305566	2.9208288	0.067321151	0.0018370016
0.85452265	2.9692798	0.068329155	0.0018367494
0.85598963	2.9281185	0.067310303	0.0018364971
0.85745662	2.8845339	0.066378541	0.0018362952
0.85892361	2.8962767	0.066790923	0.0018360642
0.86039066	2.8844516	0.066553645	0.0018358412
0.86185765	2.8946259	0.066435665	0.0018355891
0.86332464	2.9710526	0.068154141	0.0018353873
0.86479163	2.947479	0.067542523	0.0018351352
0.86625862	2.8909953	0.066334434	0.001834883
0.86772561	2.8888307	0.066146106	0.0018346813
0.8691926	3	0.068781927	0.0018344795
0.87065959	2.9532709	0.067287266	0.0018342274
0.87212658	2.9100888	0.066528991	0.0018339753
0.87359357	2.9190753	0.066908762	0.0018337232
0.87506056	2.9157007	0.066919856	0.0018335215
0.87652755	2.9482403	0.067068733	0.0018333198
0.87799454	2.9187791	0.066381022	0.0018330677
0.87946153	2.9715173	0.067615703	0.0018328157
0.88092852	2.8827801	0.065646879	0.0018325637
0.88239551	2.8984456	0.065969884	0.001832362
0.8838625	2.9251807	0.066441119	0.00183211
0.88532948	2.9607439	0.067283578	0.0018319084
0.88679647	2.9099379	0.066196956	0.0018316564
0.88826346	2.9866393	0.067697056	0.0018314044
0.88973045	2.9809964	0.067552187	0.0018312029
0.89119744	2.9695718	0.067431822	0.001830951
0.89266443	2.9969294	0.067791529	0.0018306989
0.89413142	3.0359159	0.068761475	0.0018304974
0.89559841	3.0156486	0.067748368	0.0018302455
0.8970654	3.0123458	0.068315215	0.0018299936
0.89853239	2.9770992	0.067154221	0.0018298134
0.89999944	3.0250895	0.068445973	0.0018294898
0.90146643	3.0582228	0.069107242	0.001829238
0.90293342	3.0207911	0.068018265	0.0018290365
0.90440041	3.0477867	0.068350159	0.0018287847
0.9058674	3.0471842	0.068630517	0.0018285832
0.90733439	3.0101316	0.06774465	0.0018283314
0.90880138	3.0827029	0.069220066	0.0018280796
0.91026837	3.0453629	0.068364255	0.0018278279
0.91173536	3.0953095	0.069137961	0.0018276264
0.91320235	3.0743175	0.069119312	0.0018273747
0.91466933	2.9904089	0.067181416	0.0018271229
0.91613632	3.0834591	0.06913241	0.0018268712
0.91760331	3.1045001	0.069412932	0.0018266698
0.9190703	3.0866063	0.069255225	0.0018263678
0.92053729	3.0459032	0.067664258	0.0018261161
0.92200428	3.0481687	0.068272598	0.0018259147
0.92347127	3.1163943	0.069350064	0.001825663
0.92493826	3.1484063	0.070254371	0.0018254115
0.92640525	3.271153	0.072758287	0.0018251598
0.92787224	3.1218905	0.069627583	0.0018249082
0.92933923	3.1393034	0.070015915	0.0018247069
0.93080622	3.1281033	0.069696754	0.0018244049
0.93227321	3.1605301	0.070020765	0.0018242038
0.9337402	3.1156127	0.069246978	0.0018239522
0.93520719	3.2518446	0.072115123	0.0018236503
0.93667418	3.1958354	0.071153179	0.001823449
0.93814117	3.1597087	0.069610573	0.0018231976
0.93960816	3.2226028	0.07127361	0.0018229673
0.94107521	3.2177777	0.071500182	0.0018226946
0.9425422	3.1228585	0.069084451	0.0018224431
0.94400918	3.1495602	0.069624335	0.0018221915
0.94547617	3.1556211	0.069912337	0.0018219402
0.94694316	3.2498786	0.07157997	0.0018216887
0.94841015	3.3092585	0.072852992	0.0018214373
0.94987714	3.2496386	0.071333021	0.0018211858
0.95134413	3.2581747	0.071972512	0.0018209345
0.95281112	3.1993227	0.070364639	0.0018207333
0.95427811	3.2544494	0.071370155	0.0018204317
0.9557451	3.1900387	0.070143335	0.0018201803
0.95721209	3.2195945	0.070724659	0.0018199793
0.95867908	3.2880619	0.072281539	0.0018197279
0.96014607	3.3080249	0.072510451	0.0018194263
0.96161306	3.3151863	0.072441339	0.0018192253
0.96308005	3.3231211	0.072701357	0.0018189237
0.96454704	3.3047025	0.072385475	0.0018186725
0.96601403	3.2837968	0.071892858	0.0018184212
0.96748102	3.276535	0.071477205	0.00181817
0.96894801	3.2718675	0.071139067	0.0018179187
0.970415	3.256057	0.070963159	0.0018176675
0.97188199	3.383594	0.073673427	0.0018174164
0.97334898	3.3553202	0.073617622	0.0018171652
0.97481596	3.3154902	0.072155789	0.001816914
0.97628295	3.4160724	0.07448633	0.0018166126
0.97774994	3.3449085	0.072453953	0.0018163614
0.97921693	3.3741176	0.073189571	0.0018161318
0.98068398	3.3736992	0.073370472	0.0018158592
0.98215097	3.4121242	0.073961876	0.0018156081
0.98361796	3.4238162	0.074127987	0.001815357
0.98508495	3.4586642	0.07474266	0.001815106
0.98655194	3.4031954	0.073768288	0.0018148047
0.98801893	3.4467483	0.074817754	0.0018145536
0.98948592	3.3986046	0.073290639	0.0018143026
0.99095291	3.3881299	0.073527813	0.0018140516
0.9924199	3.4061923	0.073216185	0.0018138007
0.99388689	3.4363043	0.074225098	0.0018135497
0.99535388	3.3832252	0.072823845	0.0018132987
0.99682087	3.3807297	0.073109768	0.0018129975
0.99828786	3.4882867	0.074756943	0.0018127466
0.99975485	3.4632115	0.074493989	0.0018125672
1.0012219	3.4910097	0.074953124	0.0018121946
1.0026889	3.471185	0.074527599	0.0018119939
1.0041559	3.4792733	0.075083323	0.0018116928
1.0056229	3.5519302	0.076138556	0.0018114921
1.0070899	3.5128794	0.075335868	0.0018110907
1.0085568	3.5125513	0.075036101	0.0018108902
1.0100238	3.4926605	0.074799262	0.0018105891
1.0114908	3.5569272	0.076053865	0.0018103885
1.0129578	3.5227687	0.075168833	0.0018100876
1.0144248	3.5617001	0.076138467	0.0018098869
1.0158918	3.5123513	0.075117417	0.0018095861
1.0173588	3.6616983	0.077815488	0.0018092851
1.0188258	3.5198359	0.075157493	0.0018090846
1.0202928	3.5777979	0.076308399	0.0018087837
1.0217597	3.5606334	0.075735904	0.0018084829
1.0232267	3.6134529	0.076513834	0.0018081821
1.0246937	3.6078875	0.076810651	0.0018079815
1.0261607	3.5892134	0.076086052	0.0018077811
1.0276277	3.6677201	0.077925764	0.0018074802
1.0290947	3.5858812	0.076032624	0.0018071795
1.0305617	3.6252811	0.076885	0.0018068787
1.0320287	3.645422	0.077225469	0.0018066783
1.0334957	3.6634059	0.077243648	0.0018063775
1.0349627	3.7020226	0.078477554	0.001806077
1.0364296	3.6425686	0.07718274	0.0018057763
1.0378966	3.7441137	0.078910023	0.0018055759
1.0393636	3.7314234	0.078941062	0.0018052752
1.0408306	3.7840502	0.080090605	0.0018049746
1.0422976	3.707231	0.07783965	0.001804674
1.0437646	3.69484	0.077923678	0.0018044737
1.0452316	3.7078502	0.078302756	0.0018041732
1.0466986	3.7324252	0.078230821	0.0018038726
1.0481656	3.7573369	0.078632116	0.0018036723
1.0496325	3.7247016	0.078292876	0.0018033718
1.0510995	3.6934984	0.077671215	0.0018030714
1.0525665	3.868351	0.081438668	0.001802771
1.0540335	3.859334	0.080784492	0.0018025707
1.0555005	3.7690942	0.079419062	0.0018022703
1.0569675	3.8384147	0.080101289	0.0018019699
1.0584345	3.8194866	0.07965444	0.0018016695
1.0599015	3.7746294	0.078804269	0.0018014692
1.0613685	3.8884008	0.081500076	0.0018012691
1.0628355	3.8734782	0.080763035	0.0018008687
1.0643024	3.8447528	0.080059536	0.0018005684
1.0657694	3.912967	0.082033247	0.0018003682
1.0672364	3.8951683	0.080899112	0.0018001681
1.0687034	3.9264388	0.081671819	0.0017997677
1.0701704	3.8801579	0.081291892	0.0017995676
1.0716374	3.8624728	0.080445632	0.0017991674
1.0731044	3.8903754	0.080817044	0.0017989672
1.0745714	3.8920894	0.080696031	0.001798667
1.0760384	3.9304721	0.081421867	0.001798467
1.0775054	3.9798455	0.0824093	0.0017981669
1.0789723	4.0107851	0.083300255	0.00179791
1.0804394	3.9930975	0.082933135	0.0017975667
1.0819064	3.9519763	0.081466258	0.0017972667
1.0833734	4.0315294	0.083212741	0.0017970667
1.0848404	3.9926913	0.082781829	0.0017967665
1.0863074	3.9898219	0.082159385	0.0017963665
1.0877744	4.0269575	0.083295897	0.0017961666
1.0892414	4.069169	0.083563641	0.0017958666
1.0907084	4.0852513	0.084339164	0.0017956666
1.0921754	4.0902543	0.084191717	0.0017953668
1.0936424	4.1223202	0.084512345	0.0017950669
1.0951093	4.0861998	0.08419764	0.001794767
1.0965763	4.126111	0.084876187	0.0017944671
1.0980433	4.1761007	0.0855074	0.0017942672
1.0995103	4.0869198	0.08394558	0.0017938674
1.1009773	4.1290321	0.08450824	0.0017935677
1.1024443	4.1003766	0.083851516	0.0017932679
1.1039113	4.1364207	0.084482506	0.001793068
1.1053783	4.1004643	0.08424174	0.0017927684
1.1068453	4.1497083	0.084736399	0.0017924686
1.1083122	4.1317539	0.084229335	0.0017921689
1.1097792	4.2898369	0.08772596	0.0017918693
1.1112462	4.2335405	0.086143412	0.0017915696
1.1127132	4.154357	0.084619723	0.0017913699
1.1141802	4.2730279	0.0868394	0.0017910702
1.1156472	4.2352452	0.086339347	0.0017906708
1.1171142	4.1508656	0.084269717	0.001790471
1.1185812	4.2356324	0.085813835	0.0017901715
1.1200482	4.2504134	0.086397395	0.001789872
1.1215152	4.2284431	0.085475355	0.0017896723
1.1229821	4.3568192	0.088432811	0.001789273
1.1244491	4.3983436	0.089497104	0.0017890733
1.1259161	4.3103309	0.087095365	0.001788674
1.1273831	4.3189831	0.087448873	0.0017884744
1.1288501	4.3426003	0.087800913	0.0017881751
1.1303171	4.3569407	0.087644145	0.0017877759
1.1317841	4.3625255	0.088042147	0.0017875762
1.1332511	4.359724	0.087842546	0.0017872769
1.1347181	4.4214168	0.08921247	0.0017869776
1.1361851	4.4132199	0.088866517	0.0017866783
1.137652	4.4229074	0.088506773	0.001786379
1.139119	4.4110479	0.088894777	0.0017861795
1.140586	4.4859552	0.089858674	0.0017857805
1.142053	4.4193807	0.088613853	0.0017854813
1.14352	4.4426765	0.089732677	0.0017852818
1.144987	4.4581008	0.089050673	0.001784883
1.146454	4.4100919	0.088250719	0.0017845838
1.147921	4.527317	0.091071755	0.0017842846
1.149388	4.555644	0.090818524	0.0017840852
1.1508549	4.6031938	0.091967516	0.0017837861
1.1523219	4.6678658	0.093315817	0.001783487
1.1537889	4.6221604	0.092273057	0.001783188
1.1552559	4.5628481	0.090998434	0.0017827892
1.1567229	4.602778	0.091685295	0.0017825899
1.1581899	4.7190213	0.09374097	0.001782291
1.1596569	4.6392603	0.092011206	0.0017820357
1.161124	4.6845851	0.093130402	0.0017816931
1.162591	4.6158395	0.091618732	0.0017813941
1.164058	4.704618	0.093863145	0.0017810953
1.165525	4.6648307	0.09251827	0.0017806968
1.1669919	4.6792898	0.092933342	0.0017804975
1.1684589	4.7335167	0.093770206	0.0017801987
1.1699259	4.645752	0.091708079	0.0017798998
1.1713929	4.7386365	0.093798026	0.0017796011
1.1728599	4.812232	0.09497609	0.0017792027
1.1743269	4.8062501	0.09498769	0.001778904
1.1757939	4.7751269	0.09442772	0.0017787048
1.1772609	4.8430839	0.095325567	0.0017784061
1.1787279	4.9419727	0.097196698	0.0017781074
1.1801949	4.7612576	0.093806028	0.0017778088
1.1816618	4.8519673	0.095760643	0.0017775102
1.1831288	4.8271604	0.094810203	0.0017772114
1.1845958	4.8875484	0.096406274	0.0017769129
1.1860628	4.9194736	0.096791692	0.0017766143
1.1875298	4.9716258	0.097347915	0.0017763157
1.1889968	4.9241247	0.097127967	0.0017760172
1.1904638	4.9142418	0.096150674	0.0017756192
1.1919308	5.0271201	0.098246366	0.0017753207
1.1933978	5.041635	0.098530196	0.0017750222
1.1948647	5.013072	0.098291628	0.0017747239
1.1963317	5.065599	0.098922938	0.001774326
1.1977987	5.0994625	0.099927701	0.0017740276
1.1992657	5.0229535	0.098240063	0.0017737292
1.2007327	5.1933889	0.10122553	0.0017734308
1.2021997	5.0791965	0.098868698	0.001773232
1.2036667	5.2024493	0.10177028	0.0017729336
1.2051337	5.157197	0.10036787	0.001772536
1.2066007	5.0634255	0.098673753	0.0017723371
1.2080677	5.1922345	0.10129964	0.0017720389
1.2095346	5.1754055	0.10051306	0.0017716413
1.2110016	5.2368917	0.10170744	0.0017713431
1.2124686	5.2036338	0.1012334	0.0017710449
1.2139356	5.2190332	0.10141785	0.0017706474
1.2154026	5.2136974	0.10085813	0.0017703493
1.2168696	5.2266364	0.10166153	0.0017701506
1.2183366	5.2658939	0.10182988	0.0017698525
1.2198036	5.2550564	0.10169621	0.0017695545
1.2212706	5.374577	0.10422414	0.001769157
1.2227376	5.3694763	0.10346606	0.001768859
1.2242045	5.3901529	0.10409665	0.0017685611
1.2256715	5.3694763	0.10346605	0.0017681638
1.2271385	5.4332089	0.1049476	0.0017678658
1.2286055	5.4523544	0.10498498	0.0017675679
1.2300725	5.3827715	0.10416796	0.0017673693
1.2315395	5.4873605	0.1057965	0.0017670714
1.2330065	5.4653573	0.10519627	0.0017666743
1.2344735	5.5237741	0.10645907	0.0017663765
1.2359405	5.5137138	0.10614704	0.0017660788
1.2374074	5.5907421	0.10715456	0.001765781
1.2388744	5.6308823	0.10796346	0.0017655273
1.2403415	5.5550222	0.10674465	0.0017650862
1.2418085	5.6296568	0.10758469	0.0017647885
1.2432755	5.6635995	0.1086505	0.0017644909
1.2447425	5.6281815	0.10809077	0.0017641932
1.2462095	5.6082816	0.10735276	0.0017638955
1.2476765	5.7099013	0.10913792	0.0017634988
1.2491435	5.7318764	0.10939845	0.0017632012
1.2506105	5.6955409	0.10888354	0.0017629036
1.2520775	5.7692027	0.11007093	0.0017626061
1.2535444	5.6692057	0.10796656	0.0017622093
1.2550114	5.7050438	0.10906509	0.0017619119
1.2564784	5.8035126	0.11100842	0.0017616145
1.2579454	5.8611712	0.11144064	0.001761317
1.2594124	5.8548093	0.11154155	0.0017610196
1.2608794	5.826972	0.11109205	0.0017607221
1.2623464	5.8769007	0.11182061	0.0017604248
1.2638134	5.8375268	0.11067155	0.0017601275
1.2652804	5.9304662	0.11227226	0.001759731
1.2667474	5.9769616	0.11339664	0.0017593346
1.2682143	5.9842687	0.11314914	0.0017591364
1.2696813	5.9254589	0.11243979	0.0017588392
1.2711483	6.037961	0.11480226	0.0017584428
1.2726153	6.0731621	0.11472733	0.0017581456
1.2740823	6.0544996	0.11464125	0.0017578485
1.2755493	6.1013155	0.11503379	0.0017575513
1.2770163	6.1270976	0.1157672	0.0017571552
1.2784833	6.0761023	0.11457872	0.001756759
1.2799503	6.0878258	0.1150249	0.0017564619
1.2814173	6.2002826	0.11652757	0.0017561649
1.2828842	6.1058865	0.11567637	0.0017558679
1.2843512	6.115808	0.11526617	0.0017554719
1.2858182	6.1343179	0.11502407	0.0017552739
1.2872852	6.1737423	0.1166067	0.001754878
1.2887522	6.1782808	0.11619607	0.001754581
1.2902192	6.3075309	0.11804401	0.0017542841
1.2916862	6.3060937	0.11834893	0.0017538882
1.2931532	6.3407331	0.11902025	0.0017535914
1.2946202	6.3150349	0.11808103	0.0017532946
1.2960871	6.3053784	0.11860755	0.0017528988
1.2975541	6.4162598	0.11984804	0.0017526021
1.2990211	6.3306451	0.11853871	0.0017523053
1.3004881	6.3485913	0.11912586	0.0017519096
1.3019551	6.4409313	0.12005818	0.001751613
1.3034221	6.2937913	0.11721359	0.0017513162
1.3048891	6.4236403	0.11994432	0.0017510196
1.3063561	6.3904729	0.11915873	0.001750624
1.3078231	6.4065323	0.11941671	0.0017503275
1.3092901	6.4668517	0.12047839	0.0017500309
1.310757	6.4963703	0.12077703	0.0017496356
1.312224	6.5564432	0.12218985	0.0017494378
1.313691	6.454071	0.12038655	0.0017489436
1.315158	6.5445476	0.12137942	0.0017486472
1.316625	6.5779467	0.12229382	0.0017483507
1.318092	6.5628662	0.12180302	0.0017480543
1.319559	6.5932202	0.12262011	0.0017477035
1.3210261	6.5118518	0.12069008	0.0017473627
1.3224931	6.5524068	0.12106787	0.0017470664
1.3239601	6.6028609	0.12185462	0.0017466713
1.3254271	6.5709376	0.12178501	0.0017463749
1.326894	6.6313095	0.12246306	0.0017460786
1.328361	6.6926231	0.12367985	0.0017456836
1.329828	6.6197524	0.12279501	0.0017452887
1.331295	6.5688009	0.12122577	0.0017450913
1.332762	6.6122036	0.12173712	0.0017446963
1.334229	6.6449642	0.12236099	0.0017444002
1.335696	6.7280083	0.12351391	0.0017440054
1.337163	6.7165704	0.1238898	0.0017437093
1.33863	6.7366285	0.1239438	0.0017434132
1.340097	6.7055025	0.12358038	0.0017430185
1.3415639	6.6912456	0.12277655	0.0017427225
1.3430309	6.6352305	0.12176955	0.0017423278
1.3444979	6.7082772	0.12304807	0.0017420319
1.3459649	6.7088394	0.12322415	0.001741736
1.3474319	6.7472973	0.1240142	0.0017413413
1.3488989	6.6742625	0.12217742	0.0017409469
1.3503659	6.6717224	0.12248024	0.001740651
1.3518329	6.6088991	0.12087967	0.0017403552
1.3532999	6.8236275	0.12447457	0.0017400593
1.3547668	6.6576033	0.12197485	0.0017396649
1.3562338	6.7330451	0.12276075	0.0017393692
1.3577008	6.8057866	0.12410782	0.0017389749
1.3591678	6.6973948	0.12239598	0.0017386792
1.3606348	6.705204	0.12168831	0.0017383836
1.3621018	6.7488341	0.12317164	0.0017380879
1.3635688	6.7411337	0.12272478	0.0017375952
1.3650358	6.8581748	0.12425999	0.0017372996
1.3665028	6.8209896	0.1243024	0.001737004
1.3679698	6.6542149	0.1209821	0.00173661
1.3694367	6.8197427	0.12390983	0.0017363145
1.3709037	6.7075906	0.12185179	0.0017359204
1.3723707	6.7442546	0.12219576	0.001735625
1.3738377	6.7824664	0.12266695	0.0017352311
1.3753047	6.7777777	0.12270243	0.0017349357
1.3767717	6.7198038	0.12157339	0.0017346403
1.3782387	6.8212252	0.12480509	0.0017342465
1.3797057	6.6958122	0.12255143	0.0017338528
1.3811727	6.7203388	0.12372778	0.0017335574
1.3826396	6.6725907	0.1233514	0.0017332622
1.3841066	6.622344	0.12259012	0.0017328685
1.3855736	6.627707	0.12287909	0.0017325734
1.3870406	6.6475525	0.12429842	0.0017321798
1.3885076	6.628036	0.12345942	0.0017318845
1.3899746	6.6357894	0.12429606	0.0017314911
1.3914416	6.6059442	0.12352017	0.0017310976
1.3929086	6.6489139	0.12445439	0.0017308026
1.3943756	6.6590023	0.12523723	0.0017305075
1.3958426	6.7318377	0.12703454	0.0017301141
1.3973095	6.5721889	0.12377965	0.0017297207
1.3987765	6.5428572	0.12364449	0.0017295692
1.4002436	6.5970201	0.12424729	0.0017290326
1.4017106	6.5815449	0.12446458	0.0017287377
1.4031776	6.5788908	0.1244368	0.0017284427
1.4046446	6.5300469	0.12386777	0.0017280496
1.4061116	6.5520229	0.12453129	0.0017276566
1.4075786	6.5742469	0.12450478	0.0017273617
1.4090456	6.4568257	0.12221544	0.0017270669
1.4105126	6.4776931	0.12336387	0.0017266739
1.4119796	6.6039104	0.12565382	0.001726281
1.4134465	6.6066642	0.12572895	0.0017259864
1.4149135	6.4846601	0.12392417	0.0017256917
1.4163805	6.4218011	0.12261134	0.0017252006
1.4178475	6.3878589	0.12178556	0.001724906
1.4193145	6.4943452	0.12404162	0.0017245132
1.4207815	6.3870616	0.12210395	0.0017242187
1.4222485	6.3974266	0.12266114	0.0017239242
1.4237155	6.2660317	0.1199435	0.0017235315
1.4251825	6.4267888	0.12311114	0.0017232371
1.4266495	6.3407273	0.12090901	0.0017228444
1.4281164	6.3757353	0.12224528	0.0017224519
1.4295834	6.3441582	0.12256684	0.0017221576
1.4310504	6.2209172	0.11916718	0.0017217651
1.4325174	6.3251286	0.12123037	0.0017213727
1.4339844	6.22366	0.11965975	0.0017209803
1.4354514	6.2215261	0.11944194	0.001720686
1.4369184	6.2924914	0.1216141	0.0017202938
1.4383854	6.2110944	0.11983956	0.0017199995
1.4398524	6.1880784	0.11906343	0.0017196073
1.4413193	6.1703954	0.11914317	0.0017193131
1.4427863	6.1813126	0.11902159	0.001718921
1.4442533	6.1544476	0.11872464	0.0017186269
1.4457203	6.1037064	0.11809789	0.0017182349
1.4471873	6.0827122	0.11740607	0.0017179408
1.4486543	6.1681647	0.11936746	0.0017175488
1.4501213	6.1407242	0.11863643	0.0017171568
1.4515883	6.02459	0.11628415	0.0017168629
1.4530553	6.0864801	0.11827458	0.0017164709
1.4545223	6.0675673	0.11755239	0.0017160792
1.4559892	6.0196447	0.11699811	0.0017156873
1.4574562	6.0480804	0.11675956	0.0017153935
1.4589232	6.0116367	0.11646891	0.0017150018
1.4603902	5.9330053	0.11542314	0.0017147081
1.4618572	5.8427391	0.11332433	0.0017143163
1.4633242	5.9612637	0.11560167	0.0017140226
1.4647912	5.9356899	0.11510553	0.0017136311
1.4662582	5.8906426	0.11418905	0.0017132396
1.4677252	5.9067378	0.11523981	0.0017129459
1.4691921	5.8366728	0.11348443	0.0017124566
1.4706591	5.7948141	0.11233144	0.0017122609
1.4721261	5.8614049	0.11390089	0.0017117717
1.4735931	5.7655482	0.11193226	0.0017114782
1.4750601	5.79916	0.11331335	0.0017110868
1.4765271	5.7088413	0.11144216	0.0017107935
1.4779941	5.7376742	0.11130735	0.0017104022
1.4794611	5.7460256	0.11178551	0.0017100566
1.4809282	5.6953716	0.11092591	0.0017097177
1.4823952	5.5795326	0.10923056	0.0017093266
1.4838622	5.6758909	0.11050471	0.0017089356
1.4853292	5.6209769	0.10937344	0.0017085446
1.4867961	5.5456967	0.10821593	0.0017081535
1.4882631	5.5510516	0.10854822	0.0017078604
1.4897301	5.5698924	0.10914648	0.0017074695
1.4911971	5.5348043	0.1079419	0.0017071763
1.4926641	5.464654	0.10681774	0.0017067855
1.4941311	5.4950457	0.10726885	0.0017063947
1.4955981	5.4878235	0.10704596	0.001706004
1.4970651	5.5269804	0.10811882	0.001705711
1.4985321	5.4894676	0.10742614	0.0017053203
1.499999	5.3993096	0.10574272	0.0017050274
1.501466	5.4045715	0.10548238	0.0017046368
1.502933	5.3502302	0.10484195	0.0017042463
1.5044	5.4683886	0.10736352	0.0017039534
1.505867	5.4001527	0.10551656	0.0017035629
1.507334	5.3137107	0.10355092	0.0017031726
1.508801	5.2871442	0.10372508	0.0017027822
1.510268	5.230092	0.10233051	0.0017023919
1.511735	5.2250581	0.10274446	0.0017020991
1.513202	5.2073731	0.10204223	0.0017017089
1.5146689	5.2888212	0.10330156	0.0017013187
1.5161359	5.2868156	0.10379867	0.0017010261
1.5176029	5.2620687	0.10299534	0.001700636
1.5190699	5.1248074	0.1005789	0.0017002459
1.5205369	5.2040815	0.10211501	0.0016998559
1.5220039	5.1509218	0.10093606	0.0016994659
1.5234709	5.1404257	0.10109973	0.0016991734
1.5249379	5.1635318	0.10116376	0.0016987835
1.5264049	5.0754061	0.099801816	0.0016983936
1.5278718	5.1303682	0.10045607	0.0016980038
1.5293388	4.976861	0.097731613	0.001697614
1.5308058	5.0990677	0.1005005	0.0016973217
1.5322728	5.0390205	0.098554045	0.001696932
1.5337398	5.0174351	0.098757289	0.0016965424
1.5352068	5.0227976	0.09872891	0.0016962502
1.5366738	4.9180455	0.096465148	0.0016957632
1.5381408	4.9167962	0.096945457	0.001695471
1.5396078	4.9313126	0.09659522	0.0016950816
1.5410748	4.9638977	0.097798139	0.0016947894
1.5425417	4.9043007	0.09653037	0.0016943027
1.5440087	4.8832879	0.096153922	0.0016939134
1.5454757	4.851593	0.095622554	0.0016936214
1.5469427	4.8831615	0.095414363	0.0016932321
1.5484097	4.8055229	0.094769813	0.0016927455
1.5498767	4.8140526	0.094846003	0.0016924536
1.5513437	4.8359194	0.095239848	0.0016921618
1.5528107	4.8187814	0.09492062	0.0016916754
1.5542777	4.7039042	0.092478298	0.0016912863
1.5557446	4.7951012	0.094545618	0.0016909946
1.5572116	4.761425	0.09369982	0.0016906057
1.5586786	4.7144508	0.092542835	0.0016902627
1.5601457	4.7325039	0.093311645	0.0016898278
1.5616127	4.712275	0.093166485	0.0016894389
1.5630797	4.7025146	0.092486858	0.0016891473
1.5645467	4.7003498	0.09265957	0.0016886614
1.5660137	4.6185489	0.09097632	0.0016883699
1.5674807	4.604353	0.090767026	0.0016879812
1.5689477	4.5109806	0.089326441	0.0016875926
1.5704147	4.6100655	0.090354279	0.0016873012
1.5718817	4.63767	0.091388583	0.0016868155
1.5733486	4.6169133	0.091138713	0.0016865241
1.5748156	4.5677671	0.090010911	0.0016860386
1.5762826	4.5263567	0.089437895	0.0016857473
1.5777496	4.5223646	0.089185402	0.0016853589
1.5792166	4.5842128	0.09061671	0.0016849706
1.5806836	4.5419254	0.089484073	0.0016846793
1.5821506	4.5524988	0.089605756	0.0016841941
1.5836176	4.4401407	0.0878205	0.0016839029
1.5850846	4.4155641	0.087096103	0.0016834177
1.5865515	4.4705653	0.08826676	0.0016830297
1.5880185	4.412951	0.086892471	0.0016826416
1.5894855	4.3631372	0.086398832	0.0016823506
1.5909525	4.4564962	0.08802323	0.0016819626
1.5924195	4.293406	0.084801801	0.0016815747
1.5938865	4.3957529	0.086369686	0.0016812838
1.5953535	4.4307394	0.087395214	0.0016808959
1.5968205	4.3792024	0.086581193	0.0016804113
1.5982875	4.368196	0.086128086	0.0016800235
1.5997545	4.2467737	0.083978936	0.0016797327
1.6012214	4.3031955	0.084945425	0.001679345
1.6026884	4.2264442	0.083219796	0.0016789575
1.6041554	4.2900705	0.084818952	0.001678473
1.6056224	4.3292923	0.085610934	0.0016781824
1.6070894	4.2804689	0.084595799	0.0016777948
1.6085564	4.2135358	0.083094634	0.0016774074
1.6100234	4.2243538	0.083584748	0.0016770201
1.6114904	4.1455178	0.08165817	0.0016766328
1.6129574	4.2989001	0.085193388	0.0016762455
1.6144243	4.2350178	0.083812237	0.001675955
1.6158913	4.13661	0.081372127	0.0016755678
1.6173583	4.0666666	0.080527708	0.0016750839
1.6188253	4.2175097	0.083189078	0.0016746968
1.6202923	4.1487279	0.082072154	0.0016744065
1.6217593	4.1642661	0.08215481	0.0016740195
1.6232263	4.0809956	0.081113942	0.0016735358
1.6246933	4.0267963	0.079349935	0.0016731488
1.6261603	4.0891671	0.08086241	0.001672762
1.6276273	4.0934434	0.081105888	0.0016723751
1.6290942	4.1105509	0.080953255	0.001672085
1.6305612	4.1109815	0.08111953	0.0016716983
1.6320282	3.9668875	0.078291312	0.0016713116
1.6334952	4.0384617	0.080000535	0.0016709249
1.6349622	3.9716065	0.078323364	0.0016704417
1.6364292	3.9114072	0.077437937	0.0016701518
1.6378962	4.008604	0.079269044	0.0016697652
1.6393632	4.0254402	0.079632804	0.0016694254
1.6408303	3.9313304	0.077649891	0.0016689923
1.6422973	3.9607463	0.078078963	0.0016685094
1.6437643	3.9144092	0.077558026	0.0016682197
1.6452312	3.9116843	0.077322215	0.0016678334
1.6466982	3.978065	0.07872685	0.0016674472
1.6481652	3.9088795	0.0769668	0.001667061
1.6496322	3.930748	0.078189604	0.0016666749
1.6510992	3.8485203	0.075940073	0.0016661923
1.6525662	3.8941779	0.07723327	0.0016658063
1.6540332	3.8502529	0.075929984	0.0016655168
1.6555002	3.8287725	0.075697906	0.0016650343
1.6569672	3.825098	0.075743854	0.0016647449
1.6584342	3.7839	0.074796274	0.001664359
1.6599011	3.8490419	0.07611376	0.0016638768
1.6613681	3.7707927	0.074508294	0.0016635875
1.6628351	3.8437624	0.076248325	0.0016632017
1.6643021	3.7634366	0.074537329	0.001662816
1.6657691	3.8140447	0.07553982	0.0016623341
1.6672361	3.7700348	0.074175298	0.0016619485
1.6687031	3.658412	0.072528347	0.0016616593
1.6701701	3.6742365	0.072699443	0.0016611775
1.6716371	3.726218	0.073270373	0.0016607922
1.673104	3.7630444	0.074529521	0.0016605031
1.674571	3.6041503	0.071312681	0.0016600215
1.676038	3.6680984	0.072478801	0.0016596362
1.677505	3.7005472	0.073162697	0.0016592509
1.678972	3.6190102	0.071719125	0.0016587694
1.680439	3.6416049	0.071871139	0.0016583843
1.681906	3.654531	0.072694764	0.0016580955
1.683373	3.6007752	0.070885904	0.0016577105
1.68484	3.5960109	0.07110963	0.0016573255
1.686307	3.5340109	0.06987004	0.0016569406
1.6877739	3.5264592	0.069557637	0.0016564595
1.6892409	3.5393608	0.069866508	0.0016560747
1.6907079	3.6205409	0.071678989	0.0016556899
1.6921749	3.5776031	0.070912108	0.0016553052
1.6936419	3.5719845	0.070455648	0.0016549204
1.6951089	3.5119281	0.069446921	0.0016545358
1.6965759	3.5089843	0.069348082	0.0016541512
1.6980429	3.6282001	0.072000064	0.0016536706
1.6995099	3.4814241	0.068483196	0.001653286
1.7009768	3.5717666	0.070922196	0.0016529977
1.7024438	3.554297	0.070243776	0.0016526133
1.7039108	3.428179	0.067910224	0.0016521328
1.7053778	3.436307	0.067819089	0.0016517485
1.7068448	3.5255907	0.069950014	0.0016513644
1.7083118	3.4572098	0.068338335	0.0016509801
1.7097788	3.3901205	0.066855192	0.001650596
1.7112458	3.3773954	0.066786364	0.0016501159
1.7127128	3.3905764	0.066903643	0.0016498278
1.7141798	3.4077103	0.067241676	0.0016494439
1.7156467	3.4518025	0.068324633	0.0016489639
1.7171137	3.3898239	0.067058444	0.001648676
1.7185807	3.3906615	0.066879317	0.0016482434
1.7200478	3.4097331	0.067545079	0.0016478124
1.7215148	3.3241651	0.065888435	0.0016474286
1.7229818	3.4329858	0.067465007	0.0016470449
1.7244488	3.3011718	0.065240942	0.0016466613
1.7259158	3.301482	0.06519606	0.0016462777
1.7273828	3.3014019	0.065143622	0.0016457982
1.7288498	3.3066928	0.06560649	0.0016454147
1.7303168	3.3244495	0.065331824	0.0016450313
1.7317837	3.3173795	0.06570226	0.0016446479
1.7332507	3.3668616	0.066474244	0.0016442646
1.7347177	3.2399843	0.064207122	0.0016437855
1.7361847	3.3085892	0.065222137	0.0016434023
1.7376517	3.3090551	0.065653697	0.001643019
1.7391187	3.2384467	0.063814446	0.0016425401
1.7405857	3.2413793	0.06415917	0.0016422528
1.7420527	3.2288401	0.063911103	0.0016418698
1.7435197	3.2756362	0.064310513	0.0016414868
1.7449867	3.2030575	0.063413322	0.0016410082
1.7464536	3.1339843	0.061936498	0.0016405295
1.7479206	3.2214007	0.063540258	0.0016402424
1.7493876	3.1586127	0.062350225	0.0016397639
1.7508546	3.1463892	0.062328015	0.0016393813
1.7523216	3.1492653	0.061924763	0.0016389985
1.7537886	3.2546802	0.064271912	0.001638616
1.7552556	3.1554687	0.06236105	0.0016382334
1.7567226	3.1862175	0.062687911	0.0016378509
1.7581896	3.1221702	0.061678741	0.0016374683
1.7596565	3.1337233	0.06187081	0.0016370859
1.7611235	3.1520219	0.062147386	0.001636608
1.7625905	3.1033399	0.061511394	0.0016362257
1.7640575	3.0844634	0.060709275	0.0016358434
1.7655245	3.0933852	0.061015051	0.0016354612
1.7669915	3.094996	0.061189845	0.0016349836
1.7684585	3.0360501	0.06009499	0.0016346014
1.7699255	3.0671062	0.060402669	0.0016342194
1.7713925	3.0362151	0.05991054	0.0016338374
1.7728595	3.1171241	0.061280761	0.0016333599
1.7743264	2.9984357	0.059292361	0.0016329781
1.7757934	3.0205984	0.059544597	0.0016325962
1.7772604	2.9917743	0.059206948	0.0016321191
1.7787274	3.0007758	0.059096254	0.0016317373
1.7801944	2.965544	0.058345899	0.0016313556
1.7816614	2.9965184	0.058932636	0.0016308785
1.7831284	2.9626749	0.0584139	0.001630497
1.7845954	2.8773768	0.056677151	0.0016301156
1.7860624	2.9674253	0.058782496	0.0016297341
1.7875293	2.9682662	0.058388188	0.0016293527
1.7889963	2.8879814	0.056952227	0.001628876
1.7904633	2.9312086	0.057782441	0.0016284947
1.7919303	2.8689036	0.056664158	0.0016281134
1.7933973	2.8828371	0.057061952	0.001627637
1.7948643	2.8499229	0.055973664	0.001627351
1.7963313	2.8821483	0.056650076	0.0016268747
1.7977983	2.8633177	0.056498665	0.0016264936
1.7992653	2.8397982	0.055925857	0.0016261605
1.8007324	2.8362505	0.055931989	0.0016256365
1.8021994	2.8433359	0.056126293	0.0016252557
1.8036664	2.821923	0.055338386	0.0016248749
1.8051333	2.8433268	0.055919591	0.0016244941
1.8066003	2.7996109	0.055219989	0.0016240182
1.8080673	2.7551022	0.054058976	0.0016236375
1.8095343	2.7411346	0.0544063	0.0016231618
1.8110013	2.8036809	0.054895859	0.0016227813
1.8124683	2.8062623	0.055513289	0.0016224007
1.8139353	2.8534884	0.056173433	0.0016219253
1.8154023	2.7853811	0.054918036	0.0016216399
1.8168693	2.7697368	0.054482624	0.0016211645
1.8183362	2.7248554	0.053486113	0.0016207843
1.8198032	2.7606506	0.05432526	0.001620309
1.8212702	2.7542968	0.054432191	0.0016199289
1.8227372	2.6959538	0.052918646	0.0016195488
1.8242042	2.7069299	0.053257417	0.0016190737
1.8256712	2.6912105	0.052835718	0.0016186937
1.8271382	2.6904945	0.052882772	0.0016183137
1.8286052	2.6553869	0.052365065	0.0016179339
1.8300722	2.7073917	0.052980211	0.0016174591
1.8315392	2.6648417	0.052695103	0.0016170793
1.8330061	2.7307842	0.053664211	0.0016166046
1.8344731	2.6717408	0.0527802	0.0016161301
1.8359401	2.5983827	0.050983373	0.0016158454
1.8374071	2.6216738	0.051480446	0.001615371
1.8388741	2.608295	0.051109251	0.0016149915
1.8403411	2.5704854	0.050651003	0.0016145172
1.8418081	2.6059322	0.051141601	0.0016141378
1.8432751	2.5747664	0.050804675	0.0016137585
1.8447421	2.6320395	0.051338706	0.0016133792
1.846209	2.5981309	0.051265594	0.0016129052
1.847676	2.6052833	0.050971828	0.001612526
1.849143	2.5239205	0.049772322	0.0016120522
1.85061	2.5596755	0.050301675	0.0016116732
1.852077	2.5623076	0.050246693	0.0016112941
1.853544	2.5558584	0.050421651	0.0016108205
1.855011	2.496145	0.049005721	0.0016104416
1.856478	2.503268	0.049079478	0.0016100628
1.857945	2.4671562	0.048492875	0.0016095893
1.859412	2.5343306	0.049631134	0.0016092106
1.8608789	2.4968944	0.049191497	0.0016087374
1.8623459	2.5250096	0.049335331	0.0016083588
1.8638129	2.4612417	0.048329636	0.0016079802
1.8652799	2.4599769	0.048138332	0.0016075072
1.8667469	2.4470634	0.048097663	0.0016070342
1.8682139	2.4440155	0.048019148	0.0016067504
1.8696809	2.4000001	0.04697324	0.0016062775
1.8711479	2.4594805	0.048425924	0.0016058048
1.8726149	2.4248466	0.047477797	0.0016055211
1.8740819	2.3852081	0.046809237	0.0016049539
1.8755488	2.4407818	0.04778089	0.0016046704
1.8770158	2.427357	0.047710281	0.0016041979
1.8784828	2.3604472	0.046341442	0.0016037739
1.8799499	2.3972549	0.046803281	0.0016033476
1.8814169	2.3636363	0.046288192	0.0016029697
1.8828839	2.3564053	0.046075914	0.0016024975
1.8843509	2.3554263	0.046367988	0.0016021198
1.8858179	2.3896749	0.046726778	0.0016016477
1.8872849	2.2805727	0.044859879	0.0016012702
1.8887519	2.3209069	0.045495071	0.0016007982
1.8902189	2.2844071	0.044599921	0.0016004208
1.8916858	2.340857	0.045780566	0.0016000434
1.8931528	2.2950001	0.045004457	0.001599666
1.8946198	2.3237438	0.045506977	0.0015991944
1.8960868	2.3522468	0.045898262	0.0015987228
1.8975538	2.2645137	0.044398032	0.0015983456
1.8990208	2.3142748	0.045330014	0.0015979685
1.9004878	2.2568347	0.044281412	0.0015974971
1.9019548	2.249809	0.043966051	0.0015971201
1.9034218	2.296068	0.045077614	0.0015966489
1.9048887	2.2853334	0.044600978	0.0015962721
1.9063557	2.276547	0.044488788	0.0015958953
1.9078227	2.1953275	0.0429589	0.0015953301
1.9092897	2.2249427	0.043513451	0.0015949534
1.9107567	2.2458079	0.043837979	0.0015945768
1.9122237	2.2729001	0.044307679	0.001594106
1.9136907	2.2124472	0.043360356	0.0015937295
1.9151577	2.225153	0.043501075	0.001593353
1.9166247	2.2032146	0.043096945	0.0015928824
1.9180917	2.223074	0.043518618	0.0015925061
1.9195586	2.222604	0.043425824	0.0015920358
1.9210256	2.1583364	0.042154096	0.0015916595
1.9224926	2.1814024	0.042580508	0.0015912834
1.9239596	2.1838684	0.042693485	0.0015908132
1.9254266	2.1740615	0.042332526	0.0015903432
1.9268936	2.128381	0.041537683	0.0015899672
1.9283606	2.1544313	0.042014103	0.0015894972
1.9298276	2.1029863	0.041144058	0.0015891214
1.9312946	2.1651411	0.042279236	0.0015886517
1.9327615	2.1188195	0.041477524	0.0015882759
1.9342285	2.1141448	0.041165836	0.0015878063
1.9356955	2.112	0.04121799	0.0015873368
1.9371625	2.0673773	0.040331513	0.0015869612
1.9386295	2.1332822	0.041744586	0.0015865857
1.9400965	2.0673945	0.040111188	0.0015861164
1.9415635	2.1419871	0.041787177	0.0015856472
1.9430305	2.1073875	0.041119996	0.0015852719
1.9444975	1.9797864	0.038659651	0.0015848029
1.9459645	2.0290408	0.039658878	0.0015844277
1.9474314	2.0075786	0.039075665	0.0015839587
1.9488984	2.0371213	0.039643284	0.0015835837
1.9503654	2.0247808	0.039530385	0.001583115
1.9518324	2.0775666	0.040507287	0.00158274
1.9532994	1.9737335	0.038229093	0.0015822714
1.9547664	1.9516742	0.03806689	0.0015818966
1.9562334	2.0129328	0.039254412	0.0015814281
1.9577004	1.9608514	0.038224105	0.0015810535
1.9591674	1.9779468	0.038564935	0.0015806344
1.9606345	2.0041652	0.038994495	0.0015801169
1.9621015	1.9954545	0.038832415	0.0015797424
1.9635684	1.9806598	0.038566113	0.001579368
1.9650354	1.9257013	0.037489146	0.0015789
1.9665024	1.9549211	0.037885841	0.0015785256
1.9679694	1.9616698	0.03821091	0.0015780579
1.9694364	1.8965517	0.036914568	0.0015775901
1.9709034	1.9399697	0.037809726	0.001577216
1.9723704	1.9168249	0.037351549	0.0015768419
1.9738374	1.9310994	0.037466634	0.0015762809
1.9753044	1.9073446	0.037012506	0.001575907
1.9767714	1.9301443	0.037603844	0.0015755332
1.9782383	1.9114544	0.03709913	0.0015750659
1.9797053	1.8984199	0.036818501	0.0015745987
1.9811723	1.9016578	0.036908794	0.001574225
1.9826393	1.8955337	0.036873657	0.0015738513
1.9841063	1.894436	0.036978446	0.001573291
1.9855733	1.8260218	0.035354402	0.0015729176
1.9870403	1.8625377	0.036190495	0.0015725441
1.9885073	1.8390502	0.035700381	0.0015720774
1.9899743	1.8539706	0.03596307	0.0015717041
1.9914412	1.8278443	0.035356492	0.0015712376
1.9929082	1.84	0.035739124	0.0015708643
1.9943752	1.8476946	0.035915989	0.001570398
1.9958422	1.8397874	0.035843503	0.0015699316
1.9973092	1.8323354	0.035443526	0.0015694655
1.9987762	1.7901835	0.034647483	0.0015690925
2.0002432	1.799014	0.035029136	0.0015687196
2.0017102	1.7699478	0.034172665	0.0015682537
2.0031772	1.8404654	0.035654236	0.001567881
2.0046442	1.7792792	0.03446877	0.0015673219
2.0061111	1.8064638	0.035221003	0.0015669494
2.0075781	1.7868421	0.034641396	0.0015663906
2.0090451	1.7922126	0.034674026	0.0015660182
2.0105121	1.7863024	0.03455301	0.0015656458
2.0119791	1.7607224	0.034147859	0.0015652735
2.0134461	1.7872024	0.034467582	0.0015649012
2.0149131	1.75159	0.033875164	0.0015643429
2.0163801	1.7624953	0.034163002	0.0015637847
2.0178471	1.7478261	0.033980817	0.0015634126
2.0193141	1.7228057	0.033362113	0.0015630407
2.020781	1.6866118	0.032612324	0.0015626687
2.022248	1.7291433	0.033440933	0.001562111
2.023715	1.6981062	0.03271839	0.0015617391
2.025182	1.7048873	0.033052437	0.0015613674
2.026649	1.7083178	0.032989021	0.0015608099
2.028116	1.7195168	0.033405036	0.0015604383
2.029583	1.7172775	0.033205438	0.0015600667
2.03105	1.6721129	0.03221764	0.0015595095
2.032517	1.6974225	0.032802906	0.0015593239
2.0339839	1.6569507	0.032026902	0.0015587668
2.0354509	1.6494424	0.031798586	0.0015583956
2.0369179	1.6676646	0.032258093	0.0015580243
2.0383849	1.6364658	0.03166043	0.0015574676
2.0398519	1.6725564	0.032425433	0.0015570965
2.0413189	1.6644469	0.032010809	0.00155654
2.0427859	1.6811053	0.032481343	0.0015559837
2.0442529	1.6523204	0.031961218	0.0015556128
2.0457199	1.6220183	0.031068698	0.001555242
2.0471869	1.6461769	0.031866029	0.001554686
2.0486538	1.6698813	0.032156624	0.0015543153
2.0501208	1.6262702	0.031545807	0.0015539447
2.0515878	1.6173298	0.031185061	0.0015535742
2.0530548	1.6337144	0.031373031	0.0015532037
2.0545218	1.5914018	0.030765183	0.0015526481
2.0559888	1.5685335	0.030104632	0.0015522778
2.0574558	1.6105537	0.031043107	0.0015517224
2.0589228	1.5882792	0.030681962	0.0015513522
2.0603898	1.5689204	0.030319106	0.0015509821
2.0618567	1.5982275	0.030708451	0.0015504271
2.0633237	1.5553073	0.030011196	0.0015500571
2.0647907	1.5497055	0.029732231	0.0015496871
2.0662577	1.5516605	0.02980265	0.0015491324
2.0677247	1.5693512	0.030299246	0.0015487627
2.0691917	1.564911	0.030134974	0.0015483929
2.0706587	1.5671753	0.03022928	0.0015478384
2.0721257	1.5922906	0.030651115	0.0015474689
2.0735927	1.5739099	0.030252362	0.0015470994
2.0750597	1.5807166	0.030377569	0.0015467299
2.0765266	1.5264901	0.029275795	0.0015461759
2.0779936	1.5159496	0.029192062	0.0015456219
2.0794606	1.5089352	0.029110981	0.0015453533
2.0809278	1.5561262	0.029800314	0.0015448836
2.0823948	1.4709152	0.028309029	0.0015443299
2.0838618	1.5317664	0.029350325	0.001543961
2.0853288	1.4913316	0.028638605	0.001543592
2.0867958	1.4787744	0.028407916	0.0015430388
2.0882628	1.530071	0.029568356	0.00154267
2.0897298	1.5065935	0.028830828	0.0015423012
2.0911968	1.4681165	0.028181925	0.0015419325
2.0926638	1.4898486	0.028620597	0.0015413796
2.0941308	1.4892453	0.028431037	0.0015408267
2.0955977	1.461624	0.028140593	0.0015406426
2.0970647	1.4877505	0.028659675	0.0015399058
2.0985317	1.4874134	0.028406331	0.0015395376
2.0999987	1.4121324	0.027072132	0.0015391692
2.1014657	1.4350073	0.027571939	0.0015386171
2.1029327	1.4153847	0.027085083	0.001538249
2.1043997	1.4543455	0.027846035	0.001537881
2.1058667	1.4101995	0.027105257	0.001537513
2.1073337	1.4380287	0.027573971	0.0015369612
2.1088006	1.4227256	0.027190883	0.0015365933
2.1102676	1.4484289	0.02784542	0.0015360417
2.1117346	1.4171512	0.027010294	0.0015356741
2.1132016	1.4096739	0.026980715	0.0015353065
2.1146686	1.3972754	0.026807344	0.0015349389
2.1161356	1.4112458	0.027050432	0.0015343877
2.1176026	1.4274753	0.027281588	0.0015338366
2.1190696	1.3902528	0.026609041	0.0015334693
2.1205366	1.4257714	0.027159784	0.0015329184
2.1220036	1.4047794	0.026931396	0.0015325513
2.1234705	1.3702205	0.026268715	0.0015321842
2.1249375	1.3915094	0.026502267	0.0015318171
2.1264045	1.3771576	0.02638706	0.0015312667
2.1278715	1.4125317	0.026878431	0.0015307164
2.1293385	1.339781	0.02559134	0.0015305331
2.1308055	1.3450314	0.025847591	0.0015299829
2.1322725	1.3751371	0.026290709	0.0015296163
2.1337395	1.3387563	0.025451114	0.0015290664
2.1352065	1.3766471	0.02633412	0.0015286999
2.1366735	1.3729181	0.026119702	0.0015281502
2.1381404	1.3562591	0.025868276	0.0015277838
2.1396074	1.3275925	0.025409417	0.0015272343
2.1410744	1.3395536	0.025619604	0.0015268682
2.1425414	1.3433757	0.025589997	0.001526319
2.1440084	1.2947788	0.024650915	0.0015259529
2.1454754	1.3320087	0.025313804	0.0015255869
2.1469424	1.3269444	0.025471872	0.001525038
2.1484094	1.3290863	0.025354566	0.0015246721
2.1498764	1.2855083	0.02440349	0.0015241235
2.1513433	1.2961749	0.024735654	0.0015239407
2.1528103	1.280174	0.024368253	0.0015233922
2.1542773	1.3047723	0.024805134	0.0015230266
2.1557443	1.3074963	0.024938107	0.0015224784
2.1572113	1.2893972	0.024566127	0.001522113
2.1586783	1.3059891	0.02487739	0.001521565
2.1601453	1.3291185	0.025258899	0.0015211997
2.1616123	1.3069201	0.024743311	0.001520652
2.1630793	1.3207892	0.025242092	0.0015202868
2.1645463	1.2792563	0.024421686	0.0015199218
2.1660132	1.2626299	0.023895988	0.0015193743
2.1674802	1.2822287	0.024465088	0.0015190095
2.1689472	1.3030411	0.024643157	0.0015186446
2.1704142	1.2709163	0.024183249	0.0015180975
2.1718812	1.2781	0.024333069	0.0015175506
2.1733482	1.2909615	0.02449386	0.0015171859
2.1748152	1.2911071	0.024594322	0.0015168214
2.1762822	1.2780558	0.024157859	0.0015162748
2.1777492	1.2179115	0.023187077	0.0015159104
2.1792161	1.2958815	0.024627207	0.0015155461
2.1806831	1.2811043	0.024254354	0.0015149998
2.1821501	1.2471992	0.023706153	0.0015146356
2.1836171	1.2443569	0.02355013	0.0015140895
2.1850841	1.2741355	0.024178695	0.0015137255
2.1865511	1.2538823	0.023824513	0.0015131797
2.1880181	1.237106	0.023408813	0.0015128158
2.1894851	1.2291591	0.023346482	0.0015122702
2.1909521	1.2517055	0.02371484	0.0015119065
2.1924191	1.2078571	0.02282262	0.0015115429
2.193886	1.2352941	0.02346296	0.0015109977
2.195353	1.1979166	0.022699613	0.0015104525
2.19682	1.1988535	0.022688981	0.0015102709
2.198287	1.2384698	0.023413468	0.0015097258
2.199754	1.1922799	0.022641573	0.001509181
2.201221	1.213056	0.02297011	0.0015088179
2.202688	1.2142348	0.022902343	0.0015084548
2.204155	1.174552	0.02223267	0.0015079103
2.205622	1.2094932	0.022845155	0.0015075475
2.2070889	1.1794139	0.022293067	0.0015070032
2.2085559	1.20671	0.022915663	0.0015064591
2.2100229	1.1601284	0.021905089	0.0015060965
2.2114899	1.1800998	0.022282224	0.0015057338
2.2129569	1.1651865	0.021957343	0.0015053713
2.2144239	1.1729593	0.022238491	0.0015048276
2.2158909	1.1649964	0.022036145	0.0015042841
2.2173579	1.177076	0.022169715	0.0015039218
2.2188249	1.1823697	0.022333037	0.0015033785
2.2202919	1.1814644	0.022217311	0.0015030163
2.2217588	1.1812634	0.022375943	0.0015026543
2.2232258	1.1847088	0.022389172	0.0015021113
2.2246928	1.1809152	0.022238081	0.0015017495
2.2261598	1.1799504	0.02220412	0.0015012068
2.2276268	1.1192758	0.021084666	0.0015006642
2.2290938	1.1352899	0.021474157	0.0015004834
2.2305608	1.1580622	0.021773012	0.001499941
2.2320278	1.1134903	0.021031717	0.0014993987
2.2334948	1.1466432	0.021550557	0.0014990374
2.2349617	1.1236635	0.021208858	0.0014984953
2.2364287	1.1305121	0.021315385	0.0014981341
2.2378957	1.1314769	0.021239229	0.0014977729
2.2393627	1.1452992	0.021609683	0.001497335
2.2408299	1.1450247	0.02150494	0.0014968702
2.2422969	1.0855005	0.020484811	0.0014963289
2.2437639	1.1442173	0.021482205	0.001495968
2.2452309	1.1299115	0.021254972	0.0014954268
2.2466979	1.1139641	0.020888383	0.0014950661
2.2481649	1.090071	0.020523405	0.0014947054
2.2496319	1.139353	0.021478329	0.0014941647
2.2510989	1.1503521	0.021582026	0.0014936239
2.2525659	1.0793651	0.020268252	0.0014932636
2.2540329	1.0905581	0.020427788	0.0014927231
2.2554998	1.0947293	0.020655107	0.0014923629
2.2569668	1.0799015	0.020256683	0.0014920029
2.2584338	1.0997524	0.020680083	0.0014914627
2.2599008	1.0889506	0.020294627	0.0014909228
2.2613678	1.0848421	0.020435872	0.0014905629
2.2628348	1.0986912	0.020660227	0.0014900232
2.2643018	1.0816971	0.020251309	0.0014896635
2.2657688	1.0736067	0.02009608	0.0014893039
2.2672358	1.05074	0.01972001	0.0014887645
2.2687027	1.0585107	0.01992932	0.001488405
2.2701697	1.082636	0.020212224	0.0014880456
2.2716367	1.0684596	0.019964922	0.0014873269
2.2731037	1.07695	0.020137686	0.0014869678
2.2745707	1.0432931	0.019649304	0.0014866085
2.2760377	1.0118302	0.018870257	0.00148607
2.2775047	1.0682138	0.02002684	0.001485711
2.2789717	1.0678025	0.019907434	0.0014851727
2.2804387	1.0791696	0.020239463	0.0014846344
2.2819057	1.0606916	0.019920854	0.0014844551
2.2833726	1.0589672	0.019777125	0.001483917
2.2848396	1.0707842	0.01994242	0.0014833792
2.2863066	1.0606592	0.019857375	0.0014830207
2.2877736	1.0711017	0.020091545	0.0014826623
2.2892406	1.0527594	0.019609947	0.0014821248
2.2907076	1.0629758	0.019769477	0.0014815874
2.2921746	1.075816	0.020151699	0.0014812292
2.2936416	1.0450863	0.019610552	0.0014806921
2.2951086	1.0346141	0.019245232	0.0014803341
2.2965755	1.0584168	0.019674484	0.0014797973
2.2980425	1.0738418	0.020037496	0.0014794394
2.2995095	0.9692688	0.018213211	0.0014789029
2.3009765	1.0305238	0.019189104	0.0014785451
2.3024435	1.0583967	0.019670643	0.0014781876
2.3039105	1.0416956	0.019413762	0.0014776513
2.3053775	1.0531877	0.019762646	0.0014772939
2.3068445	1.0386873	0.019300921	0.0014767579
2.3083115	1.0400414	0.01931956	0.0014762221
2.3097785	1.0048696	0.018737311	0.0014758649
2.3112454	1.0219207	0.019058628	0.0014755079
2.3127124	0.96882576	0.018027555	0.0014749723
2.3141794	1.0192506	0.018894184	0.0014746154
2.3156464	0.98920238	0.018457983	0.0014739018
2.3171134	1.005221	0.018750345	0.0014735451
2.3185804	1.0257643	0.019008452	0.0014731885
2.3200474	1.0037971	0.018646134	0.0014726536
2.3215144	1.0460685	0.019464925	0.0014722971
2.3229814	0.99791449	0.018600903	0.0014717625
2.3244483	0.99031913	0.01874822	0.0014714063
2.3259153	1.0166174	0.019532103	0.001470872
2.3273823	0.97873181	0.019419421	0.0014705159
2.3288493	1.0100042	0.020616103	0.0014699817
2.3303163	1.0025884	0.020819021	0.0014696259
2.3317833	1.0337079	0.02190939	0.00146927
2.3332503	0.9714154	0.02085202	0.0014687362
2.3347173	1.0137963	0.022106398	0.0014682027
2.3361843	1.0190523	0.022517728	0.001467847
2.3376513	0.97911358	0.022092305	0.0014673137
2.3391182	1.0221993	0.02321876	0.0014669583
2.3405852	0.99417371	0.022873314	0.0014664253
2.3420522	0.96579802	0.022495916	0.0014660701
2.3435192	0.99440402	0.023515554	0.0014655372
2.3449862	1.0068493	0.024046291	0.0014650046
2.3464532	0.9887374	0.024063691	0.0014646497
2.3479202	0.95767838	0.023539493	0.0014642947
2.3493872	0.98462486	0.02440921	0.0014637625
2.3508542	0.91246849	0.022888198	0.0014632304
2.3523211	0.93192035	0.02360867	0.0014628757
2.3537881	0.98093361	0.025142791	0.0014623438
2.3552551	0.94366199	0.02442883	0.0014619894
2.3567221	0.92555332	0.023960628	0.0014614578
2.3581891	0.95827633	0.025052348	0.0014611036
2.3596561	0.93904108	0.024566475	0.0014607493
2.3611231	0.95839113	0.025228584	0.001460041
2.3625901	0.91966176	0.024403621	0.001459687
2.3640571	0.93243241	0.024856834	0.0014591562
2.3655241	0.93623191	0.025192419	0.0014588023
2.366991	0.93581325	0.025263265	0.0014584485
2.368458	0.9194383	0.024985898	0.001457918
2.369925	0.90251106	0.024516417	0.0014575644
2.371392	0.94958615	0.026036311	0.0014570341
2.372859	0.90648568	0.024882833	0.001456504
2.374326	0.91679507	0.02543477	0.0014561507
2.375793	0.91121495	0.025417816	0.0014556209
2.37726	0.93265468	0.026086954	0.0014552677
2.378727	0.94009584	0.026556388	0.0014547381
2.3801939	0.86980832	0.024570327	0.0014542087
2.3816609	0.93047696	0.026442038	0.0014538559
2.3831279	0.9318555	0.026687466	0.001453503
2.3845949	0.9067657	0.026032362	0.001452974
2.3860619	0.92165124	0.026737921	0.0014526214
2.3875289	0.90358365	0.026381094	0.0014520927
2.3889959	0.90059984	0.026349688	0.001451564
2.3904629	0.94107455	0.027687846	0.0014512116
2.3919299	0.91739893	0.027179861	0.0014508594
2.3933969	0.89667249	0.026518784	0.0014501552
2.3948638	0.87477636	0.02614771	0.0014498031
2.3963308	0.91569507	0.027409365	0.0014494511
2.3977978	0.84798533	0.025645044	0.0014490992
2.3992648	0.87040442	0.026371501	0.0014486788
2.400732	0.9130435	0.028053807	0.001448044
2.402199	0.89056605	0.027338317	0.0014476923
2.403666	0.90124643	0.027888427	0.001447165
2.405133	0.90019572	0.028141208	0.0014466379
2.4066	0.89601552	0.027915137	0.0014462866
2.408067	0.8891089	0.027960481	0.0014457597
2.409534	0.92544734	0.029160732	0.0014454086
2.411001	0.93473893	0.029599985	0.001444882
2.412468	0.87321061	0.027904518	0.001444531
2.4139349	0.884058	0.028425254	0.0014440047
2.4154019	0.86540484	0.028042369	0.0014436539
2.4168689	0.8611111	0.028125169	0.0014431279
2.4183359	0.89151448	0.029199945	0.0014427772
2.4198029	0.90611356	0.029919077	0.0014422515
2.4212699	0.87032968	0.028830037	0.0014417259
2.4227369	0.80620158	0.026807996	0.0014413756
2.4242039	0.93827158	0.031412527	0.0014408502
2.4256709	0.84353739	0.028380811	0.0014405001
2.4271379	0.82237601	0.027907107	0.0014399751
2.4286048	0.81403506	0.027815599	0.001439625
2.4300718	0.85342789	0.029319249	0.0014391004
2.4315388	0.91995221	0.031774629	0.0014385757
2.4330058	0.87179488	0.030437134	0.001438226
2.4344728	0.90330476	0.031579114	0.0014377016
2.4359398	0.89612013	0.031674068	0.0014371775
2.4374068	0.89493668	0.031814568	0.0014370028
2.4388738	0.85152286	0.030305911	0.0014364788
2.4403408	0.91428572	0.032920524	0.0014359551
2.4418077	0.85676742	0.031030372	0.0014356059
2.4432747	0.82037532	0.030008119	0.0014350824
2.4447417	0.87096775	0.031903513	0.001434559
2.4462087	0.8079561	0.029896686	0.0014340358
2.4476757	0.89931035	0.033371855	0.0014338614
2.4491427	0.88169014	0.033058107	0.0014333385
2.4506097	0.85428572	0.032258425	0.0014328157
2.4520767	0.86023057	0.032618862	0.0014324673
2.4535437	0.87683284	0.0335388	0.0014319447
2.4550107	0.7928465	0.030577581	0.0014315965
2.4564776	0.83836859	0.032552443	0.0014310742
2.4579446	0.83256531	0.032594699	0.0014305521
2.4594116	0.78403753	0.030978017	0.0014302041
2.4608786	0.79841268	0.031769745	0.0014296824
2.4623456	0.83387095	0.033451401	0.0014291607
2.4638126	0.83633387	0.033801232	0.0014286392
2.4652796	0.80698836	0.032875828	0.0014282917
2.4667466	0.82003397	0.033748195	0.0014279442
2.4682136	0.81833911	0.033997405	0.0014274231
2.4696805	0.81085813	0.033887848	0.0014270758
2.4711475	0.87298745	0.036874946	0.001426555
2.4726145	0.76234001	0.032546904	0.0014260344
2.4740815	0.77838826	0.033263113	0.0014255139
2.4755485	0.86037737	0.03732162	0.0014253404
2.4770155	0.86717266	0.037724704	0.0014246468
2.4784825	0.79882812	0.035249982	0.0014243001
2.4799495	0.81584156	0.036258601	0.0014239536
2.4814165	0.84008098	0.037743736	0.0014234338
2.4828835	0.82815737	0.037625693	0.0014229141
2.4843504	0.79449153	0.036514007	0.0014225679
2.4858174	0.84796572	0.03917842	0.0014220485
2.4872844	0.80567688	0.037587781	0.0014215293
2.4887514	0.8292135	0.039244924	0.0014211833
2.4902184	0.77293581	0.036938336	0.0014206645
2.4916854	0.8018868	0.038872197	0.0014201457
2.4931524	0.75417662	0.036771063	0.0014198
2.4946194	0.77912623	0.03830912	0.0014194543
2.4960864	0.91228068	0.045590237	0.0014189361
2.4975533	0.71649486	0.036289282	0.0014184179
2.4990203	0.65171504	0.03338103	0.0014180726
2.5004873	0.86522913	0.044831794	0.0014175548
2.5019543	0.95530725	0.050393958	0.0014170371
2.5034213	0.89801699	0.04769101	0.001416692
2.5048883	0.80351907	0.043398965	0.0014161747
2.5063553	0.64371258	0.035105795	0.0014158299
2.5078223	0.9237805	0.050904296	0.0014153128
2.5092893	0.82965302	0.046480622	0.0014149681
2.5107563	0.87947881	0.050067052	0.0014144513
2.5122232	0.86486489	0.050124891	0.0014139346
2.5136902	0.85664338	0.050502945	0.0014134181
2.5151572	0.81588447	0.048871435	0.0014130739
2.5166242	0.95112783	0.058149625	0.0014125577
2.5180912	0.80694979	0.050000437	0.0014122137
2.5195582	0.85483873	0.05411667	0.0014116978
2.5210252	0.85000002	0.054669246	0.0014111821
2.5224922	1.0173913	0.066875324	0.0014108383
2.5239592	0.82272726	0.055260293	0.001410323
2.5254261	0.85849059	0.058710679	0.0014099794
2.5268931	0.87623763	0.061398294	0.0014094643
2.5283601	0.78756475	0.056402959	0.001409121
2.5298271	0.7880435	0.0577376	0.0014086061
2.5312941	0.70689654	0.053250067	0.0014080914
2.5327611	0.63313609	0.048257299	0.0014077484
2.5342281	0.82165605	0.065183476	0.001407234
2.5356951	0.77551019	0.063356578	0.0014068912
2.5371621	0.91366905	0.076964729	0.0014063771
2.5386291	0.828125	0.072701775	0.0014060345
2.540096	0.88333333	0.079813622	0.0014055207
2.541563	0.67256635	0.062620498	0.0014051782
2.54303	0.81188118	0.079701431	0.0014044936
2.544497	1.0107527	0.1035739	0.0014041514
2.545964	0.69047618	0.073919095	0.0014036383
2.547431	0.85333335	0.09704338	0.0014032962
2.548898	0.83076924	0.10088367	0.0014027834
2.550365	0.64285713	0.083132096	0.0014024416
2.551832	0.72340423	0.10271187	0.0014019291
2.553299	0.5945946	0.093624368	0.0014015875
2.5547659	0.75862068	0.13544558	0.0014010752
2.5562329	0.40000001	0.079471938	0.0014005632
2.5576999	0.60000002	0.16329932	0.0014002218
2.5591669	0.5	0	0.0013995395
