#   DataFileName=PAL30_cooling_110C_WAXS_03022017.tif
#   DataFileType=.tif
#   
#   DataFilePath=E:DATA:PAL30:
#   
#   Processed on=Tue, Mar 07, 2017,9:09:05 PM
#   Units=Arbitrary
#   SampleThickness=1
#   SampleTransmission=1
#   CorrectionFactor=1
#   SampleMeasurementTime=1
#   EmptyMeasurementTime=1
#   BackgroundMeasTime=1
#   SampleI0=1
#   EmptyI0=1
#   Nika_SampleToDetectorDistacne=176.53
#   Nika_Wavelength=1.54
#   Nika_XrayEnergy=8.0509
#   Nika_PixelSizeX=0.075
#   Nika_PixelSizeY=0.075
#   Nika_HorizontalTilt=0
#   Nika_VerticalTilt=0
#   Nika_BeamCenterX=1535.8
#   Nika_BeamCenterY=830.36
#   Nika_BeamSizeX=0
#   Nika_BeamCenterY=830.36
#   CalibrationFormula=1*((Sa2D))
#   CurrentMaskFileName=PAL30_cooling_103C_WAXS_03022017_mask.hdf
#   QvectorMaxNumPnts=1
#   QvectorNumberPoints=1745
#   CircularAverage=1
#   PolarizationCorrection=None
#   UncertainityCalculationMethod=OldNikaMethod

0.084352024	0.5	0	0.001903859
0.085819013	1.5	0.42043748	0.0019038399
0.087286003	1.3	0.28377157	0.0019038168
0.088753	1.7674419	0.26786283	0.0019037951
0.090219989	1.7777778	0.24075419	0.0019037696
0.091686979	2.1343284	0.25998622	0.0019037401
0.093153976	1.9178082	0.22377923	0.0019037183
0.094620965	1.9736842	0.22569275	0.0019036992
0.096087955	2.1341465	0.23481256	0.0019036762
0.097554952	1.9553572	0.18436936	0.001903648
0.099021941	1.9928571	0.16811198	0.0019036225
0.10048893	2.0511363	0.15433164	0.0019035905
0.10195592	2	0.13847119	0.0019035676
0.10342292	1.9385246	0.12393855	0.001903533
0.10488991	2.1313868	0.12860496	0.0019035075
0.1063569	2.1957295	0.13083072	0.0019034781
0.10782389	2.2955327	0.1344541	0.0019034435
0.10929088	2.5894039	0.14885682	0.001903418
0.11075787	2.5876622	0.14730005	0.001903386
0.11222486	2.798722	0.15804702	0.0019033566
0.11369186	3.21875	0.17976776	0.0019033221
0.11515885	3.4212122	0.18819955	0.0019032902
0.11662584	4.4255319	0.24369323	0.0019032607
0.11809283	11.452662	0.62040651	0.0019032262
0.11955982	47.172516	2.5382998	0.0019031942
0.12102681	99.045715	5.2765579	0.0019031559
0.1224938	114.41243	6.0674291	0.0019031265
0.1239608	169.33241	8.9005346	0.0019030946
0.1254278	284.0246	14.829322	0.00190306
0.12689479	374.08517	19.589556	0.0019030281
0.12836178	263.47794	13.421233	0.0019029769
0.12982877	174.48541	8.9780998	0.0019029514
0.13129576	121.78036	6.1815367	0.001902913
0.13276275	79.454773	3.9748929	0.0019028875
0.13422973	48.727722	2.4189088	0.0019028542
0.13569674	31.409206	1.5839173	0.0019028108
0.13716373	18.578163	0.92388827	0.0019027725
0.13863072	12.203349	0.59656757	0.001902734
0.14009771	10.649635	0.52518851	0.0019026829
0.1415647	9.746377	0.47892141	0.0019026446
0.14303169	9.0231485	0.43404591	0.0019026062
0.14449868	8.4809523	0.41375116	0.001902573
0.14596568	8.5090914	0.40558955	0.0019025296
0.14743267	8.2380953	0.39222753	0.0019024912
0.14889966	8.027523	0.38437781	0.0019024401
0.15036665	8.0686502	0.38590679	0.0019024018
0.15183364	8.217865	0.38351735	0.0019023634
0.15330063	7.9439654	0.3687267	0.0019023251
0.15476762	7.7212391	0.3631174	0.001902279
0.15623462	7.6939654	0.35712516	0.0019022356
0.15770161	7.6886992	0.3549695	0.0019021973
0.1591686	7.7245765	0.35549948	0.001902159
0.16063559	7.478261	0.34021297	0.001902095
0.16210258	7.4692621	0.33806416	0.0019020566
0.16356957	7.414938	0.33768061	0.0019020234
0.16503657	7.2710471	0.32942724	0.0019019672
0.16650356	7.2860041	0.32809678	0.0019019161
0.16797055	7.1663327	0.32075444	0.0019018777
0.16943754	6.9647059	0.30834711	0.0019018266
0.17090453	7.0453649	0.31284773	0.0019017755
0.17237152	7.023077	0.3079356	0.0019017372
0.17383851	6.8745098	0.30435693	0.0019016911
0.17530552	6.9278936	0.3017351	0.0019016477
0.17677251	6.8030305	0.29601705	0.0019015839
0.17823949	6.9501915	0.30415195	0.0019015454
0.17970648	6.6728625	0.28764567	0.0019014943
0.18117347	6.6033211	0.28359053	0.0019014304
0.18264046	6.6552348	0.28271237	0.0019013921
0.18410745	6.7197108	0.28570375	0.0019013333
0.18557446	6.6764169	0.28541854	0.0019012899
0.18704145	6.4060822	0.2709043	0.0019012388
0.18850844	6.6448765	0.27926737	0.0019011877
0.18997543	6.5139861	0.27232286	0.0019011238
0.19144242	6.2298245	0.26089454	0.0019010727
0.1929094	6.2784591	0.2627041	0.0019010216
0.19437639	6.2378473	0.25986952	0.0019009755
0.1958434	6.1558218	0.25469047	0.0019009194
0.19731039	6.081356	0.25032562	0.0019008683
0.19877738	6.1310115	0.24963756	0.0019008043
0.20024437	6.0620804	0.24827208	0.0019007404
0.20171136	6.0296054	0.24449968	0.0019006893
0.20317835	6.2871289	0.25536221	0.0019006382
0.20464534	6.1292963	0.24792798	0.0019005922
0.20611234	5.9951611	0.24073848	0.001900536
0.20757933	5.9644012	0.23988594	0.0019004721
0.20904632	6.0177422	0.2416397	0.0019004082
0.21051331	5.8037677	0.22991771	0.0019003571
0.2119803	5.9799385	0.23487936	0.0019002933
0.21344729	5.9545455	0.23570698	0.0019002294
0.21491428	5.720191	0.2280429	0.0019001834
0.21638128	5.8384614	0.22897144	0.0019001144
0.21784827	5.8220859	0.22797833	0.0019000506
0.21931526	5.7996988	0.2250392	0.0018999994
0.22078225	5.5666666	0.21665192	0.0018999355
0.22224924	5.6998491	0.22133179	0.0018998716
0.22371623	5.6285715	0.21823587	0.0018998128
0.22518323	5.7873902	0.22157878	0.0018997439
0.22665022	5.5999999	0.21471892	0.00189968
0.22811721	5.4478707	0.20873477	0.0018996162
0.2295842	5.5504322	0.21066159	0.0018995651
0.23105119	5.612216	0.21149105	0.0018995012
0.23251818	5.59621	0.21363184	0.0018994246
0.23398517	5.5404253	0.20863643	0.0018993785
0.23545218	5.5500002	0.20680928	0.0018992968
0.23691916	5.4455585	0.20608951	0.001899233
0.23838615	5.4915257	0.20635495	0.0018991691
0.23985314	5.4571428	0.20126227	0.0018991051
0.24132013	5.2760987	0.19551663	0.0018990414
0.24278712	5.4281807	0.20073964	0.0018989648
0.24425411	5.2704577	0.19625382	0.001898906
0.24572112	5.4061661	0.19790623	0.0018988369
0.24718811	5.2956405	0.19543706	0.0018987731
0.2486551	5.274869	0.19081403	0.0018987015
0.2501221	5.0876493	0.18537794	0.0018986454
0.25158909	5.1913748	0.19055629	0.0018985687
0.25305608	5.1545572	0.18732285	0.0018984666
0.25452307	5.1596422	0.18436664	0.0018984155
0.25599006	5.0787401	0.18395548	0.0018983644
0.25745705	5.0817122	0.18298833	0.0018982622
0.25892404	5.0781841	0.1803069	0.0018982112
0.26039103	4.9412518	0.17655978	0.0018981345
0.26185802	4.958869	0.17776075	0.0018980579
0.26332501	4.9346733	0.17488153	0.0018979813
0.264792	4.8887501	0.17282021	0.0018979047
0.26625898	4.9367089	0.17561747	0.0018978536
0.26772597	4.9913473	0.17546387	0.001897777
0.26919296	4.8894229	0.16948715	0.001897685
0.27065998	4.9267082	0.17362036	0.0018976236
0.27212697	5.0922332	0.17737383	0.001897547
0.27359396	5.0170522	0.17507173	0.0018974704
0.27506095	4.9466667	0.17219967	0.0018973938
0.27652794	4.9508982	0.17130995	0.0018973172
0.27799493	4.9145908	0.16924676	0.0018972406
0.27946192	4.8790035	0.16802	0.001897164
0.28092891	5.0202379	0.17319363	0.0018970874
0.2823959	4.7870588	0.16417347	0.0018969852
0.28386289	4.8068967	0.16294917	0.0018969086
0.28532988	4.8366866	0.16636497	0.0018968575
0.28679687	4.8543353	0.16503194	0.0018967809
0.28826386	4.7245712	0.15969861	0.0018966788
0.28973085	4.7777777	0.1616831	0.0018966381
0.29119787	4.8806305	0.16376312	0.0018965256
0.29266486	4.7858772	0.16149577	0.001896449
0.29413185	4.6749434	0.15703881	0.0018963724
0.29559883	4.7039547	0.15810169	0.0018962958
0.29706582	4.707778	0.15690617	0.0018962192
0.29853281	4.479558	0.1488865	0.0018961171
0.2999998	4.7128711	0.15629788	0.0018960405
0.30146679	4.7568455	0.15740997	0.0018959639
0.30293378	4.6454444	0.15389068	0.0018958873
0.30440077	4.6641054	0.15450929	0.0018957852
0.30586776	4.7187166	0.15430087	0.0018957086
0.30733475	4.6835852	0.15389369	0.001895632
0.30880174	4.778017	0.15682797	0.0018955402
0.31026876	4.5633049	0.14945808	0.0018954533
0.31173575	4.7471142	0.1537572	0.0018953767
0.31320274	4.6352067	0.15092517	0.0018952746
0.31466973	4.6684155	0.15120733	0.0018951725
0.31613672	4.7154899	0.15305264	0.0018950959
0.31760371	4.7105808	0.1517005	0.0018950193
0.3190707	4.7107439	0.151392	0.0018949427
0.32053769	4.6256461	0.14873359	0.0018948406
0.32200468	4.5344296	0.14535019	0.0018947385
0.32347167	4.5762539	0.14639066	0.0018946619
0.32493865	4.5750766	0.14620332	0.0018945598
0.32640564	4.6403241	0.1476851	0.0018944832
0.32787263	4.6823177	0.14797688	0.0018943812
0.32933962	4.5410824	0.14372972	0.0018943149
0.33080664	4.633534	0.14680129	0.001894228
0.33227363	4.6324272	0.14698842	0.0018941259
0.33374062	4.59375	0.14353809	0.0018940239
0.33520761	4.625	0.14508161	0.0018939473
0.3366746	4.6268363	0.14478652	0.0018938453
0.33814159	4.6526008	0.14573449	0.0018937432
0.33960858	4.8444443	0.15056789	0.0018936666
0.34107557	4.7242045	0.14668807	0.0018935645
0.34254256	4.7205882	0.14779085	0.0018934624
0.34400955	4.7578645	0.14688607	0.0018933859
0.34547654	4.7885165	0.14811581	0.0018932583
0.34694353	4.7078109	0.14617831	0.0018931562
0.34841052	4.8221602	0.14712852	0.0018930796
0.34987751	4.7992496	0.14697772	0.0018929879
0.35134453	4.7466917	0.14591648	0.001892901
0.35281152	4.9359698	0.15144914	0.0018927734
0.3542785	4.9236498	0.15022627	0.0018926969
0.35574549	5.0496325	0.15307455	0.0018925949
0.35721248	5.0343547	0.15338987	0.0018924928
0.35867947	5.1172161	0.15483987	0.0018924163
0.36014646	5.0383563	0.15224415	0.0018923142
0.36161345	5.1216836	0.15490386	0.0018921866
0.36308044	5.102355	0.15354872	0.0018921101
0.36454743	5.1236362	0.15446843	0.001892008
0.36601442	5.1638165	0.15490827	0.001891906
0.36748141	5.124774	0.15408482	0.0018917784
0.3689484	5.1441126	0.15247598	0.0018916867
0.37041542	5.2473116	0.15706037	0.0018915489
0.37188241	5.2010627	0.15477769	0.0018914468
0.3733494	5.2819386	0.15676861	0.0018913448
0.37481639	5.1685691	0.15313269	0.0018912427
0.37628338	5.4049296	0.16034801	0.0018911407
0.37775037	5.1305485	0.15134495	0.0018910386
0.37921736	5.0513697	0.14779167	0.0018909366
0.38068435	5.1421099	0.1518191	0.0018908347
0.38215134	4.9982595	0.14744172	0.0018907326
0.38361832	5.0964465	0.1482252	0.0018906306
0.38508531	5.0512381	0.14759827	0.0018905286
0.3865523	5.0995708	0.14939381	0.0018904265
0.38801929	4.9323874	0.14249204	0.001890299
0.38948628	4.9409781	0.1434612	0.0018902073
0.3909533	5.1057529	0.1484959	0.001890095
0.39242029	4.9076405	0.14219211	0.001889993
0.39388728	4.8671618	0.13979378	0.001889891
0.39535427	4.8554721	0.14032887	0.0018897634
0.39682126	4.7729549	0.13788503	0.0018896614
0.39828825	4.7716599	0.13576816	0.0018895594
0.39975524	4.6946502	0.13467236	0.001889432
0.40122223	4.6084089	0.13230692	0.0018893045
0.40268922	4.6636806	0.13307394	0.0018892025
0.40415621	4.6500401	0.13188156	0.0018891005
0.4056232	4.5154471	0.12873806	0.0018889729
0.40709019	4.450727	0.12648191	0.0018888965
0.40855718	4.531374	0.12769501	0.0018887793
0.4100242	4.4628296	0.1261656	0.001888667
0.41149119	4.4335999	0.12538913	0.0018885395
0.41295817	4.3061709	0.12110836	0.0018884375
0.41442516	4.2951336	0.12032277	0.0018883101
0.41589215	4.3307023	0.12165461	0.0018882081
0.41735914	4.1596503	0.11721898	0.0018880806
0.41882613	4.1401076	0.11485891	0.0018879533
0.42029312	4.2375388	0.11824545	0.0018878513
0.42176011	4.1704106	0.11605631	0.0018877493
0.4232271	4.1060014	0.11461965	0.0018876218
0.42469409	4.0701079	0.1129587	0.0018875198
0.42616108	4.0642695	0.11240828	0.0018873924
0.42762807	4.0895867	0.11315178	0.0018872905
0.42909506	4.1446972	0.11406714	0.0018871733
0.43056208	4.0007553	0.10993806	0.0018870356
0.43202907	3.9493191	0.10860641	0.0018869082
0.43349606	3.9537177	0.10889351	0.0018868062
0.43496305	3.9097016	0.10679253	0.0018866787
0.43643004	3.9270678	0.10766855	0.0018865514
0.43789703	3.8671172	0.10594552	0.0018864494
0.43936402	3.8087592	0.10288898	0.0018863219
0.44083101	3.7781086	0.10308237	0.0018861946
0.442298	3.7688293	0.10290521	0.0018860671
0.44376498	3.7404971	0.10111952	0.0018859397
0.44523197	3.6758921	0.099190995	0.0018858378
0.44669896	3.6023479	0.097562939	0.0018856849
0.44816595	3.6453488	0.098260067	0.001885583
0.44963294	3.6993511	0.099319451	0.0018854659
0.45109996	3.6985507	0.099549271	0.0018853282
0.45256695	3.6768117	0.098963574	0.0018852009
0.45403394	3.5978572	0.096144907	0.0018850989
0.45550093	3.5825036	0.095531046	0.0018849715
0.45696792	3.5409484	0.09489467	0.0018848187
0.45843491	3.4231594	0.091508068	0.0018847168
0.4599019	3.3848846	0.08953061	0.0018845893
0.46136889	3.5687103	0.094725318	0.001884462
0.46283588	3.4324133	0.091299601	0.0018843346
0.46430287	3.3851018	0.089724414	0.0018842072
0.46576986	3.3718662	0.088967912	0.0018840799
0.46723685	3.4369338	0.090716496	0.0018839525
0.46870384	3.4452348	0.091868922	0.0018838355
0.47017086	3.4085107	0.090760991	0.0018836978
0.47163785	3.3755426	0.090788759	0.0018835705
0.47310483	3.3875182	0.091243386	0.0018834431
0.47457182	3.4068768	0.091170706	0.0018832902
0.47603881	3.376087	0.090868652	0.001883163
0.4775058	3.3458979	0.090949565	0.0018830356
0.47897279	3.2131269	0.087244295	0.0018829083
0.48043978	3.3064167	0.088768519	0.0018827809
0.48190677	3.3855243	0.091993563	0.0018826282
0.48337376	3.2181551	0.087060384	0.0018825263
0.48484075	3.2324562	0.087382585	0.001882399
0.48630774	3.2454479	0.087574624	0.0018822462
0.48777473	3.1428571	0.085715756	0.0018821189
0.48924172	3.1738811	0.085956439	0.0018820019
0.49070874	3.1573939	0.085415676	0.0018818388
0.49217573	3.1995597	0.086651392	0.0018817114
0.49364272	3.2142856	0.087663762	0.0018815842
0.49510971	3.0878723	0.083200775	0.0018814568
0.4965767	3.1039531	0.083970703	0.0018813041
0.49804369	3.0890718	0.084500112	0.0018811768
0.49951068	3.0805616	0.083737135	0.0018810598
0.50097769	3.0211062	0.081490517	0.0018808967
0.50244468	3.057143	0.082733378	0.001880744
0.50391167	3.0784023	0.083708771	0.0018805913
0.50537866	3.0198092	0.081782721	0.0018804895
0.50684565	3.0802333	0.083175212	0.0018803368
0.50831264	3.155997	0.085597947	0.001880184
0.50977963	2.971935	0.080753364	0.0018800822
0.51124662	3.0263157	0.081809253	0.0018799296
0.51271361	2.8454213	0.077003412	0.0018798277
0.5141806	2.9527273	0.07961686	0.001879675
0.51564759	2.9531822	0.079862788	0.0018795223
0.51711458	2.8991163	0.078659095	0.0018793187
0.51858157	2.9788783	0.080380268	0.0018792169
0.52004856	2.9336772	0.079625048	0.0018790642
0.52151555	2.8382137	0.076778963	0.0018789115
0.52298254	2.8429394	0.076295942	0.0018788098
0.52444953	2.9705665	0.080566883	0.001878657
0.52591652	2.8716266	0.07754197	0.0018785044
0.52738351	2.8330936	0.075975679	0.0018783518
0.5288505	2.9205203	0.078491583	0.0018781991
0.53031749	2.9328909	0.079632886	0.0018780973
0.53178447	2.9267054	0.078828685	0.0018778938
0.53325146	2.8822255	0.077461377	0.0018777919
0.53471845	2.8512635	0.076602288	0.0018776393
0.53618544	2.8846154	0.077694058	0.0018774867
0.53765243	2.8072202	0.07541851	0.0018773341
0.53911942	2.7415407	0.073547393	0.0018772021
0.54058647	2.7813179	0.074831091	0.0018770288
0.54205346	2.7941818	0.07533998	0.0018768762
0.54352045	2.7736654	0.073983453	0.0018767745
0.54498744	2.8836207	0.077276118	0.0018766219
0.54645443	2.8511257	0.076820679	0.0018764692
0.54792142	2.8421798	0.075598627	0.0018763166
0.54938841	2.8082976	0.0750966	0.001876164
0.5508554	2.8318965	0.075889558	0.0018760114
0.55232239	2.7485633	0.073657431	0.0018758589
0.55378938	2.8035843	0.075050786	0.0018757062
0.55525637	2.8172805	0.074962623	0.0018755028
0.55672336	2.7985766	0.074649416	0.0018754011
0.55819035	2.8373926	0.075929433	0.0018752485
0.55965734	2.8029871	0.074741438	0.001875096
0.56112432	2.7939522	0.074080296	0.0018749434
0.56259131	2.7255747	0.073041573	0.0018747909
0.5640583	2.7010014	0.072226182	0.0018745874
0.56552529	2.7700422	0.073446028	0.0018744858
0.56699228	2.7066667	0.071689457	0.0018743331
0.56845927	2.7487509	0.073425561	0.0018741806
0.56992626	2.817039	0.074431725	0.0018739772
0.57139325	2.8101265	0.074509665	0.0018738756
0.57286024	2.8109453	0.074927136	0.001873723
0.57432723	2.7834618	0.073672675	0.0018735197
0.57579422	2.7591035	0.073002934	0.001873418
0.57726121	2.7887323	0.073993929	0.0018732146
0.5787282	2.7189679	0.071789533	0.0018730828
0.58019525	2.7566619	0.072988153	0.0018729096
0.58166224	2.6564887	0.069969408	0.0018727571
0.58312923	2.723419	0.071781695	0.0018726047
0.58459622	2.6534934	0.070479311	0.0018724522
0.58606321	2.8222065	0.074803211	0.0018722997
0.5875302	2.7768595	0.072862744	0.0018720964
0.58899719	2.7240436	0.071182951	0.0018719439
0.59046417	2.6899717	0.071474433	0.0018717914
0.59193116	2.8037062	0.073440574	0.0018715882
0.59339815	2.7075343	0.070848227	0.0018714865
0.59486514	2.7100346	0.07128115	0.001871334
0.59633213	2.8075314	0.074128017	0.0018711308
0.59779912	2.7424033	0.072058022	0.0018709784
0.59926611	2.8012338	0.073325917	0.0018708259
0.6007331	2.6881793	0.07005503	0.0018706735
0.60220009	2.7518952	0.072232239	0.0018705211
0.60366708	2.6981521	0.070578806	0.0018703179
0.60513407	2.7366984	0.071466297	0.0018701655
0.60660106	2.7079344	0.070810497	0.001870013
0.60806805	2.7011652	0.070706286	0.0018698098
0.60953504	2.7501712	0.071940012	0.0018696574
0.61100203	2.6061828	0.067552015	0.001869505
0.61246902	2.713306	0.071048409	0.0018693527
0.61393601	2.6928236	0.0697276	0.0018691494
0.615403	2.7048848	0.070442379	0.001868997
0.61686999	2.7052491	0.070166677	0.0018688446
0.61833698	2.7533967	0.071754597	0.0018686923
0.61980397	2.6332204	0.068553112	0.0018685099
0.62127101	2.6228304	0.067755982	0.0018683368
0.622738	2.740365	0.071245946	0.0018681337
0.62420499	2.7339573	0.070674159	0.0018679813
0.62567198	2.7232621	0.070397742	0.0018678289
0.62713897	2.75	0.070900388	0.0018676259
0.62860596	2.7019424	0.069916606	0.0018674735
0.63007295	2.7272727	0.070762344	0.0018672703
0.63153994	2.6564581	0.068534113	0.0018671181
0.63300693	2.5970647	0.067068316	0.0018669658
0.63447392	2.7324591	0.069961652	0.0018667626
0.63594091	2.6504011	0.068514183	0.0018666104
0.6374079	2.7650962	0.071218275	0.0018664581
0.63887489	2.6972477	0.069036968	0.001866255
0.64034188	2.6908727	0.06944447	0.0018661027
0.64180887	2.6483078	0.06820973	0.0018659504
0.64327586	2.8007915	0.071923576	0.0018657474
0.64474285	2.727922	0.069504611	0.0018655951
0.64620984	2.6721745	0.068688378	0.0018654428
0.64767683	2.6937172	0.068901487	0.0018652398
0.64914382	2.6792698	0.068397775	0.0018650875
0.6506108	2.6767015	0.068466343	0.0018648338
0.65207779	2.6692657	0.068031825	0.0018646815
0.65354478	2.7611842	0.070813611	0.0018645293
0.65501177	2.6972239	0.06852223	0.0018643263
0.65647876	2.7373211	0.069789186	0.001864174
0.65794575	2.7128072	0.068985373	0.0018640219
0.65941274	2.7161291	0.068980493	0.0018638397
0.66087979	2.7148438	0.069261029	0.0018636667
0.66234678	2.6967533	0.068710357	0.0018634637
0.66381377	2.7123551	0.068795286	0.0018633115
0.66528076	2.7034659	0.068482183	0.0018631086
0.66674775	2.7043984	0.068771102	0.0018629057
0.66821474	2.6785944	0.067700222	0.0018627534
0.66968173	2.7662835	0.069894157	0.0018625505
0.67114872	2.7241161	0.068436921	0.0018623983
0.67261571	2.6149871	0.066453651	0.0018621954
0.6740827	2.7903845	0.070638962	0.0018619925
0.67554969	2.7068195	0.068326101	0.0018617897
0.67701668	2.6767676	0.067246534	0.0018616376
0.67848366	2.8164437	0.071094371	0.0018614347
0.67995065	2.752363	0.069081254	0.0018612319
0.68141764	2.7795324	0.069851458	0.0018611304
0.68288463	2.7850409	0.069813795	0.0018609276
0.68435162	2.7277322	0.06854941	0.0018607248
0.68581861	2.744885	0.069397703	0.0018605726
0.6872856	2.7901003	0.069830835	0.0018603191
0.68875259	2.7655861	0.069044463	0.001860167
0.69021958	2.8090169	0.070282072	0.0018599642
0.69168657	2.756654	0.069385625	0.0018598121
0.69315356	2.825516	0.070651054	0.0018596093
0.69462055	2.7991374	0.069472179	0.0018594065
0.69608754	2.847975	0.071079321	0.0018592544
0.69755453	2.6876972	0.067499809	0.001859001
0.69902152	2.7634676	0.068755955	0.0018588698
0.70048857	2.7326303	0.068052188	0.0018586462
0.70195556	2.7950921	0.069221884	0.0018584434
0.70342255	2.8456752	0.070977047	0.0018582913
0.70488954	2.6889982	0.066656366	0.0018580887
0.70635653	2.7149878	0.067279793	0.001857886
0.70782351	2.8307786	0.070085205	0.0018577339
0.7092905	2.922312	0.072844252	0.0018575311
0.71075749	2.8308823	0.070065446	0.0018573285
0.71222448	2.7225292	0.067445673	0.0018571258
0.71369147	2.8	0.068922855	0.0018569739
0.71515846	2.8237455	0.069846697	0.0018567712
0.71662545	2.8209047	0.06973318	0.0018565685
0.71809244	2.7978075	0.06903597	0.0018563658
0.71955943	2.8337364	0.069669217	0.0018561631
0.72102642	2.7643819	0.068377964	0.0018559606
0.72249341	2.8251367	0.069604814	0.0018558085
0.7239604	2.8320289	0.0694803	0.001855606
0.72542739	2.8197217	0.069344886	0.0018554033
0.72689438	2.8902221	0.070780449	0.0018552007
0.72836137	2.817302	0.069285825	0.0018549982
0.72982836	2.8970499	0.071075484	0.0018547955
0.73129535	2.8050389	0.068693787	0.0018545929
0.73276234	2.8106651	0.068790339	0.001854441
0.73422933	2.9216866	0.07170184	0.0018541878
0.73569632	2.7982037	0.068465009	0.0018540359
0.73716331	2.784991	0.067959115	0.0018538333
0.73863029	2.9082298	0.070755817	0.0018536518
0.74009734	2.8779905	0.070374906	0.0018533777
0.74156433	2.9353321	0.071162798	0.0018532258
0.74303132	2.9196429	0.071223862	0.0018530233
0.74449831	2.8865919	0.070146374	0.0018528207
0.7459653	2.8511655	0.06969817	0.0018525677
0.74743229	2.872052	0.069732077	0.0018524159
0.74889928	2.9238937	0.071011424	0.0018522133
0.75036627	2.9470005	0.071112454	0.0018520108
0.75183326	2.9464285	0.071877122	0.0018518084
0.75330025	2.8853502	0.069422752	0.0018516059
0.75476724	2.8596492	0.069145299	0.0018514035
0.75623423	2.8907809	0.070041932	0.0018512011
0.75770122	2.8643067	0.069563322	0.0018509986
0.75916821	2.9220855	0.070717536	0.0018507962
0.7606352	2.9034123	0.069817424	0.0018505432
0.76210219	2.8934331	0.069436446	0.0018503914
0.76356918	2.9466588	0.071332932	0.0018501384
0.76503617	2.8720794	0.069405004	0.0018499866
0.76650316	2.9216247	0.069872595	0.0018497336
0.76797014	2.9867053	0.071799651	0.0018495818
0.76943713	2.8812866	0.069668695	0.0018493795
0.77090412	2.8798382	0.069210209	0.0018491265
0.77237111	2.8553314	0.068541586	0.0018489748
0.7738381	2.8912301	0.068987422	0.0018487219
0.77530509	2.8674698	0.068675138	0.0018485195
0.77677208	2.9465737	0.07099925	0.0018483173
0.77823907	3.0153584	0.071909152	0.001848115
0.77970606	2.9443498	0.070155323	0.0018479337
0.78117311	2.9006283	0.069310389	0.0018476598
0.7826401	2.9862227	0.071540527	0.0018474576
0.78410709	2.9896669	0.07162343	0.0018472553
0.78557408	3.0253806	0.071842737	0.0018470531
0.78704107	2.9044659	0.069048539	0.0018468507
0.78850806	2.9316628	0.069952562	0.001846598
0.78997505	2.9176538	0.069283605	0.0018464463
0.79144204	2.9302588	0.069485426	0.0018462441
0.79290903	2.9546227	0.070360646	0.0018459914
0.79437602	2.9018612	0.068909131	0.0018457891
0.79584301	2.9353206	0.069605157	0.0018455869
0.79730999	2.8926554	0.068747967	0.0018453847
0.79877698	2.89099	0.06817168	0.001845132
0.80024397	2.8552113	0.067762449	0.0018449299
0.80171096	2.983835	0.070440166	0.0018447277
0.80317795	2.9501109	0.069449946	0.0018444749
0.80464494	2.9825647	0.070726052	0.0018442728
0.80611193	2.993865	0.070695996	0.0018440707
0.80757892	2.8914254	0.068219803	0.0018438686
0.80904591	2.9938855	0.070579231	0.0018436159
0.8105129	2.9135463	0.068362363	0.0018434138
0.81197989	2.8376117	0.067025155	0.0018431612
0.81344688	2.9551742	0.069511943	0.0018430096
0.81491387	2.9604831	0.069349252	0.0018427571
0.81638086	3.0066261	0.070644096	0.001842555
0.81784785	2.9385629	0.068816707	0.0018423024
0.81931484	2.9532454	0.069255777	0.0018421215
0.82078189	2.96527	0.06961453	0.0018418983
0.82224888	3.0588882	0.071753383	0.0018416458
0.82371587	2.9649122	0.069414541	0.0018414438
0.82518286	2.9306233	0.068220548	0.0018411913
0.82664984	2.9874179	0.069865346	0.0018409893
0.82811683	2.9475124	0.068913579	0.0018407872
0.82958382	2.8682635	0.06691426	0.0018405853
0.83105081	2.941113	0.068354331	0.0018403329
0.8325178	2.9407287	0.068567462	0.0018401309
0.83398479	2.9475124	0.068913281	0.0018398785
0.83545178	2.9978142	0.070070893	0.0018396765
0.83691877	3.0107412	0.069765098	0.0018394241
0.83838576	2.979548	0.06911692	0.0018392222
0.83985275	3.0021541	0.069660224	0.0018390203
0.84131974	2.9503775	0.068514042	0.0018387679
0.84278673	2.9683137	0.068782344	0.001838566
0.84425372	2.9828234	0.069100156	0.0018383641
0.84572071	2.9827585	0.069228567	0.0018381118
0.8471877	2.9257083	0.067631379	0.0018378594
0.84865469	3.0005388	0.069641337	0.0018376575
0.85012168	3.0159235	0.069476396	0.0018374053
0.85158867	2.9567308	0.068330869	0.0018372034
0.85305566	3.0945802	0.071326286	0.0018370016
0.85452265	3.0037076	0.069121666	0.0018367494
0.85598963	2.9344609	0.067456536	0.0018364971
0.85745662	2.9343221	0.067524992	0.0018362952
0.85892361	3.0005319	0.069195606	0.0018360642
0.86039066	3.0191693	0.069662124	0.0018358412
0.86185765	2.9778714	0.068346627	0.0018355891
0.86332464	3.0578947	0.070146181	0.0018353873
0.86479163	3.0204833	0.069215246	0.0018351352
0.86625862	2.9831491	0.068449892	0.001834883
0.86772561	2.9973781	0.068631962	0.0018346813
0.8691926	3.0120926	0.069059744	0.0018344795
0.87065959	3.130322	0.071321592	0.0018342274
0.87212658	3.0020909	0.0686322	0.0018339753
0.87359357	3.0714662	0.070402503	0.0018337232
0.87506056	2.975764	0.068298295	0.0018335215
0.87652755	3.0895445	0.070283309	0.0018333198
0.87799454	3.0444903	0.069240309	0.0018330677
0.87946153	3.1035733	0.070620909	0.0018328157
0.88092852	3.0051868	0.068435229	0.0018325637
0.88239551	3.0435233	0.069271617	0.001832362
0.8838625	3.0804954	0.069968864	0.00183211
0.88532948	3.0594008	0.069525465	0.0018319084
0.88679647	3.0533125	0.069458701	0.0018316564
0.88826346	3.0616651	0.069398351	0.0018314044
0.88973045	3.1345661	0.071032584	0.0018312029
0.89119744	3.1273851	0.071015403	0.001830951
0.89266443	3.0660183	0.069354452	0.0018306989
0.89413142	3.0513084	0.069110163	0.0018304974
0.89559841	3.1736498	0.071298651	0.0018302455
0.8970654	3.1322017	0.071033463	0.0018299936
0.89853239	3.1353691	0.070724651	0.0018298134
0.89999944	3.1638505	0.071585841	0.0018294898
0.90146643	3.1726251	0.071692578	0.001829238
0.90293342	3.1531441	0.070999041	0.0018290365
0.90440041	3.1841047	0.07140708	0.0018287847
0.9058674	3.1542363	0.07104174	0.0018285832
0.90733439	3.117528	0.070161507	0.0018283314
0.90880138	3.1487646	0.070703439	0.0018280796
0.91026837	3.1476815	0.070661157	0.0018278279
0.91173536	3.2115769	0.07173574	0.0018276264
0.91320235	3.1425683	0.07065326	0.0018273747
0.91466933	3.1837456	0.071524985	0.0018271229
0.91613632	3.2156863	0.072097592	0.0018268712
0.91760331	3.198	0.071503453	0.0018266698
0.9190703	3.222558	0.072306059	0.0018263678
0.92053729	3.1949654	0.070975699	0.0018261161
0.92200428	3.2609131	0.073038183	0.0018259147
0.92347127	3.3095591	0.073649012	0.001825663
0.92493826	3.2011952	0.071432464	0.0018254115
0.92640525	3.1712024	0.070535168	0.0018251598
0.92787224	3.3009951	0.073622413	0.0018249082
0.92933923	3.2965174	0.073522568	0.0018247069
0.93080622	3.2328699	0.072031595	0.0018244049
0.93227321	3.2916052	0.072925135	0.0018242038
0.9337402	3.2529645	0.072299771	0.0018239522
0.93520719	3.262666	0.072355062	0.0018236503
0.93667418	3.3044126	0.073571131	0.001823449
0.93814117	3.3354368	0.073482662	0.0018231976
0.93960816	3.3370841	0.073806107	0.0018229673
0.94107521	3.3397532	0.074211031	0.0018226946
0.9425422	3.3553598	0.074228346	0.0018224431
0.94400918	3.3978496	0.075113505	0.0018221915
0.94547617	3.4324987	0.076046705	0.0018219402
0.94694316	3.3134401	0.072980501	0.0018216887
0.94841015	3.329617	0.073301017	0.0018214373
0.94987714	3.3508434	0.07355459	0.0018211858
0.95134413	3.3323572	0.07361152	0.0018209345
0.95281112	3.3609095	0.073918566	0.0018207333
0.95427811	3.3415103	0.073279351	0.0018204317
0.9557451	3.3704062	0.074109435	0.0018201803
0.95721209	3.4213321	0.075156949	0.0018199793
0.95867908	3.4678588	0.076234087	0.0018197279
0.96014607	3.4396925	0.075396255	0.0018194263
0.96161306	3.4374404	0.075112894	0.0018192253
0.96308005	3.4547629	0.075582124	0.0018189237
0.96454704	3.506238	0.076799572	0.0018186725
0.96601403	3.4372003	0.075251363	0.0018184212
0.96748102	3.5387909	0.077198632	0.00181817
0.96894801	3.4643025	0.075323217	0.0018179187
0.970415	3.4997625	0.076274611	0.0018176675
0.97188199	3.4665718	0.075479776	0.0018174164
0.97334898	3.4309099	0.075276241	0.0018171652
0.97481596	3.467551	0.075464867	0.001816914
0.97628295	3.5344746	0.077068023	0.0018166126
0.97774994	3.5190051	0.076225057	0.0018163614
0.97921693	3.5087059	0.076109201	0.0018161318
0.98068398	3.5066226	0.076261707	0.0018158592
0.98215097	3.4821429	0.075479895	0.0018156081
0.98361796	3.5063291	0.075914785	0.001815357
0.98508495	3.5997198	0.077790923	0.001815106
0.98655194	3.4671052	0.075153239	0.0018148047
0.98801893	3.5513666	0.077088773	0.0018145536
0.98948592	3.5497675	0.076551072	0.0018143026
0.99095291	3.6038625	0.078209735	0.0018140516
0.9924199	3.594732	0.077269204	0.0018138007
0.99388689	3.5809612	0.077349901	0.0018135497
0.99535388	3.6283596	0.078100435	0.0018132987
0.99682087	3.6220767	0.07832925	0.0018129975
0.99828786	3.6049609	0.077257767	0.0018127466
0.99975485	3.6038871	0.07752011	0.0018125672
1.0012219	3.6828032	0.079071231	0.0018121946
1.0026889	3.6251729	0.077834554	0.0018119939
1.0041559	3.6697717	0.079194099	0.0018116928
1.0056229	3.6167278	0.077527709	0.0018114921
1.0070899	3.5961361	0.077121593	0.0018110907
1.0085568	3.6681881	0.078361407	0.0018108902
1.0100238	3.5463302	0.075948834	0.0018105891
1.0114908	3.6803842	0.078693695	0.0018103885
1.0129578	3.6580145	0.078054972	0.0018100876
1.0144248	3.666362	0.078375943	0.0018098869
1.0158918	3.7767613	0.080772988	0.0018095861
1.0173588	3.7158988	0.078967243	0.0018092851
1.0188258	3.751482	0.080104053	0.0018090846
1.0202928	3.701092	0.078938119	0.0018087837
1.0217597	3.7371042	0.079490006	0.0018084829
1.0232267	3.7807174	0.080055945	0.0018081821
1.0246937	3.7479601	0.079793021	0.0018079815
1.0261607	3.7285392	0.079039611	0.0018077811
1.0276277	3.8306997	0.081388772	0.0018074802
1.0290947	3.7958634	0.080484897	0.0018071795
1.0305617	3.8380566	0.081398137	0.0018068787
1.0320287	3.7926393	0.080344722	0.0018066783
1.0334957	3.8150289	0.080440871	0.0018063775
1.0349627	3.7869663	0.080278419	0.001806077
1.0364296	3.8046699	0.080617286	0.0018057763
1.0378966	3.8680587	0.081522614	0.0018055759
1.0393636	3.9319606	0.083184302	0.0018052752
1.0408306	3.9054658	0.082660303	0.0018049746
1.0422976	3.8672841	0.081200421	0.001804674
1.0437646	3.883007	0.081892386	0.0018044737
1.0452316	3.8652987	0.081627794	0.0018041732
1.0466986	3.8651142	0.081011981	0.0018038726
1.0481656	3.9220324	0.08207906	0.0018036723
1.0496325	3.9315069	0.082640119	0.0018033718
1.0510995	3.9756744	0.083605297	0.0018030714
1.0525665	3.9973404	0.084154218	0.001802771
1.0540335	4.0026293	0.083784088	0.0018025707
1.0555005	3.9293962	0.082797028	0.0018022703
1.0569675	3.9255226	0.081919052	0.0018019699
1.0584345	3.9517181	0.08241225	0.0018016695
1.0599015	3.9333043	0.082117476	0.0018014692
1.0613685	4.0615115	0.085128814	0.0018012691
1.0628355	4.014348	0.08370024	0.0018008687
1.0643024	4.063313	0.084610961	0.0018005684
1.0657694	4.0839562	0.085617818	0.0018003682
1.0672364	3.9732528	0.082521074	0.0018001681
1.0687034	4.0601473	0.084453657	0.0017997677
1.0701704	4.0763826	0.085403241	0.0017995676
1.0716374	4.1648588	0.086744338	0.0017991674
1.0731044	4.1040139	0.085255057	0.0017989672
1.0745714	4.0829749	0.08465381	0.001798667
1.0760384	4.1755366	0.086498812	0.001798467
1.0775054	4.1912522	0.086787015	0.0017981669
1.0789723	4.1993098	0.087216325	0.00179791
1.0804394	4.1790338	0.0867953	0.0017975667
1.0819064	4.1410966	0.085364997	0.0017972667
1.0833734	4.2701321	0.08813747	0.0017970667
1.0848404	4.2970767	0.089093611	0.0017967665
1.0863074	4.2616625	0.087757744	0.0017963665
1.0877744	4.2199402	0.087288082	0.0017961666
1.0892414	4.2231126	0.08672484	0.0017958666
1.0907084	4.2254901	0.087234572	0.0017956666
1.0921754	4.2186441	0.086834684	0.0017953668
1.0936424	4.307272	0.088304602	0.0017950669
1.0951093	4.2106156	0.086761445	0.001794767
1.0965763	4.3046975	0.088549875	0.0017944671
1.0980433	4.3534589	0.089138858	0.0017942672
1.0995103	4.3227849	0.088790774	0.0017938674
1.1009773	4.3246756	0.088512383	0.0017935677
1.1024443	4.3354244	0.088658221	0.0017932679
1.1039113	4.3329163	0.088495985	0.001793068
1.1053783	4.3338962	0.089037485	0.0017927684
1.1068453	4.3694744	0.089224331	0.0017924686
1.1083122	4.4098086	0.089898027	0.0017921689
1.1097792	4.3885403	0.089744523	0.0017918693
1.1112462	4.3987579	0.089505211	0.0017915696
1.1127132	4.3207469	0.08800903	0.0017913699
1.1141802	4.5683603	0.092841424	0.0017910702
1.1156472	4.4147964	0.089999579	0.0017906708
1.1171142	4.4340477	0.090018764	0.001790471
1.1185812	4.4885058	0.090937145	0.0017901715
1.1200482	4.5272727	0.092025451	0.001789872
1.1215152	4.5194116	0.091357522	0.0017896723
1.1229821	4.5496497	0.09234684	0.001789273
1.1244491	4.5122151	0.091814093	0.0017890733
1.1259161	4.4663129	0.090247154	0.001788674
1.1273831	4.5608854	0.092346646	0.0017884744
1.1288501	4.5600982	0.092198648	0.0017881751
1.1303171	4.574666	0.092024446	0.0017877759
1.1317841	4.6052952	0.092941798	0.0017875762
1.1332511	4.5582623	0.091843091	0.0017872769
1.1347181	4.5895767	0.092605755	0.0017869776
1.1361851	4.6597729	0.093831502	0.0017866783
1.137652	4.6403685	0.092858896	0.001786379
1.139119	4.6600323	0.093912855	0.0017861795
1.140586	4.6882024	0.093910128	0.0017857805
1.142053	4.6115804	0.092467777	0.0017854813
1.14352	4.7005305	0.094941281	0.0017852818
1.144987	4.7118917	0.09412057	0.001784883
1.146454	4.7412896	0.094878331	0.0017845838
1.147921	4.6920276	0.094385087	0.0017842846
1.149388	4.7710652	0.095113225	0.0017840852
1.1508549	4.7976046	0.095851786	0.0017837861
1.1523219	4.7925658	0.095808588	0.001783487
1.1537889	4.7700281	0.095224887	0.001783188
1.1552559	4.804296	0.09581349	0.0017827892
1.1567229	4.8063493	0.095740497	0.0017825899
1.1581899	4.8350434	0.096045949	0.001782291
1.1596569	4.7930765	0.095062159	0.0017820357
1.161124	4.91502	0.097711593	0.0017816931
1.162591	4.8841605	0.096945114	0.0017813941
1.164058	4.8670382	0.09710367	0.0017810953
1.165525	4.8394966	0.095982596	0.0017806968
1.1669919	4.8110452	0.095550098	0.0017804975
1.1684589	4.8634224	0.096343696	0.0017801987
1.1699259	4.9699922	0.098109089	0.0017798998
1.1713929	4.971395	0.098405577	0.0017796011
1.1728599	4.9439034	0.097574972	0.0017792027
1.1743269	5.0023437	0.098863296	0.001778904
1.1757939	4.999218	0.098859333	0.0017787048
1.1772609	5.0387444	0.099176437	0.0017784061
1.1787279	5.0700192	0.099715084	0.0017781074
1.1801949	4.9976707	0.098463818	0.0017778088
1.1816618	5.098948	0.10063508	0.0017775102
1.1831288	5.0760031	0.099698134	0.0017772114
1.1845958	5.0494165	0.099599436	0.0017769129
1.1860628	5.1734419	0.10178863	0.0017766143
1.1875298	5.1207824	0.10026865	0.0017763157
1.1889968	5.1303501	0.10119589	0.0017760172
1.1904638	5.1623278	0.10100463	0.0017756192
1.1919308	5.2291827	0.1021954	0.0017753207
1.1933978	5.2089381	0.10179994	0.0017750222
1.1948647	5.2798924	0.1035233	0.0017747239
1.1963317	5.2501907	0.10252783	0.001774326
1.1977987	5.2638249	0.10314842	0.0017740276
1.1992657	5.2521043	0.10272213	0.0017737292
1.2007327	5.2336626	0.10201082	0.0017734308
1.2021997	5.2368321	0.10193717	0.001773232
1.2036667	5.3318024	0.10430042	0.0017729336
1.2051337	5.3643937	0.10440031	0.001772536
1.2066007	5.2772503	0.10284086	0.0017723371
1.2080677	5.4434714	0.10620113	0.0017720389
1.2095346	5.4496417	0.10583914	0.0017716413
1.2110016	5.3576007	0.10405175	0.0017713431
1.2124686	5.5124907	0.10724209	0.0017710449
1.2139356	5.4358006	0.10563042	0.0017706474
1.2154026	5.5179639	0.10674419	0.0017703493
1.2168696	5.4339767	0.1056947	0.0017701506
1.2183366	5.5325356	0.10698613	0.0017698525
1.2198036	5.5153556	0.10673387	0.0017695545
1.2212706	5.5374203	0.10738222	0.001769157
1.2227376	5.554029	0.10702243	0.001768859
1.2242045	5.5027976	0.10627203	0.0017685611
1.2256715	5.5707388	0.10734431	0.0017681638
1.2271385	5.6298509	0.10874597	0.0017678658
1.2286055	5.6258807	0.10832664	0.0017675679
1.2300725	5.688015	0.11007532	0.0017673693
1.2315395	5.6743493	0.1094018	0.0017670714
1.2330065	5.7591701	0.11085212	0.0017666743
1.2344735	5.6719909	0.10931585	0.0017663765
1.2359405	5.7294292	0.11029993	0.0017660788
1.2374074	5.7468772	0.11014711	0.001765781
1.2388744	5.7283087	0.10983162	0.0017655273
1.2403415	5.6702361	0.10895853	0.0017650862
1.2418085	5.7976627	0.11079526	0.0017647885
1.2432755	5.7405229	0.11012641	0.0017644909
1.2447425	5.8487644	0.11232708	0.0017641932
1.2462095	5.8438988	0.11186305	0.0017638955
1.2476765	5.8567777	0.11194546	0.0017634988
1.2491435	5.8823314	0.11226995	0.0017632012
1.2506105	5.8768277	0.11234928	0.0017629036
1.2520775	5.8420095	0.11145984	0.0017626061
1.2535444	5.9669933	0.11363772	0.0017622093
1.2550114	6.002924	0.11476017	0.0017619119
1.2564784	5.9260883	0.11335341	0.0017616145
1.2579454	5.9967461	0.11401857	0.001761317
1.2594124	5.9956441	0.114225	0.0017610196
1.2608794	6.0250816	0.11486902	0.0017607221
1.2623464	5.9898624	0.11397012	0.0017604248
1.2638134	6.0283966	0.11429036	0.0017601275
1.2652804	6.0293908	0.11414509	0.001759731
1.2667474	6.1112313	0.1159442	0.0017593346
1.2682143	6.118341	0.11568417	0.0017591364
1.2696813	6.1876125	0.11741459	0.0017588392
1.2711483	6.2599421	0.11902311	0.0017584428
1.2726153	6.1188436	0.11559054	0.0017581456
1.2740823	6.1828613	0.11707183	0.0017578485
1.2755493	6.1770353	0.11646145	0.0017575513
1.2770163	6.2684755	0.11843827	0.0017571552
1.2784833	6.2162161	0.11722098	0.001756759
1.2799503	6.1253123	0.11573328	0.0017564619
1.2814173	6.2243023	0.11697891	0.0017561649
1.2828842	6.3255563	0.11983804	0.0017558679
1.2843512	6.2227354	0.11728127	0.0017554719
1.2858182	6.278481	0.11772728	0.0017552739
1.2872852	6.3510523	0.11995558	0.001754878
1.2887522	6.3233109	0.118924	0.001754581
1.2902192	6.3859897	0.11951234	0.0017542841
1.2916862	6.2965832	0.11817061	0.0017538882
1.2931532	6.3886538	0.11991967	0.0017535914
1.2946202	6.4076924	0.11981346	0.0017532946
1.2960871	6.3910122	0.12021819	0.0017528988
1.2975541	6.3956733	0.11946361	0.0017526021
1.2990211	6.3990183	0.119819	0.0017523053
1.3004881	6.3573942	0.11929091	0.0017519096
1.3019551	6.5243225	0.12161219	0.001751613
1.3034221	6.4984393	0.12102488	0.0017513162
1.3048891	6.4274755	0.12001599	0.0017510196
1.3063561	6.4746175	0.12072781	0.001750624
1.3078231	6.5152884	0.12144402	0.0017503275
1.3092901	6.5269003	0.12159708	0.0017500309
1.310757	6.5710335	0.12216511	0.0017496356
1.312224	6.528656	0.12167198	0.0017494378
1.313691	6.6075158	0.1232489	0.0017489436
1.315158	6.5170279	0.12086906	0.0017486472
1.316625	6.5824404	0.12237734	0.0017483507
1.318092	6.5067172	0.12076095	0.0017480543
1.319559	6.6022139	0.12278716	0.0017477035
1.3210261	6.6021986	0.12236457	0.0017473627
1.3224931	6.5991807	0.12193223	0.0017470664
1.3239601	6.621594	0.12220038	0.0017466713
1.3254271	6.6434216	0.1231285	0.0017463749
1.326894	6.654161	0.12288526	0.0017460786
1.328361	6.6127048	0.12220284	0.0017456836
1.329828	6.5818996	0.12209308	0.0017452887
1.331295	6.6267028	0.12229466	0.0017450913
1.332762	6.6379662	0.12221132	0.0017446963
1.334229	6.7192268	0.12372848	0.0017444002
1.335696	6.5985847	0.12113759	0.0017440054
1.337163	6.6920719	0.12343784	0.0017437093
1.33863	6.7281651	0.12378822	0.0017434132
1.340097	6.6535325	0.12262247	0.0017430185
1.3415639	6.6286197	0.12162767	0.0017427225
1.3430309	6.6817112	0.12262244	0.0017423278
1.3444979	6.6709285	0.12236293	0.0017420319
1.3459649	6.7294197	0.12360206	0.001741736
1.3474319	6.6209459	0.12169198	0.0017413413
1.3488989	6.7275467	0.12315289	0.0017409469
1.3503659	6.5780249	0.12076021	0.001740651
1.3518329	6.6513886	0.12165693	0.0017403552
1.3532999	6.6459236	0.12123288	0.0017400593
1.3547668	6.6807652	0.12239907	0.0017396649
1.3562338	6.7330451	0.12276085	0.0017393692
1.3577008	6.6558032	0.1213727	0.0017389749
1.3591678	6.5811625	0.12027171	0.0017386792
1.3606348	6.6432805	0.12056435	0.0017383836
1.3621018	6.6902065	0.12210152	0.0017380879
1.3635688	6.6367254	0.12082401	0.0017375952
1.3650358	6.7439265	0.12219005	0.0017372996
1.3665028	6.5808702	0.11992642	0.001737004
1.3679698	6.5487604	0.1190647	0.00173661
1.3694367	6.6259494	0.12038862	0.0017363145
1.3709037	6.5792079	0.11951958	0.0017359204
1.3723707	6.6411686	0.12032807	0.001735625
1.3738377	6.748446	0.12205166	0.0017352311
1.3753047	6.6430678	0.12026373	0.0017349357
1.3767717	6.6163664	0.11970196	0.0017346403
1.3782387	6.7130899	0.12282658	0.0017342465
1.3797057	6.6381907	0.12149686	0.0017338528
1.3811727	6.6674576	0.12275425	0.0017335574
1.3826396	6.5987697	0.12198681	0.0017332622
1.3841066	6.7237835	0.12446818	0.0017328685
1.3855736	6.5276728	0.12102462	0.0017325734
1.3870406	6.5286713	0.12207557	0.0017321798
1.3885076	6.6106873	0.12313621	0.0017318845
1.3899746	6.5526314	0.12273825	0.0017314911
1.3914416	6.5842657	0.12311502	0.0017310976
1.3929086	6.594604	0.12343791	0.0017308026
1.3943756	6.5847187	0.12384012	0.0017305075
1.3958426	6.5056982	0.12276711	0.0017301141
1.3973095	6.5817666	0.12396006	0.0017297207
1.3987765	6.5475001	0.12373213	0.0017295692
1.4002436	6.4813762	0.12206919	0.0017290326
1.4017106	6.4649501	0.12225949	0.0017287377
1.4031776	6.540966	0.12371927	0.0017284427
1.4046446	6.4987407	0.12327404	0.0017280496
1.4061116	6.4732661	0.12303445	0.0017276566
1.4075786	6.4146342	0.12148181	0.0017273617
1.4090456	6.3590112	0.12036365	0.0017270669
1.4105126	6.380486	0.12151257	0.0017266739
1.4119796	6.4757423	0.12321513	0.001726281
1.4134465	6.4255705	0.12228265	0.0017259864
1.4149135	6.4393716	0.12305889	0.0017256917
1.4163805	6.3634706	0.12149723	0.0017252006
1.4178475	6.321701	0.12052424	0.001724906
1.4193145	6.341846	0.12112875	0.0017245132
1.4207815	6.3424706	0.12125117	0.0017242187
1.4222485	6.317647	0.1211313	0.0017239242
1.4237155	6.2876511	0.1203574	0.0017235315
1.4251825	6.2055044	0.11887199	0.0017232371
1.4266495	6.2596364	0.11936265	0.0017228444
1.4281164	6.2209558	0.11927738	0.0017224519
1.4295834	6.2232175	0.12023026	0.0017221576
1.4310504	6.1805506	0.11839391	0.0017217651
1.4325174	6.2178545	0.11917439	0.0017213727
1.4339844	6.1700554	0.11862885	0.0017209803
1.4354514	6.1614447	0.11828854	0.001720686
1.4369184	6.2226372	0.12026399	0.0017202938
1.4383854	6.1500373	0.1186615	0.0017199995
1.4398524	6.1858573	0.11902083	0.0017196073
1.4413193	6.1290083	0.11834384	0.0017193131
1.4427863	6.0904708	0.11727224	0.001718921
1.4442533	6.123558	0.11812863	0.0017186269
1.4457203	6.0760016	0.11756157	0.0017182349
1.4471873	6.0163937	0.11612608	0.0017179408
1.4486543	6.0685391	0.11743926	0.0017175488
1.4501213	5.9992533	0.11590313	0.0017171568
1.4515883	5.9511924	0.1148674	0.0017168629
1.4530553	5.9577041	0.11577228	0.0017164709
1.4545223	5.8314567	0.11297801	0.0017160792
1.4559892	5.978466	0.11619753	0.0017156873
1.4574562	5.9996271	0.11582407	0.0017153935
1.4589232	5.8873873	0.11406177	0.0017150018
1.4603902	5.9000759	0.11478236	0.0017147081
1.4618572	5.822423	0.11293023	0.0017143163
1.4633242	5.8006768	0.11248718	0.0017140226
1.4647912	5.8003011	0.11247996	0.0017136311
1.4662582	5.8534384	0.11346798	0.0017132396
1.4677252	5.8226113	0.11359832	0.0017129459
1.4691921	5.737618	0.11155847	0.0017124566
1.4706591	5.8139796	0.11270286	0.0017122609
1.4721261	5.7526436	0.11178745	0.0017117717
1.4735931	5.7930646	0.1124665	0.0017114782
1.4750601	5.7143946	0.11165698	0.0017110868
1.4765271	5.7881098	0.11298984	0.0017107935
1.4779941	5.6872411	0.11032897	0.0017104022
1.4794611	5.6483727	0.10988571	0.0017100566
1.4809282	5.6323977	0.10969918	0.0017097177
1.4823952	5.6297431	0.11021329	0.0017093266
1.4838622	5.6182714	0.10938302	0.0017089356
1.4853292	5.5160923	0.1073324	0.0017085446
1.4867961	5.5879664	0.10904089	0.0017081535
1.4882631	5.5189295	0.10792011	0.0017078604
1.4897301	5.4880953	0.10754337	0.0017074695
1.4911971	5.4845948	0.10696261	0.0017071763
1.4926641	5.4959879	0.10743028	0.0017067855
1.4941311	5.4912348	0.10719412	0.0017063947
1.4955981	5.5079908	0.10743961	0.001706004
1.4970651	5.3842325	0.10532627	0.001705711
1.4985321	5.3967829	0.10561214	0.0017053203
1.499999	5.3770618	0.10530688	0.0017050274
1.501466	5.3455238	0.10432987	0.0017046368
1.502933	5.4481568	0.10676078	0.0017042463
1.5044	5.3997688	0.10601615	0.0017039534
1.505867	5.2913327	0.10339048	0.0017035629
1.507334	5.2924418	0.10313679	0.0017031726
1.508801	5.3010006	0.10399702	0.0017027822
1.510268	5.2032924	0.10180604	0.0017023919
1.511735	5.1860018	0.10197639	0.0017020991
1.513202	5.1363287	0.10065008	0.0017017089
1.5146689	5.2205267	0.10196792	0.0017013187
1.5161359	5.089437	0.099923246	0.0017010261
1.5176029	5.1881227	0.10154829	0.001700636
1.5190699	5.1440678	0.10095693	0.0017002459
1.5205369	5.1967654	0.10197143	0.0016998559
1.5220039	5.1827955	0.10156066	0.0016994659
1.5234709	5.0723405	0.099760547	0.0016991734
1.5249379	5.075624	0.099441461	0.0016987835
1.5264049	5.0873938	0.10003766	0.0016983936
1.5278718	5.1211658	0.10027578	0.0016980038
1.5293388	5.1072116	0.10029145	0.001697614
1.5308058	5.1293707	0.10109773	0.0016973217
1.5322728	4.9560061	0.096930504	0.001696932
1.5337398	4.924448	0.096926875	0.0016965424
1.5352068	4.9926586	0.098136604	0.0016962502
1.5366738	5.0257792	0.098578356	0.0016957632
1.5381408	5.0334373	0.099245496	0.001695471
1.5396078	4.9017653	0.0960164	0.0016950816
1.5410748	4.9479814	0.097484641	0.0016947894
1.5425417	4.9589305	0.097605616	0.0016943027
1.5440087	4.8805737	0.096100509	0.0016939134
1.5454757	4.8554778	0.095699273	0.0016936214
1.5469427	4.8739977	0.095235407	0.0016932321
1.5484097	4.8646441	0.095935673	0.0016927455
1.5498767	4.861413	0.095778942	0.0016924536
1.5513437	4.8979831	0.096462257	0.0016921618
1.5528107	4.7768722	0.09409517	0.0016916754
1.5542777	4.7727098	0.093831137	0.0016912863
1.5557446	4.8102646	0.094844982	0.0016909946
1.5572116	4.7509685	0.093494013	0.0016906057
1.5586786	4.7398844	0.093042113	0.0016902627
1.5601457	4.6862364	0.092399321	0.0016898278
1.5616127	4.6770916	0.092470698	0.0016894389
1.5630797	4.7098646	0.092631549	0.0016891473
1.5645467	4.7368832	0.093379848	0.0016886614
1.5660137	4.6736517	0.092061758	0.0016883699
1.5674807	4.684804	0.092353344	0.0016879812
1.5689477	4.5686274	0.090468071	0.0016875926
1.5704147	4.5973878	0.090105869	0.0016873012
1.5718817	4.6411653	0.091457188	0.0016868155
1.5733486	4.643024	0.091653876	0.0016865241
1.5748156	4.573204	0.090117931	0.0016860386
1.5762826	4.5521278	0.089947246	0.0016857473
1.5777496	4.595099	0.090619884	0.0016853589
1.5792166	4.5826497	0.090585798	0.0016849706
1.5806836	4.5892859	0.090417482	0.0016846793
1.5821506	4.4444013	0.087477826	0.0016841941
1.5836176	4.46205	0.088253699	0.0016839029
1.5850846	4.4392996	0.087564386	0.0016834177
1.5865515	4.3637428	0.08615759	0.0016830297
1.5880185	4.4873981	0.08835832	0.0016826416
1.5894855	4.4839215	0.088790238	0.0016823506
1.5909525	4.4206009	0.087314323	0.0016819626
1.5924195	4.4120173	0.087144829	0.0016815747
1.5938865	4.4366794	0.087174095	0.0016812838
1.5953535	4.4396887	0.087571785	0.0016808959
1.5968205	4.3057075	0.085128054	0.0016804113
1.5982875	4.3394246	0.085560761	0.0016800235
1.5997545	4.2929215	0.084891744	0.0016797327
1.6012214	4.328527	0.085445724	0.001679345
1.6026884	4.3109732	0.084884346	0.0016789575
1.6041554	4.2548866	0.084123008	0.001678473
1.6056224	4.2033634	0.083120592	0.0016781824
1.6070894	4.2960939	0.084904619	0.0016777948
1.6085564	4.2376509	0.083570525	0.0016774074
1.6100234	4.300313	0.085087761	0.0016770201
1.6114904	4.2421422	0.083561309	0.0016766328
1.6129574	4.2156324	0.083542928	0.0016762455
1.6144243	4.1934977	0.0829904	0.001675955
1.6158913	4.1803408	0.08223246	0.0016755678
1.6173583	4.2399998	0.083960168	0.0016750839
1.6188253	4.1739302	0.082329862	0.0016746968
1.6202923	4.1045008	0.081197366	0.0016744065
1.6217593	4.1806149	0.082477629	0.0016740195
1.6232263	4.101541	0.081522368	0.0016735358
1.6246933	4.0159225	0.079135947	0.0016731488
1.6261603	4.1599531	0.082262218	0.001672762
1.6276273	3.9976442	0.079207286	0.0016723751
1.6290942	4.0469356	0.079700612	0.001672085
1.6305612	4.0903425	0.080712192	0.0016716983
1.6320282	4.0331125	0.079598255	0.0016713116
1.6334952	4.036499	0.079961769	0.0016709249
1.6349622	4.0128355	0.079136431	0.0016704417
1.6364292	4.0344963	0.079874784	0.0016701518
1.6378962	4.0269847	0.079632647	0.0016697652
1.6393632	4.080626	0.080725059	0.0016694254
1.6408303	4.0039015	0.079083323	0.0016689923
1.6422973	3.9782355	0.078423396	0.0016685094
1.6437643	3.9438555	0.078141421	0.0016682197
1.6452312	3.8636186	0.076371893	0.0016678334
1.6466982	3.9275362	0.077726811	0.0016674472
1.6481652	3.9542458	0.077860072	0.001667061
1.6496322	3.9537001	0.078646302	0.0016666749
1.6510992	3.8730531	0.076424308	0.0016661923
1.6525662	3.8949647	0.077248834	0.0016658063
1.6540332	3.8646441	0.076214015	0.0016655168
1.6555002	3.8850665	0.076811038	0.0016650343
1.6569672	3.8403921	0.076046862	0.0016647449
1.6584342	3.8135991	0.075383544	0.001664359
1.6599011	3.8396559	0.075928286	0.0016638768
1.6613681	3.8406873	0.075889446	0.0016635875
1.6628351	3.7926013	0.075233132	0.0016632017
1.6643021	3.7857983	0.074980304	0.001662816
1.6657691	3.7194979	0.073667325	0.0016623341
1.6672361	3.8265584	0.075287253	0.0016619485
1.6687031	3.7963836	0.07526394	0.0016616593
1.6701701	3.6519186	0.072257742	0.0016611775
1.6716371	3.7726219	0.074183233	0.0016607922
1.673104	3.6936054	0.073154271	0.0016605031
1.674571	3.7063429	0.073334724	0.0016600215
1.676038	3.653651	0.072193272	0.0016596362
1.677505	3.6313527	0.071794771	0.0016592509
1.678972	3.6052632	0.071446531	0.0016587694
1.680439	3.6844566	0.072716892	0.0016583843
1.681906	3.6015038	0.071639881	0.0016580955
1.683373	3.6914728	0.072671458	0.0016577105
1.68484	3.6742277	0.072656557	0.0016573255
1.686307	3.635262	0.071871877	0.0016569406
1.6877739	3.6338522	0.071676351	0.0016564595
1.6892409	3.6652377	0.072351471	0.0016560747
1.6907079	3.6111329	0.071492702	0.0016556899
1.6921749	3.6271119	0.07189364	0.0016553052
1.6936419	3.5233462	0.069496483	0.0016549204
1.6951089	3.5330465	0.069864802	0.0016545358
1.6965759	3.5414062	0.069988772	0.0016541512
1.6980429	3.5120127	0.06969437	0.0016536706
1.6995099	3.5356038	0.069548838	0.001653286
1.7009768	3.5603313	0.070695028	0.0016529977
1.7024438	3.4636719	0.068452701	0.0016526133
1.7039108	3.4725275	0.068788953	0.0016521328
1.7053778	3.4756525	0.068595737	0.0016517485
1.7068448	3.4559054	0.068567522	0.0016513644
1.7083118	3.4618993	0.068430908	0.0016509801
1.7097788	3.3695061	0.066448629	0.001650596
1.7112458	3.497067	0.069153152	0.0016501159
1.7127128	3.451324	0.068102017	0.0016498278
1.7141798	3.4540498	0.068155862	0.0016494439
1.7156467	3.3863637	0.067029424	0.0016489639
1.7171137	3.4160469	0.067577161	0.001648676
1.7185807	3.4132295	0.067324184	0.0016482434
1.7200478	3.3971744	0.067296118	0.0016478124
1.7215148	3.3430254	0.066262461	0.0016474286
1.7229818	3.3530321	0.06589371	0.0016470449
1.7244488	3.4066405	0.067325458	0.0016466613
1.7259158	3.3506241	0.066166386	0.0016462777
1.7273828	3.288162	0.064882383	0.0016457982
1.7288498	3.3303149	0.066075481	0.0016454147
1.7303168	3.247586	0.063821502	0.0016450313
1.7317837	3.2950177	0.065259665	0.0016446479
1.7332507	3.3212476	0.065573312	0.0016442646
1.7347177	3.3228593	0.065849848	0.0016437855
1.7361847	3.3253012	0.065551475	0.0016434023
1.7376517	3.2653544	0.064786367	0.001643019
1.7391187	3.1937864	0.062934384	0.0016425401
1.7405857	3.2766457	0.064857379	0.0016422528
1.7420527	3.1735892	0.062817395	0.0016418698
1.7435197	3.2104857	0.06303148	0.0016414868
1.7449867	3.2022736	0.063397735	0.0016410082
1.7464536	3.221875	0.063673481	0.0016405295
1.7479206	3.2136188	0.063386366	0.0016402424
1.7493876	3.168745	0.062550239	0.0016397639
1.7508546	3.1263735	0.061931197	0.0016393813
1.7523216	3.1686001	0.062305011	0.0016389985
1.7537886	3.0885336	0.060990416	0.001638616
1.7552556	3.1804688	0.06285508	0.0016382334
1.7567226	3.1703446	0.062375497	0.0016378509
1.7581896	3.1081188	0.061401259	0.0016374683
1.7596565	3.0693958	0.060600642	0.0016370859
1.7611235	3.0497668	0.060131226	0.001636608
1.7625905	3.0121808	0.059704129	0.0016362257
1.7640575	3.0464935	0.059961975	0.0016358434
1.7655245	3.055253	0.060262889	0.0016354612
1.7669915	3.010555	0.05952042	0.0016349836
1.7684585	3.0564263	0.060498066	0.0016346014
1.7699255	3.0496509	0.060058918	0.0016342194
1.7713925	3.0432243	0.060048867	0.0016338374
1.7728595	3.0421338	0.059806503	0.0016333599
1.7743264	3.0645287	0.060599376	0.0016329781
1.7757934	2.9727943	0.058602206	0.0016325962
1.7772604	3.0129259	0.059625227	0.0016321191
1.7787274	3.0027153	0.05913461	0.0016317373
1.7801944	2.8815331	0.056692813	0.0016313556
1.7816614	2.9632494	0.058278132	0.0016308785
1.7831284	2.9362364	0.057892609	0.001630497
1.7845954	2.8672876	0.056478381	0.0016301156
1.7860624	2.8857927	0.057165112	0.0016297341
1.7875293	2.9082818	0.057208218	0.0016293527
1.7889963	2.8891482	0.056975268	0.001628876
1.7904633	2.9463661	0.058081251	0.0016284947
1.7919303	2.9133828	0.057542764	0.0016281134
1.7933973	2.9075234	0.057550676	0.001627637
1.7948643	2.9155092	0.057261951	0.001627351
1.7963313	2.927357	0.057538942	0.0016268747
1.7977983	2.8753893	0.056737032	0.0016264936
1.7992653	2.8494956	0.056116793	0.0016261605
1.8007324	2.7884092	0.054988433	0.0016256365
1.8021994	2.8456743	0.056172401	0.0016252557
1.8036664	2.8888462	0.056650613	0.0016248749
1.8051333	2.7791102	0.054656405	0.0016244941
1.8066003	2.7887158	0.055005323	0.0016240182
1.8080673	2.851752	0.055955518	0.0016236375
1.8095343	2.8108747	0.055790551	0.0016231618
1.8110013	2.743865	0.053724576	0.0016227813
1.8124683	2.7698631	0.054793432	0.0016224007
1.8139353	2.7639534	0.054411013	0.0016219253
1.8154023	2.8254278	0.055707578	0.0016216399
1.8168693	2.8037925	0.055152446	0.0016211645
1.8183362	2.7375722	0.05373551	0.0016207843
1.8198032	2.7420604	0.053959098	0.001620309
1.8212702	2.6960938	0.053281922	0.0016199289
1.8227372	2.7310212	0.053607047	0.0016195488
1.8242042	2.7340302	0.053790793	0.0016190737
1.8256712	2.7208943	0.053418543	0.0016186937
1.8271382	2.6761978	0.052601643	0.0016183137
1.8286052	2.6592765	0.052441545	0.0016179339
1.8300722	2.7039449	0.052912857	0.0016174591
1.8315392	2.6499805	0.052401301	0.0016170793
1.8330061	2.6562378	0.052199628	0.0016166046
1.8344731	2.6471508	0.052294135	0.0016161301
1.8359401	2.6442049	0.05188309	0.0016158454
1.8374071	2.5472426	0.050018929	0.001615371
1.8388741	2.6021504	0.050988756	0.0016149915
1.8403411	2.6287379	0.051799051	0.0016145172
1.8418081	2.5731895	0.050499082	0.0016141378
1.8432751	2.6405764	0.052103352	0.0016137585
1.8447421	2.6343226	0.051383056	0.0016133792
1.846209	2.5603583	0.050520252	0.0016129052
1.847676	2.5635529	0.050155651	0.001612526
1.849143	2.5297549	0.049887177	0.0016120522
1.85061	2.574353	0.050590169	0.0016116732
1.852077	2.5480769	0.049967658	0.0016112941
1.853544	2.5286105	0.049884167	0.0016108205
1.855011	2.4502699	0.048104879	0.0016104416
1.856478	2.4963477	0.048943959	0.0016100628
1.857945	2.5011592	0.049160752	0.0016095893
1.859412	2.5285769	0.049518365	0.0016092106
1.8608789	2.474767	0.048755236	0.0016087374
1.8623459	2.4849179	0.048551921	0.0016083588
1.8638129	2.4539144	0.048185918	0.0016079802
1.8652799	2.4408274	0.047763269	0.0016075072
1.8667469	2.4377899	0.047915209	0.0016070342
1.8682139	2.4015443	0.047184784	0.0016067504
1.8696809	2.4103448	0.047175691	0.0016062775
1.8711479	2.4431951	0.04810543	0.0016058048
1.8726149	2.3692484	0.046389397	0.0016055211
1.8740819	2.3859785	0.046824612	0.0016049539
1.8755488	2.4204676	0.0473831	0.0016046704
1.8770158	2.4443586	0.048044585	0.0016041979
1.8784828	2.3801079	0.046727501	0.0016037739
1.8799499	2.3686619	0.046244819	0.0016033476
1.8814169	2.3878021	0.046761647	0.0016029697
1.8828839	2.4095602	0.047115359	0.0016024975
1.8843509	2.3751938	0.046757326	0.0016021198
1.8858179	2.3212237	0.045387946	0.0016016477
1.8872849	2.3266253	0.045765683	0.0016012702
1.8887519	2.3205228	0.045487721	0.0016007982
1.8902189	2.2436142	0.043803412	0.0016004208
1.8916858	2.2777352	0.044546228	0.0016000434
1.8931528	2.2803845	0.044717878	0.001599666
1.8946198	2.3559647	0.046137828	0.0015991944
1.8960868	2.3118813	0.045110654	0.0015987228
1.8975538	2.3248751	0.045581631	0.0015983456
1.8990208	2.2160399	0.043405887	0.0015979685
1.9004878	2.2753177	0.044644285	0.0015974971
1.9019548	2.2043545	0.04307783	0.0015971201
1.9034218	2.239784	0.043972217	0.0015966489
1.9048887	2.2609525	0.044125292	0.0015962721
1.9063557	2.2364399	0.043704905	0.0015958953
1.9078227	2.2826502	0.04466809	0.0015953301
1.9092897	2.1931906	0.042892572	0.0015949534
1.9107567	2.273247	0.04437346	0.0015945768
1.9122237	2.2485747	0.043833539	0.001594106
1.9136907	2.202843	0.043171905	0.0015937295
1.9151577	2.1529052	0.04208827	0.001593353
1.9166247	2.1745121	0.04253519	0.0015928824
1.9180917	2.216558	0.043391269	0.0015925061
1.9195586	2.1576939	0.042157806	0.0015920358
1.9210256	2.1827548	0.04263128	0.0015916595
1.9224926	2.1474848	0.041918185	0.0015912834
1.9239596	2.1681957	0.042387228	0.0015908132
1.9254266	2.1843004	0.042532247	0.0015903432
1.9268936	2.1314285	0.04159705	0.0015899672
1.9283606	2.1057436	0.041064363	0.0015894972
1.9298276	2.1098776	0.04127885	0.0015891214
1.9312946	2.0957284	0.040923785	0.0015886517
1.9327615	2.1172862	0.041447442	0.0015882759
1.9342285	2.124763	0.041372471	0.0015878063
1.9356955	2.0891428	0.040771659	0.0015873368
1.9371625	2.1103921	0.041170649	0.0015869612
1.9386295	2.0926847	0.040950019	0.0015865857
1.9400965	2.1310241	0.041345704	0.0015861164
1.9415635	2.0917397	0.040806863	0.0015856472
1.9430305	2.0003808	0.03903193	0.0015852719
1.9444975	2.0450039	0.039932877	0.0015848029
1.9459645	1.977073	0.038643133	0.0015844277
1.9474314	1.9583175	0.038116693	0.0015839587
1.9488984	2.0314393	0.039532807	0.0015835837
1.9503654	2.0472741	0.039969616	0.001583115
1.9518324	2.0224335	0.039431997	0.00158274
1.9532994	2.0180113	0.039086614	0.0015822714
1.9547664	2.0308218	0.039610744	0.0015818966
1.9562334	1.9764169	0.038542304	0.0015814281
1.9577004	1.9794755	0.038587127	0.0015810535
1.9591674	1.9707224	0.038423847	0.0015806344
1.9606345	1.9295721	0.037542921	0.0015801169
1.9621015	1.9522728	0.037992094	0.0015797424
1.9635684	2.0151687	0.039238505	0.001579368
1.9650354	1.9389689	0.037747506	0.0015789
1.9665024	1.9733284	0.038242694	0.0015785256
1.9679694	1.9734346	0.038440011	0.0015780579
1.9694364	1.9533914	0.0380207	0.0015775901
1.9709034	1.9175532	0.037372865	0.001577216
1.9723704	1.9164451	0.037344243	0.0015768419
1.9738374	1.904744	0.036955114	0.0015762809
1.9753044	1.9427495	0.037699513	0.001575907
1.9767714	1.9548216	0.038084861	0.0015755332
1.9782383	1.89789	0.036835842	0.0015750659
1.9797053	1.9014297	0.036876854	0.0015745987
1.9811723	1.8308214	0.035534222	0.001574225
1.9826393	1.8557911	0.036100369	0.0015738513
1.9841063	1.9070122	0.037223954	0.001573291
1.9855733	1.9268842	0.037307397	0.0015729176
1.9870403	1.8783988	0.036498975	0.0015725441
1.9885073	1.8865435	0.036622498	0.0015720774
1.9899743	1.8754234	0.036379416	0.0015717041
1.9914412	1.8547904	0.035877664	0.0015712376
1.9929082	1.8554717	0.03603977	0.0015708643
1.9943752	1.8219955	0.035416115	0.001570398
1.9958422	1.8405467	0.035858363	0.0015699316
1.9973092	1.7855539	0.03453847	0.0015694655
1.9987762	1.7999251	0.034836072	0.0015690925
2.0002432	1.7982556	0.035014458	0.0015687196
2.0017102	1.8277406	0.035288651	0.0015682537
2.0031772	1.7942942	0.034759663	0.001567881
2.0046442	1.8277028	0.035406645	0.0015673219
2.0061111	1.820152	0.035487939	0.0015669494
2.0075781	1.7860903	0.034626938	0.0015663906
2.0090451	1.7989517	0.034804482	0.0015660182
2.0105121	1.7698354	0.034234438	0.0015656458
2.0119791	1.7874342	0.034666076	0.0015652735
2.0134461	1.7563244	0.033872034	0.0015649012
2.0149131	1.7613169	0.034063462	0.0015643429
2.0163801	1.7042465	0.033033654	0.0015637847
2.0178471	1.7671077	0.034355581	0.0015634126
2.0193141	1.7966992	0.034793306	0.0015630407
2.020781	1.7610321	0.034051351	0.0015626687
2.022248	1.6816311	0.032521989	0.001562111
2.023715	1.7307835	0.033348247	0.0015617391
2.025182	1.7161654	0.033271007	0.0015613674
2.026649	1.7120477	0.033060934	0.0015608099
2.028116	1.7402793	0.033808693	0.0015604383
2.029583	1.6828721	0.03254002	0.0015600667
2.03105	1.7055329	0.032861687	0.0015595095
2.032517	1.6985432	0.032824509	0.0015593239
2.0339839	1.6558295	0.032005183	0.0015587668
2.0354509	1.7	0.032773413	0.0015583956
2.0369179	1.6845059	0.032583836	0.0015580243
2.0383849	1.6600524	0.032116707	0.0015574676
2.0398519	1.65	0.031988189	0.0015570965
2.0413189	1.6640769	0.032003533	0.00155654
2.0427859	1.6172516	0.031247675	0.0015559837
2.0442529	1.6579342	0.032069482	0.0015556128
2.0457199	1.6333945	0.031286214	0.001555242
2.0471869	1.6206896	0.031372398	0.001554686
2.0486538	1.6053412	0.030913718	0.0015543153
2.0501208	1.5844938	0.030735215	0.0015539447
2.0515878	1.6277426	0.031386059	0.0015535742
2.0530548	1.5857617	0.030452076	0.0015532037
2.0545218	1.6586916	0.032066137	0.0015526481
2.0559888	1.5829035	0.03038031	0.0015522778
2.0574558	1.6042364	0.030921109	0.0015517224
2.0589228	1.6438969	0.031756487	0.0015513522
2.0603898	1.6716473	0.0323047	0.0015509821
2.0618567	1.5893649	0.030538227	0.0015504271
2.0633237	1.5620111	0.030140592	0.0015500571
2.0647907	1.5471281	0.029682623	0.0015496871
2.0662577	1.5944649	0.030624807	0.0015491324
2.0677247	1.567487	0.03026326	0.0015487627
2.0691917	1.5259644	0.029385075	0.0015483929
2.0706587	1.5612206	0.03011407	0.0015478384
2.0721257	1.5733877	0.030287096	0.0015474689
2.0735927	1.5184774	0.029186709	0.0015470994
2.0750597	1.5345401	0.029489819	0.0015467299
2.0765266	1.5658573	0.030031139	0.0015461759
2.0779936	1.5393175	0.029642284	0.0015456219
2.0794606	1.5357409	0.029628266	0.0015453533
2.0809278	1.5080705	0.02888008	0.0015448836
2.0823948	1.5535383	0.029899418	0.0015443299
2.0838618	1.5438855	0.029582284	0.001543961
2.0853288	1.4810033	0.028440097	0.001543592
2.0867958	1.4702842	0.028244838	0.0015430388
2.0882628	1.4695555	0.02839889	0.00154267
2.0897298	1.4582417	0.027905002	0.0015423012
2.0911968	1.495024	0.028698727	0.0015419325
2.0926638	1.4702842	0.028244691	0.0015413796
2.0941308	1.4823186	0.028298829	0.0015408267
2.0955977	1.4842417	0.02857583	0.0015406426
2.0970647	1.5185598	0.029253205	0.0015399058
2.0985317	1.5060197	0.028761692	0.0015395376
2.0999987	1.475	0.028277878	0.0015391692
2.1014657	1.4453471	0.027770661	0.0015386171
2.1029327	1.4593407	0.027926169	0.001538249
2.1043997	1.4404107	0.027579391	0.001537881
2.1058667	1.4364375	0.027609279	0.001537513
2.1073337	1.3891137	0.026635872	0.0015369612
2.1088006	1.4117647	0.02698116	0.0015365933
2.1102676	1.4240296	0.027376076	0.0015360417
2.1117346	1.4058867	0.026795484	0.0015356741
2.1132016	1.423232	0.027240215	0.0015353065
2.1146686	1.4031664	0.026920378	0.0015349389
2.1161356	1.4369717	0.027543684	0.0015343877
2.1176026	1.4417245	0.027553847	0.0015338366
2.1190696	1.4243313	0.027261272	0.0015334693
2.1205366	1.4159709	0.026973141	0.0015329184
2.1220036	1.3669118	0.02620535	0.0015325513
2.1234705	1.4022058	0.026882334	0.0015321842
2.1249375	1.3730043	0.026149767	0.0015318171
2.1264045	1.4168197	0.027147308	0.0015312667
2.1278715	1.4067367	0.026768031	0.0015307164
2.1293385	1.4076642	0.026888236	0.0015305331
2.1308055	1.3394902	0.025741186	0.0015299829
2.1322725	1.3703839	0.026199877	0.0015296163
2.1337395	1.3665943	0.025980625	0.0015290664
2.1352065	1.3491948	0.025808889	0.0015286999
2.1366735	1.3457639	0.025603162	0.0015281502
2.1381404	1.3355167	0.025472648	0.0015277838
2.1396074	1.3459142	0.025759926	0.0015272343
2.1410744	1.4182217	0.027124541	0.0015268682
2.1425414	1.355354	0.025818182	0.001526319
2.1440084	1.3386512	0.025486186	0.0015259529
2.1454754	1.3114161	0.024922606	0.0015255869
2.1469424	1.3026171	0.025004609	0.001525038
2.1484094	1.314889	0.025083816	0.0015246721
2.1498764	1.371305	0.026032826	0.0015241235
2.1513433	1.3176684	0.025145845	0.0015239407
2.1528103	1.3262051	0.025244538	0.0015233922
2.1542773	1.318149	0.025059434	0.0015230266
2.1557443	1.3031296	0.024854805	0.0015224784
2.1572113	1.3028322	0.024822218	0.001522113
2.1586783	1.2776769	0.024338311	0.001521565
2.1601453	1.2958815	0.024627272	0.0015211997
2.1616123	1.3259233	0.025102975	0.001520652
2.1630793	1.3156741	0.025144497	0.0015202868
2.1645463	1.2978491	0.024776516	0.0015199218
2.1660132	1.2597635	0.023841934	0.0015193743
2.1674802	1.2851421	0.024520727	0.0015190095
2.1689472	1.2779964	0.02416968	0.0015186446
2.1704142	1.3125679	0.024975911	0.0015180975
2.1718812	1.2773749	0.024319358	0.0015175506
2.1733482	1.2617933	0.023940383	0.0015171859
2.1748152	1.2511797	0.023833575	0.0015168214
2.1762822	1.2419585	0.023475301	0.0015162748
2.1777492	1.2570703	0.023932675	0.0015159104
2.1792161	1.277818	0.02428369	0.0015155461
2.1806831	1.2420223	0.023514723	0.0015149998
2.1821501	1.2721359	0.024180261	0.0015146356
2.1836171	1.1873881	0.022471875	0.0015140895
2.1850841	1.2287464	0.023317417	0.0015137255
2.1865511	1.2416035	0.023591237	0.0015131797
2.1880181	1.2138252	0.022968221	0.0015128158
2.1894851	1.2598341	0.023929149	0.0015122702
2.1909521	1.2315979	0.023333833	0.0015119065
2.1924191	1.2685714	0.023969874	0.0015115429
2.193886	1.2262721	0.023291286	0.0015109977
2.195353	1.2147988	0.023019522	0.0015104525
2.19682	1.1959871	0.022634728	0.0015102709
2.198287	1.2048624	0.022778137	0.0015097258
2.199754	1.2092352	0.022963623	0.001509181
2.201221	1.2065997	0.022847915	0.0015088179
2.202688	1.1889679	0.022425681	0.0015084548
2.204155	1.1806451	0.022348233	0.0015079103
2.205622	1.2023555	0.022710586	0.0015075475
2.2070889	1.2137241	0.02294169	0.0015070032
2.2085559	1.189394	0.022586873	0.0015064591
2.2100229	1.2014979	0.022686295	0.0015060965
2.2114899	1.17796	0.022241648	0.0015057338
2.2129569	1.1825932	0.022285433	0.0015053713
2.2144239	1.1715211	0.022211162	0.0015048276
2.2158909	1.2007874	0.022713099	0.0015042841
2.2173579	1.1458482	0.021581423	0.0015039218
2.2188249	1.1677374	0.022056378	0.0015033785
2.2202919	1.1673151	0.021950893	0.0015030163
2.2217588	1.2081838	0.022886084	0.0015026543
2.2232258	1.1604145	0.021929899	0.0015021113
2.2246928	1.1798511	0.022218145	0.0015017495
2.2261598	1.1562167	0.021757569	0.0015012068
2.2276268	1.1735889	0.022107873	0.0015006642
2.2290938	1.1628489	0.021995662	0.0015004834
2.2305608	1.1527581	0.021673312	0.001499941
2.2320278	1.1609565	0.021928417	0.0014993987
2.2334948	1.1484098	0.021583701	0.0014990374
2.2349617	1.1307912	0.02134335	0.0014984953
2.2364287	1.1468706	0.021623842	0.0014981341
2.2378957	1.1254847	0.021126682	0.0014977729
2.2393627	1.1082621	0.020910397	0.001497335
2.2408299	1.1630205	0.021842955	0.0014968702
2.2422969	1.1100819	0.020948486	0.0014963289
2.2437639	1.1110719	0.020859784	0.001495968
2.2452309	1.1175221	0.021021809	0.0014954268
2.2466979	1.116778	0.020941332	0.0014950661
2.2481649	1.1283687	0.021244634	0.0014947054
2.2496319	1.0902951	0.020553164	0.0014941647
2.2510989	1.118662	0.020987611	0.0014936239
2.2525659	1.1315696	0.021248477	0.0014932636
2.2540329	1.0986311	0.020578956	0.0014927231
2.2554998	1.1203704	0.021138923	0.0014923629
2.2569668	1.0791974	0.020243326	0.0014920029
2.2584338	1.096215	0.020613573	0.0014914627
2.2599008	1.0535094	0.019634241	0.0014909228
2.2613678	1.0837771	0.020415941	0.0014905629
2.2628348	1.1085957	0.020846486	0.0014900232
2.2643018	1.0771389	0.020165665	0.0014896635
2.2657688	1.084823	0.020306345	0.0014893039
2.2672358	1.0845666	0.020354841	0.0014887645
2.2687027	1.1102837	0.020904101	0.001488405
2.2701697	1.0596235	0.01978253	0.0014880456
2.2716367	1.0757946	0.020102093	0.0014873269
2.2731037	1.0839454	0.020268586	0.0014869678
2.2745707	1.0621008	0.020003853	0.0014866085
2.2760377	1.0379262	0.019357134	0.00148607
2.2775047	1.0636427	0.01994133	0.001485711
2.2789717	1.0789291	0.020114981	0.0014851727
2.2804387	1.0425756	0.019552926	0.0014846344
2.2819057	1.054693	0.019808242	0.0014844551
2.2833726	1.0425681	0.019470861	0.001483917
2.2848396	1.0756419	0.020032881	0.0014833792
2.2863066	1.0543479	0.019739171	0.0014830207
2.2877736	1.0527983	0.019748183	0.0014826623
2.2892406	1.0472058	0.0195066	0.0014821248
2.2907076	1.0647058	0.019801727	0.0014815874
2.2921746	1.0631801	0.019915015	0.0014812292
2.2936416	1.0641071	0.019967541	0.0014806921
2.2951086	1.031845	0.019193783	0.0014803341
2.2965755	1.025579	0.01906397	0.0014797973
2.2980425	0.97318006	0.018158963	0.0014794394
2.2995095	1.0377958	0.019501098	0.0014789029
2.3009765	1.0759625	0.020035239	0.0014785451
2.3024435	1.0138217	0.018841973	0.0014781876
2.3039105	1.0371786	0.019329606	0.0014776513
2.3053775	1.0602325	0.019894576	0.0014772939
2.3068445	1.0113989	0.018793697	0.0014767579
2.3083115	1.0200207	0.018947516	0.0014762221
2.3097785	1.04	0.019392492	0.0014758649
2.3112454	1.0086987	0.018811883	0.0014755079
2.3127124	1.0446831	0.019439258	0.0014749723
2.3141794	0.9896872	0.018346062	0.0014746154
2.3156464	1.0351794	0.019316021	0.0014739018
2.3171134	0.98050821	0.018289367	0.0014735451
2.3185804	1.0178633	0.018861976	0.0014731885
2.3200474	1.026234	0.019062918	0.0014726536
2.3215144	1.027364	0.019117009	0.0014722971
2.3229814	1.0173792	0.018963996	0.0014717625
2.3244483	1.0598781	0.020065656	0.0014714063
2.3259153	1.0055392	0.01931926	0.001470872
2.3273823	1.0122095	0.020083575	0.0014705159
2.3288493	0.98832846	0.020173298	0.0014699817
2.3303163	1.0142365	0.021061031	0.0014696259
2.3317833	0.97932583	0.020756327	0.00146927
2.3332503	0.99585062	0.021377081	0.0014687362
2.3347173	0.98239774	0.021421244	0.0014682027
2.3361843	1.0161211	0.022452412	0.001467847
2.3376513	0.98166072	0.022149844	0.0014673137
2.3391182	1.0144553	0.023042671	0.0014669583
2.3405852	0.94544494	0.021751184	0.0014664253
2.3420522	0.97557002	0.022723248	0.0014660701
2.3435192	1.0184667	0.024084678	0.0014655372
2.3449862	0.98744291	0.023582578	0.0014650046
2.3464532	0.98340249	0.023934204	0.0014646497
2.3479202	0.95042324	0.023360644	0.0014642947
2.3493872	0.9618696	0.023844898	0.0014637625
2.3508542	0.92884129	0.023299325	0.0014632304
2.3523211	0.93127811	0.023591876	0.0014628757
2.3537881	0.95200527	0.02440092	0.0014623438
2.3552551	0.94768614	0.024532937	0.0014619894
2.3567221	0.93829644	0.024290211	0.0014614578
2.3581891	0.97537619	0.025500009	0.0014611036
2.3596561	0.92739725	0.024261091	0.0014607493
2.3611231	0.93134534	0.024516756	0.001460041
2.3625901	0.98026782	0.026011936	0.001459687
2.3640571	0.92318636	0.024610547	0.0014591562
2.3655241	0.95797104	0.025776608	0.0014588023
2.366991	0.93289572	0.025184412	0.0014584485
2.368458	0.94382852	0.025648477	0.001457918
2.369925	0.95347118	0.025901349	0.0014575644
2.371392	0.93453723	0.025623061	0.0014570341
2.372859	0.95776772	0.026291143	0.001456504
2.374326	0.89753467	0.024900716	0.0014561507
2.375793	0.8753894	0.024418373	0.0014556209
2.37726	0.91777605	0.025670173	0.0014552677
2.378727	0.90175718	0.025472285	0.0014547381
2.3801939	0.92651755	0.02617234	0.0014542087
2.3816609	0.92562652	0.026306236	0.0014538559
2.3831279	0.89162564	0.025535109	0.001453503
2.3845949	0.92244226	0.026483722	0.001452974
2.3860619	0.88374054	0.025636967	0.0014526214
2.3875289	0.90187711	0.026331559	0.0014520927
2.3889959	0.93573266	0.027377436	0.001451564
2.3904629	0.89514732	0.026336819	0.0014512116
2.3919299	0.92179263	0.027311422	0.0014508594
2.3933969	0.90718037	0.026830502	0.0014501552
2.3948638	0.88908768	0.026576448	0.0014498031
2.3963308	0.85650223	0.025635703	0.0014494511
2.3977978	0.90018314	0.027225144	0.0014490992
2.3992648	0.88511032	0.02681857	0.0014486788
2.400732	0.94801509	0.029130884	0.001448044
2.402199	0.91037738	0.027946407	0.0014476923
2.403666	0.87823588	0.027177688	0.001447165
2.405133	0.86497062	0.027040279	0.0014466379
2.4066	0.91545188	0.028521737	0.0014462866
2.408067	0.87524754	0.027521655	0.0014457597
2.409534	0.91351891	0.028785143	0.0014454086
2.411001	0.92168677	0.029185887	0.001444882
2.412468	0.90899795	0.029049041	0.001444531
2.4139349	0.8747412	0.028126342	0.0014440047
2.4154019	0.90431124	0.029306272	0.0014436539
2.4168689	0.90705127	0.029628687	0.0014431279
2.4183359	0.91836733	0.030077951	0.0014427772
2.4198029	0.89082968	0.029413631	0.0014422515
2.4212699	0.86593407	0.028685166	0.0014417259
2.4227369	0.89479512	0.029758077	0.0014413756
2.4242039	0.87654322	0.029346732	0.0014408502
2.4256709	0.89229023	0.030023921	0.0014405001
2.4271379	0.87312573	0.029628702	0.0014399751
2.4286048	0.96374267	0.032935679	0.001439625
2.4300718	0.84160757	0.028912289	0.0014391004
2.4315388	0.84348863	0.029131958	0.0014385757
2.4330058	0.92063493	0.032145109	0.001438226
2.4344728	0.88127297	0.030807907	0.0014377016
2.4359398	0.84230286	0.029773816	0.0014371775
2.4374068	0.93417722	0.03321274	0.0014370028
2.4388738	0.92639595	0.032975506	0.0014364788
2.4403408	0.88831168	0.031986266	0.0014359551
2.4418077	0.90275955	0.032696571	0.0014356059
2.4432747	0.95710456	0.035013698	0.0014350824
2.4447417	0.81989247	0.030033555	0.001434559
2.4462087	0.81755829	0.030251551	0.0014340358
2.4476757	0.85793102	0.031834938	0.0014338614
2.4491427	0.78028166	0.029254306	0.0014333385
2.4506097	0.87142855	0.032906201	0.0014328157
2.4520767	0.85446686	0.03240063	0.0014324673
2.4535437	0.87976539	0.033655979	0.0014319447
2.4550107	0.85692996	0.033048615	0.0014315965
2.4564776	0.87764353	0.034077421	0.0014310742
2.4579446	0.86635947	0.033917256	0.0014305521
2.4594116	0.80594677	0.031847954	0.0014302041
2.4608786	0.8238095	0.032784268	0.0014296824
2.4623456	0.84032255	0.033710964	0.0014291607
2.4638126	0.83306056	0.033664282	0.0014286392
2.4652796	0.83361065	0.033963267	0.0014282917
2.4667466	0.90492362	0.037247747	0.0014279442
2.4682136	0.86678201	0.036012869	0.0014274231
2.4696805	0.84063047	0.035139155	0.0014270758
2.4711475	0.89803219	0.037932009	0.001426555
2.4726145	0.83546621	0.035674527	0.0014260344
2.4740815	0.73260075	0.031303994	0.0014255139
2.4755485	0.81698114	0.035441924	0.0014253404
2.4770155	0.83681214	0.036405887	0.0014246468
2.4784825	0.8671875	0.038273666	0.0014243001
2.4799495	0.93465346	0.041544851	0.0014239536
2.4814165	0.81376517	0.036554538	0.0014234338
2.4828835	0.85714287	0.038948055	0.0014229141
2.4843504	0.84110171	0.038652871	0.0014225679
2.4858174	0.81584585	0.037691522	0.0014220485
2.4872844	0.81222707	0.03789128	0.0014215293
2.4887514	0.74157304	0.035084095	0.0014211833
2.4902184	0.78899086	0.037719406	0.0014206645
2.4916854	0.86084908	0.041738085	0.0014201457
2.4931524	0.79236275	0.038638819	0.0014198
2.4946194	0.82766992	0.040710092	0.0014194543
2.4960864	0.87218046	0.043584317	0.0014189361
2.4975533	0.79381442	0.040211666	0.0014184179
2.4990203	0.84960425	0.04355032	0.0014180726
2.5004873	0.8921833	0.046226557	0.0014175548
2.5019543	0.76256984	0.04020403	0.0014170371
2.5034213	0.83569407	0.044374187	0.001416692
2.5048883	0.87096775	0.047058083	0.0014161747
2.5063553	0.91916168	0.050191201	0.0014158299
2.5078223	0.71646339	0.039436784	0.0014153128
2.5092893	0.72555202	0.040634546	0.0014149681
2.5107563	0.80130291	0.045601845	0.0014144513
2.5122232	0.82094592	0.047598999	0.0014139346
2.5136902	0.80419582	0.047399025	0.0014134181
2.5151572	0.68953067	0.041262399	0.0014130739
2.5166242	0.89849627	0.054910824	0.0014125577
2.5180912	0.69111967	0.042744972	0.0014122137
2.5195582	0.7903226	0.050025851	0.0014116978
2.5210252	0.82083333	0.052785881	0.0014111821
2.5224922	0.89130437	0.058575109	0.0014108383
2.5239592	0.81363636	0.054604232	0.001410323
2.5254261	0.75943398	0.051920313	0.0014099794
2.5268931	0.83168316	0.058224294	0.0014094643
2.5283601	0.81865287	0.058601167	0.001409121
2.5298271	1.125	0.082575157	0.0014086061
2.5312941	0.70689654	0.053267993	0.0014080914
2.5327611	0.70414203	0.053714246	0.0014077484
2.5342281	0.86624205	0.068756081	0.001407234
2.5356951	0.65986395	0.053983182	0.0014068912
2.5371621	0.8561151	0.07201539	0.0014063771
2.5386291	0.8125	0.071185388	0.0014060345
2.540096	0.78333336	0.070850842	0.0014055207
2.541563	0.77876109	0.072629556	0.0014051782
2.54303	0.85148513	0.083638467	0.0014044936
2.544497	0.8172043	0.083651312	0.0014041514
2.545964	0.73809522	0.079269402	0.0014036383
2.547431	0.63999999	0.072302334	0.0014032962
2.548898	1.0153847	0.12427304	0.0014027834
2.550365	0.6785714	0.088273481	0.0014024416
2.551832	0.85106385	0.12165982	0.0014019291
2.553299	0.7027027	0.11179887	0.0014015875
2.5547659	0.68965518	0.1222628	0.0014010752
2.5562329	0.69999999	0.14867839	0.0014005632
2.5576999	0.40000001	0.094280906	0.0014002218
2.5591669	0.5	0	0.0013995395
