#   DataFileName=PAL30_heating_175C_WAXS_03022017.tif
#   DataFileType=.tif
#   
#   DataFilePath=E:DATA:PAL30:
#   
#   Processed on=Tue, Mar 07, 2017,9:08:07 PM
#   Units=Arbitrary
#   SampleThickness=1
#   SampleTransmission=1
#   CorrectionFactor=1
#   SampleMeasurementTime=1
#   EmptyMeasurementTime=1
#   BackgroundMeasTime=1
#   SampleI0=1
#   EmptyI0=1
#   Nika_SampleToDetectorDistacne=176.53
#   Nika_Wavelength=1.54
#   Nika_XrayEnergy=8.0509
#   Nika_PixelSizeX=0.075
#   Nika_PixelSizeY=0.075
#   Nika_HorizontalTilt=0
#   Nika_VerticalTilt=0
#   Nika_BeamCenterX=1535.8
#   Nika_BeamCenterY=830.36
#   Nika_BeamSizeX=0
#   Nika_BeamCenterY=830.36
#   CalibrationFormula=1*((Sa2D))
#   CurrentMaskFileName=PAL30_cooling_103C_WAXS_03022017_mask.hdf
#   QvectorMaxNumPnts=1
#   QvectorNumberPoints=1745
#   CircularAverage=1
#   PolarizationCorrection=None
#   UncertainityCalculationMethod=OldNikaMethod

0.084352024	1.5	0	0.001903859
0.085819013	1.0833334	0.30359796	0.0019038399
0.087286003	1.45	0.31871453	0.0019038168
0.088753	1.3255814	0.2008891	0.0019037951
0.090219989	1.7962962	0.2432674	0.0019037696
0.091686979	2.0447762	0.2489913	0.0019037401
0.093153976	2.1643836	0.25257993	0.0019037183
0.094620965	2.1315789	0.2436734	0.0019036992
0.096087955	2.3170731	0.25508109	0.0019036762
0.097554952	2.0982144	0.19775133	0.001903648
0.099021941	2.05	0.17291027	0.0019036225
0.10048893	1.9488636	0.14658776	0.0019035905
0.10195592	2.1009614	0.14544961	0.0019035676
0.10342292	2.1147542	0.1352206	0.001903533
0.10488991	2.1386862	0.12905942	0.0019035075
0.1063569	2.1921709	0.13063732	0.0019034781
0.10782389	2.4192441	0.14168777	0.0019034435
0.10929088	2.5165563	0.14466615	0.001903418
0.11075787	2.6688311	0.15194537	0.001903386
0.11222486	2.85623	0.16132969	0.0019033566
0.11369186	3.034375	0.16952917	0.0019033221
0.11515885	3.2363636	0.17802967	0.0019032902
0.11662584	3.6534956	0.20129766	0.0019032607
0.11809283	3.7692308	0.20488746	0.0019032262
0.11955982	4.1052632	0.2218672	0.0019031942
0.12102681	4.4142857	0.23584539	0.0019031559
0.1224938	4.4717512	0.23757014	0.0019031265
0.1239608	4.9113574	0.25838417	0.0019030946
0.1254278	5.2923498	0.27652258	0.00190306
0.12689479	6	0.31437412	0.0019030281
0.12836178	6.3766232	0.32488257	0.0019029769
0.12982877	6.8435011	0.35234904	0.0019029514
0.13129576	7.4728684	0.37976414	0.001902913
0.13276275	8.201005	0.4109596	0.0019028875
0.13422973	8.5594063	0.42574027	0.0019028542
0.13569674	9.1125317	0.46073323	0.0019028108
0.13716373	10.327543	0.51434159	0.0019027725
0.13863072	11.052631	0.54050374	0.001902734
0.14009771	11.557178	0.56995636	0.0019026829
0.1415647	12.391304	0.60889721	0.0019026446
0.14303169	13.354167	0.64240009	0.0019026062
0.14449868	14.202381	0.69288534	0.001902573
0.14596568	15.238636	0.72637129	0.0019025296
0.14743267	15.619047	0.74366403	0.0019024912
0.14889966	16.880733	0.80833906	0.0019024401
0.15036665	18.013729	0.86162311	0.0019024018
0.15183364	18.799564	0.87739187	0.0019023634
0.15330063	19.859913	0.92188197	0.0019023251
0.15476762	20.121681	0.94635183	0.001902279
0.15623462	21.183189	0.98332334	0.0019022356
0.15770161	21.586353	0.99669236	0.0019021973
0.1591686	22.141949	1.0190821	0.001902159
0.16063559	22.364389	1.0175339	0.001902095
0.16210258	23.129099	1.0469294	0.0019020566
0.16356957	23.120333	1.0530235	0.0019020234
0.16503657	23.275154	1.0546331	0.0019019672
0.16650356	23.541582	1.0601906	0.0019019161
0.16797055	23.468939	1.0505427	0.0019018777
0.16943754	23.790195	1.0533822	0.0019018266
0.17090453	23.812624	1.0574924	0.0019017755
0.17237152	23.386538	1.0255088	0.0019017372
0.17383851	23.607843	1.0453107	0.0019016911
0.17530552	22.86907	0.99613172	0.0019016477
0.17677251	23.145834	1.0072381	0.0019015839
0.17823949	23.086206	1.0103971	0.0019015454
0.17970648	22.31041	0.96181262	0.0019014943
0.18117347	22.07749	0.94825321	0.0019014304
0.18264046	21.611914	0.91814733	0.0019013921
0.18410745	21.573236	0.91733229	0.0019013333
0.18557446	20.873857	0.89244777	0.0019012899
0.18704145	20.738819	0.87710673	0.0019012388
0.18850844	20.033569	0.84202498	0.0019011877
0.18997543	19.47028	0.81404442	0.0019011238
0.19144242	18.977194	0.79481786	0.0019010727
0.1929094	18.781086	0.7859146	0.0019010216
0.19437639	18.86632	0.78605044	0.0019009755
0.1958434	18.010275	0.74522668	0.0019009194
0.19731039	17.774576	0.7317248	0.0019008683
0.19877738	17.708126	0.72108865	0.0019008043
0.20024437	17.04698	0.69823062	0.0019007404
0.20171136	16.62171	0.67405653	0.0019006893
0.20317835	16.338284	0.6636554	0.0019006382
0.20464534	16.076923	0.65036029	0.0019005922
0.20611234	15.791936	0.63418192	0.001900536
0.20757933	15.184466	0.61077106	0.0019004721
0.20904632	14.780645	0.5935666	0.0019004082
0.21051331	14.45369	0.57263893	0.0019003571
0.2119803	14.358025	0.56400359	0.0019002933
0.21344729	14.272727	0.56502533	0.0019002294
0.21491428	13.718601	0.54695874	0.0019001834
0.21638128	13.566154	0.53207296	0.0019001144
0.21784827	13.168712	0.51569158	0.0019000506
0.21931526	12.930723	0.50177294	0.0018999994
0.22078225	12.466666	0.48522815	0.0018999355
0.22224924	12.479638	0.48463649	0.0018998716
0.22371623	12.348872	0.47883484	0.0018998128
0.22518323	12.115836	0.46390718	0.0018997439
0.22665022	11.854412	0.45456579	0.00189968
0.22811721	11.566813	0.44320935	0.0018996162
0.2295842	11.345821	0.43065095	0.0018995651
0.23105119	11.240057	0.42359546	0.0018995012
0.23251818	11.110787	0.42417878	0.0018994246
0.23398517	10.852482	0.40869668	0.0018993785
0.23545218	10.841666	0.40401718	0.0018992968
0.23691916	10.757879	0.40716153	0.001899233
0.23838615	10.477401	0.39373374	0.0018991691
0.23985314	10.273469	0.37891448	0.0018991051
0.24132013	10.086538	0.37380269	0.0018990414
0.24278712	9.8317375	0.36361122	0.0018989648
0.24425411	9.9986134	0.37233821	0.001898906
0.24572112	9.9262733	0.36339897	0.0018988369
0.24718811	9.7656679	0.36042914	0.0018987731
0.2486551	9.6178007	0.34793338	0.0018987015
0.2501221	9.3134127	0.33937377	0.0018986454
0.25158909	9.3490562	0.34318858	0.0018985687
0.25305608	9.1479521	0.33245811	0.0018984666
0.25452307	8.9885054	0.32120022	0.0018984155
0.25599006	8.8464565	0.32044631	0.0018983644
0.25745705	8.8612194	0.31910342	0.0018982622
0.25892404	8.6658258	0.30770698	0.0018982112
0.26039103	8.8518515	0.31631607	0.0018981345
0.26185802	8.5552702	0.30669492	0.0018980579
0.26332501	8.5	0.30124751	0.0018979813
0.264792	8.5524998	0.30235288	0.0018979047
0.26625898	8.4670887	0.30122131	0.0018978536
0.26772597	8.2385664	0.28962904	0.001897777
0.26919296	8.2608175	0.28636998	0.001897685
0.27065998	8.2049694	0.28916553	0.0018976236
0.27212697	8.0703888	0.28112233	0.001897547
0.27359396	7.8879414	0.27526772	0.0018974704
0.27506095	7.8800001	0.27432224	0.0018973938
0.27652794	7.9113774	0.27376172	0.0018973172
0.27799493	7.8754449	0.27122214	0.0018972406
0.27946192	7.7271647	0.26611617	0.001897164
0.28092891	7.590476	0.2618742	0.0018970874
0.2823959	7.6364708	0.26190624	0.0018969852
0.28386289	7.6034484	0.25776073	0.0018969086
0.28532988	7.391716	0.25426152	0.0018968575
0.28679687	7.3815031	0.250958	0.0018967809
0.28826386	7.6034284	0.25702322	0.0018966788
0.28973085	7.2325315	0.24476422	0.0018966381
0.29119787	7.3558559	0.24682586	0.0018965256
0.29266486	7.4908886	0.25278527	0.001896449
0.29413185	7.0891647	0.23814517	0.0018963724
0.29559883	7.2033896	0.24211903	0.0018962958
0.29706582	7.1077776	0.23690693	0.0018962192
0.29853281	7.198895	0.23928005	0.0018961171
0.2999998	6.8063807	0.22573343	0.0018960405
0.30146679	7.0010953	0.23168352	0.0018959639
0.30293378	6.9209661	0.22928303	0.0018958873
0.30440077	6.7453346	0.22346574	0.0018957852
0.30586776	6.760428	0.22107241	0.0018957086
0.30733475	7.0086393	0.2302984	0.001895632
0.30880174	6.8028016	0.22329459	0.0018955402
0.31026876	6.7510729	0.22112095	0.0018954533
0.31173575	6.8195171	0.22088838	0.0018953767
0.31320274	6.7539768	0.21992253	0.0018952746
0.31466973	6.6715636	0.21609536	0.0018951725
0.31613672	6.6069546	0.21445312	0.0018950959
0.31760371	6.7448134	0.21721858	0.0018950193
0.3190707	6.66219	0.21411362	0.0018949427
0.32053769	6.52637	0.20985705	0.0018948406
0.32200468	6.6998973	0.21477139	0.0018947385
0.32347167	6.631525	0.21214388	0.0018946619
0.32493865	6.6680288	0.21309535	0.0018945598
0.32640564	6.5785208	0.20937914	0.0018944832
0.32787263	6.5824175	0.20803431	0.0018943812
0.32933962	6.4959922	0.20561111	0.0018943149
0.33080664	6.4989958	0.20591237	0.001894228
0.33227363	6.5810676	0.20882827	0.0018941259
0.33374062	6.5927734	0.20600645	0.0018940239
0.33520761	6.5039372	0.20403078	0.0018939473
0.3366746	6.3790402	0.19962206	0.0018938453
0.33814159	6.495584	0.20346847	0.0018937432
0.33960858	6.4821258	0.20147242	0.0018936666
0.34107557	6.4686594	0.20085894	0.0018935645
0.34254256	6.4431372	0.20172736	0.0018934624
0.34400955	6.5243087	0.20142463	0.0018933859
0.34547654	6.4909091	0.20077698	0.0018932583
0.34694353	6.4667311	0.20079875	0.0018931562
0.34841052	6.6098695	0.20167699	0.0018930796
0.34987751	6.3658538	0.19496059	0.0018929879
0.35134453	6.6446123	0.20426518	0.001892901
0.35281152	6.5866289	0.20210148	0.0018927734
0.3542785	6.4236498	0.19599585	0.0018926969
0.35574549	6.5110292	0.19738068	0.0018925949
0.35721248	6.5478182	0.19950637	0.0018924928
0.35867947	6.5045786	0.19682373	0.0018924163
0.36014646	6.5598173	0.19822337	0.0018923142
0.36161345	6.5416284	0.19785462	0.0018921866
0.36308044	6.598732	0.19858465	0.0018921101
0.36454743	6.6627274	0.20087463	0.001892008
0.36601442	6.7740774	0.20321824	0.001891906
0.36748141	6.5650992	0.19739328	0.0018917784
0.3689484	6.7328649	0.19957137	0.0018916867
0.37041542	6.6442652	0.1988762	0.0018915489
0.37188241	6.4782996	0.19278924	0.0018914468
0.3733494	6.5814977	0.19534291	0.0018913448
0.37481639	6.4697104	0.1916865	0.0018912427
0.37628338	6.661972	0.19764359	0.0018911407
0.37775037	6.7023497	0.19771214	0.0018910386
0.37921736	6.6181507	0.19363591	0.0018909366
0.38068435	6.6224933	0.19552919	0.0018908347
0.38215134	6.5691905	0.19378565	0.0018907326
0.38361832	6.3654823	0.18513697	0.0018906306
0.38508531	6.2818103	0.1835584	0.0018905286
0.3865523	6.4497852	0.18895274	0.0018904265
0.38801929	6.2303839	0.17999247	0.001890299
0.38948628	6.3532882	0.18447074	0.0018902073
0.3909533	6.2394247	0.18147017	0.001890095
0.39242029	6.1788411	0.17902817	0.001889993
0.39388728	6.0544553	0.17389788	0.001889891
0.39535427	6.0902257	0.17601785	0.0018897634
0.39682126	6.060935	0.17509694	0.0018896614
0.39828825	6.0396762	0.17185086	0.0018895594
0.39975524	6.0123458	0.17247491	0.001889432
0.40122223	5.7642207	0.16549192	0.0018893045
0.40268922	5.9234529	0.16902296	0.0018892025
0.40415621	5.772325	0.16371329	0.0018891005
0.4056232	5.8569107	0.16698678	0.0018889729
0.40709019	5.6970921	0.16190505	0.0018888965
0.40855718	5.6314535	0.15869898	0.0018887793
0.4100242	5.6994405	0.16112761	0.001888667
0.41149119	5.5679998	0.1574734	0.0018885395
0.41295817	5.5403481	0.15582283	0.0018884375
0.41442516	5.4254317	0.15199007	0.0018883101
0.41589215	5.4735594	0.15376094	0.0018882081
0.41735914	5.3804607	0.15162481	0.0018880806
0.41882613	5.1624327	0.1432237	0.0018879533
0.42029312	5.338006	0.1489581	0.0018878513
0.42176011	5.2106895	0.14500909	0.0018877493
0.4232271	5.1971941	0.14508401	0.0018876218
0.42469409	5.1833591	0.14385822	0.0018875198
0.42616108	5.1836267	0.14337051	0.0018873924
0.42762807	5.1462479	0.14238925	0.0018872905
0.42909506	5.0825758	0.1398807	0.0018871733
0.43056208	5.0022659	0.137463	0.0018870356
0.43202907	5.0537066	0.13898121	0.0018869082
0.43349606	4.947648	0.1362692	0.0018868062
0.43496305	4.9074626	0.13404785	0.0018866787
0.43643004	4.9819551	0.13659385	0.0018865514
0.43789703	4.9219217	0.13484728	0.0018864494
0.43936402	4.8496351	0.13101068	0.0018863219
0.44083101	4.8220401	0.13156837	0.0018861946
0.442298	4.7598805	0.12996855	0.0018860671
0.44376498	4.752193	0.12847184	0.0018859397
0.44523197	4.7574654	0.12838025	0.0018858378
0.44669896	4.6955247	0.12717217	0.0018856849
0.44816595	4.6351743	0.12494301	0.001885583
0.44963294	4.5573177	0.12235661	0.0018854659
0.45109996	4.6833334	0.12605786	0.0018853282
0.45256695	4.4905796	0.12087008	0.0018852009
0.45403394	4.6007142	0.12294679	0.0018850989
0.45550093	4.5184922	0.12049212	0.0018849715
0.45696792	4.4755745	0.11994543	0.0018848187
0.45843491	4.5017872	0.12034606	0.0018847168
0.4599019	4.4835548	0.11859283	0.0018845893
0.46136889	4.3453135	0.11534154	0.001884462
0.46283588	4.3658881	0.11613289	0.0018843346
0.46430287	4.3373156	0.11496723	0.0018842072
0.46576986	4.3906684	0.11585345	0.0018840799
0.46723685	4.2494774	0.11216696	0.0018839525
0.46870384	4.3705549	0.11654622	0.0018838355
0.47017086	4.3900709	0.11690098	0.0018836978
0.47163785	4.1628075	0.1119654	0.0018835705
0.47310483	4.2300434	0.11393788	0.0018834431
0.47457182	4.2557306	0.11388973	0.0018832902
0.47603881	4.0565219	0.10918545	0.001883163
0.4775058	4.1699924	0.11335421	0.0018830356
0.47897279	4.1843657	0.11361921	0.0018829083
0.48043978	4.1405911	0.11116704	0.0018827809
0.48190677	4.0827179	0.11094064	0.0018826282
0.48337376	3.967057	0.1073243	0.0018825263
0.48484075	4.0350876	0.10908394	0.001882399
0.48630774	3.9723234	0.10719194	0.0018822462
0.48777473	3.9278274	0.10712872	0.0018821189
0.48924172	4.0007339	0.10835346	0.0018820019
0.49070874	4.0175695	0.10868949	0.0018818388
0.49217573	3.9449744	0.10684297	0.0018817114
0.49364272	3.9166667	0.10682225	0.0018815842
0.49510971	3.8896151	0.10480642	0.0018814568
0.4965767	4.0080528	0.10843197	0.0018813041
0.49804369	3.9184132	0.10718995	0.0018811768
0.49951068	3.9105692	0.1063017	0.0018810598
0.50097769	3.7874818	0.10216507	0.0018808967
0.50244468	3.9032967	0.10563673	0.001880744
0.50391167	3.8572485	0.10489089	0.0018805913
0.50537866	3.943507	0.10680328	0.0018804895
0.50684565	3.7935812	0.10244141	0.0018803368
0.50831264	3.8057394	0.1032227	0.001880184
0.50977963	3.9062037	0.10614313	0.0018800822
0.51124662	3.7668128	0.10183	0.0018799296
0.51271361	3.8432233	0.10400992	0.0018798277
0.5141806	3.7403636	0.10085865	0.001879675
0.51564759	3.7183614	0.10055768	0.0018795223
0.51711458	3.7106037	0.10067901	0.0018793187
0.51858157	3.7035689	0.099937081	0.0018792169
0.52004856	3.734709	0.10137049	0.0018790642
0.52151555	3.6720352	0.099339724	0.0018789115
0.52298254	3.6851585	0.098901458	0.0018788098
0.52444953	3.7100809	0.10062717	0.001878657
0.52591652	3.761488	0.10157417	0.0018785044
0.52738351	3.7589929	0.10081089	0.0018783518
0.5288505	3.6979768	0.099389136	0.0018781991
0.53031749	3.6696165	0.099640481	0.0018780973
0.53178447	3.6850507	0.099256366	0.0018778938
0.53325146	3.6640174	0.098476507	0.0018777919
0.53471845	3.6548736	0.098195739	0.0018776393
0.53618544	3.5740204	0.096266612	0.0018774867
0.53765243	3.5768952	0.096100077	0.0018773341
0.53911942	3.5514758	0.095279381	0.0018772021
0.54058647	3.5843592	0.096440807	0.0018770288
0.54205346	3.6494546	0.098405227	0.0018768762
0.54352045	3.5259786	0.094054908	0.0018767745
0.54498744	3.5445402	0.094990611	0.0018766219
0.54645443	3.583878	0.096567057	0.0018764692
0.54792142	3.5350318	0.094029918	0.0018763166
0.54938841	3.4313304	0.091760322	0.001876164
0.5508554	3.6091955	0.096724026	0.0018760114
0.55232239	3.5337644	0.094702609	0.0018758589
0.55378938	3.516129	0.094128743	0.0018757062
0.55525637	3.5849857	0.095392808	0.0018755028
0.55672336	3.6206405	0.096581995	0.0018754011
0.55819035	3.5422635	0.094794683	0.0018752485
0.55965734	3.6052632	0.096137114	0.001875096
0.56112432	3.5133615	0.093157351	0.0018749434
0.56259131	3.4619253	0.092776909	0.0018747909
0.5640583	3.5901287	0.096006311	0.0018745874
0.56552529	3.4542897	0.091590412	0.0018744858
0.56699228	3.5389473	0.093736947	0.0018743331
0.56845927	3.5189152	0.094001457	0.0018741806
0.56992626	3.560056	0.09406624	0.0018739772
0.57139325	3.5168777	0.093250781	0.0018738756
0.57286024	3.4513149	0.091999412	0.001873723
0.57432723	3.4716189	0.091889821	0.0018735197
0.57579422	3.5308123	0.093423724	0.001873418
0.57726121	3.475352	0.092214212	0.0018732146
0.5787282	3.5341702	0.093317017	0.0018730828
0.58019525	3.5792427	0.094771706	0.0018729096
0.58166224	3.3948646	0.089420468	0.0018727571
0.58312923	3.5684502	0.094058387	0.0018726047
0.58459622	3.3846154	0.089901537	0.0018724522
0.58606321	3.427969	0.090861358	0.0018722997
0.5875302	3.4559228	0.090683118	0.0018720964
0.58899719	3.4337432	0.08973106	0.0018719439
0.59046417	3.4251413	0.091011055	0.0018717914
0.59193116	3.3939602	0.088904105	0.0018715882
0.59339815	3.3417809	0.0874478	0.0018714865
0.59486514	3.3570933	0.088303268	0.001871334
0.59633213	3.4574616	0.091292076	0.0018711308
0.59779912	3.3895028	0.089063235	0.0018709784
0.59926611	3.4434545	0.090139315	0.0018708259
0.6007331	3.4972825	0.091143392	0.0018706735
0.60220009	3.4569263	0.090740509	0.0018705211
0.60366708	3.4579055	0.090456285	0.0018703179
0.60513407	3.2946794	0.086038679	0.0018701655
0.60660106	3.4206567	0.089450695	0.001870013
0.60806805	3.439342	0.090031803	0.0018698098
0.60953504	3.4052019	0.089077242	0.0018696574
0.61100203	3.4327958	0.088981159	0.001869505
0.61246902	3.3868313	0.08868742	0.0018693527
0.61393601	3.4185112	0.088521764	0.0018691494
0.615403	3.4599729	0.090110056	0.001868997
0.61686999	3.4562583	0.089648813	0.0018688446
0.61833698	3.4870925	0.090878122	0.0018686923
0.61980397	3.4101696	0.088782772	0.0018685099
0.62127101	3.364486	0.086918861	0.0018683368
0.622738	3.4678836	0.090163782	0.0018681337
0.62420499	3.3890374	0.087611437	0.0018679813
0.62567198	3.4592247	0.089425601	0.0018678289
0.62713897	3.4035904	0.0877534	0.0018676259
0.62860596	3.448761	0.089245193	0.0018674735
0.63007295	3.453872	0.089618206	0.0018672703
0.63153994	3.4420772	0.088804506	0.0018671181
0.63300693	3.3002002	0.085229702	0.0018669658
0.63447392	3.3947542	0.086921513	0.0018667626
0.63594091	3.3897059	0.087628357	0.0018666104
0.6374079	3.3377571	0.085970208	0.0018664581
0.63887489	3.310616	0.084739253	0.001866255
0.64034188	3.3964024	0.087655276	0.0018661027
0.64180887	3.4147313	0.087952897	0.0018659504
0.64327586	3.4511874	0.088627674	0.0018657474
0.64474285	3.383117	0.086200021	0.0018655951
0.64620984	3.4580305	0.088891827	0.0018654428
0.64767683	3.4718587	0.088808119	0.0018652398
0.64914382	3.3611474	0.085807562	0.0018650875
0.6506108	3.4345551	0.087854125	0.0018648338
0.65207779	3.471735	0.088487633	0.0018646815
0.65354478	3.3348684	0.085528105	0.0018645293
0.65501177	3.4990315	0.088895075	0.0018643263
0.65647876	3.4330299	0.087529317	0.001864174
0.65794575	3.347348	0.085123524	0.0018640219
0.65941274	3.443871	0.087464824	0.0018638397
0.66087979	3.3652344	0.085855626	0.0018636667
0.66234678	3.3798702	0.086117446	0.0018634637
0.66381377	3.3642213	0.085331813	0.0018633115
0.66528076	3.4370987	0.087068327	0.0018631086
0.66674775	3.3978007	0.086406693	0.0018629057
0.66821474	3.3801918	0.08543516	0.0018627534
0.66968173	3.4987228	0.088403262	0.0018625505
0.67114872	3.3263888	0.083569035	0.0018623983
0.67261571	3.4295866	0.087158225	0.0018621954
0.6740827	3.4641025	0.087696359	0.0018619925
0.67554969	3.4314849	0.086620353	0.0018617897
0.67701668	3.4772727	0.087360747	0.0018616376
0.67848366	3.4659019	0.087489597	0.0018614347
0.67995065	3.4177694	0.085784622	0.0018612319
0.68141764	3.4358811	0.086347789	0.0018611304
0.68288463	3.4443746	0.086343475	0.0018609276
0.68435162	3.4213519	0.085982576	0.0018607248
0.68581861	3.3695652	0.085193694	0.0018605726
0.6872856	3.3822055	0.084651805	0.0018603191
0.68875259	3.4526184	0.086198561	0.001860167
0.69021958	3.4571071	0.086499907	0.0018599642
0.69168657	3.4752851	0.08747711	0.0018598121
0.69315356	3.4477799	0.086212322	0.0018596093
0.69462055	3.4356132	0.085270911	0.0018594065
0.69608754	3.434268	0.085714154	0.0018592544
0.69755453	3.4618297	0.086945049	0.001859001
0.69902152	3.5102167	0.0873385	0.0018588698
0.70048857	3.4900744	0.086917669	0.0018586462
0.70195556	3.4957056	0.086575888	0.0018584434
0.70342255	3.4947107	0.087168127	0.0018582913
0.70488954	3.5125999	0.087074131	0.0018580887
0.70635653	3.4355037	0.085137308	0.001857886
0.70782351	3.4279583	0.084872179	0.0018577339
0.7092905	3.5257924	0.087889619	0.0018575311
0.71075749	3.5232842	0.087204963	0.0018573285
0.71222448	3.4573357	0.085651763	0.0018571258
0.71369147	3.5012121	0.086184643	0.0018569739
0.71515846	3.4467564	0.085258804	0.0018567712
0.71662545	3.4987774	0.086493127	0.0018565685
0.71809244	3.5341048	0.087206468	0.0018563658
0.71955943	3.54474	0.08715158	0.0018561631
0.72102642	3.4614444	0.085622773	0.0018559606
0.72249341	3.550091	0.08746855	0.0018558085
0.7239604	3.5099337	0.086113825	0.001855606
0.72542739	3.508167	0.08627791	0.0018554033
0.72689438	3.5584884	0.087147534	0.0018552007
0.72836137	3.5716879	0.087840751	0.0018549982
0.72982836	3.5201685	0.086364619	0.0018547955
0.73129535	3.4853029	0.085354984	0.0018545929
0.73276234	3.4403834	0.084204637	0.001854441
0.73422933	3.5879519	0.088053994	0.0018541878
0.73569632	3.6209581	0.088598222	0.0018540359
0.73716331	3.6289458	0.088555284	0.0018538333
0.73863029	3.5595026	0.086602889	0.0018536518
0.74009734	3.5466506	0.086727433	0.0018533777
0.74156433	3.4879482	0.084562115	0.0018532258
0.74303132	3.6089287	0.088040717	0.0018530233
0.74449831	3.4849379	0.084688574	0.0018528207
0.7459653	3.5206215	0.086065426	0.0018525677
0.74743229	3.5701652	0.086683281	0.0018524159
0.74889928	3.4873157	0.084695861	0.0018522133
0.75036627	3.5294118	0.085167892	0.0018520108
0.75183326	3.5666666	0.087009966	0.0018518084
0.75330025	3.5836711	0.086227044	0.0018516059
0.75476724	3.5666666	0.086243078	0.0018514035
0.75623423	3.6147974	0.087586366	0.0018512011
0.75770122	3.5646017	0.086573303	0.0018509986
0.75916821	3.6151142	0.087491453	0.0018507962
0.7606352	3.5795257	0.086076967	0.0018505432
0.76210219	3.5489631	0.085169964	0.0018503914
0.76356918	3.5656507	0.086319417	0.0018501384
0.76503617	3.6396029	0.087955922	0.0018499866
0.76650316	3.5297482	0.084417067	0.0018497336
0.76797014	3.700578	0.088962577	0.0018495818
0.76943713	3.5625732	0.086144112	0.0018493795
0.77090412	3.6470249	0.087649189	0.0018491265
0.77237111	3.626513	0.0870561	0.0018489748
0.7738381	3.5518224	0.084751926	0.0018487219
0.77530509	3.630522	0.086952202	0.0018485195
0.77677208	3.5772357	0.086197026	0.0018483173
0.77823907	3.5	0.083467528	0.001848115
0.77970606	3.5848949	0.085419245	0.0018479337
0.78117311	3.5385494	0.084555894	0.0018476598
0.7826401	3.5470724	0.084977828	0.0018474576
0.78410709	3.477612	0.083313748	0.0018472553
0.78557408	3.6576424	0.086857617	0.0018470531
0.78704107	3.5969474	0.085512593	0.0018468507
0.78850806	3.5831435	0.08549872	0.001846598
0.78997505	3.6322618	0.086255051	0.0018464463
0.79144204	3.5140607	0.083330683	0.0018462441
0.79290903	3.5207033	0.083842278	0.0018459914
0.79437602	3.5166385	0.083509147	0.0018457891
0.79584301	3.5883014	0.085090928	0.0018455869
0.79730999	3.59887	0.085534632	0.0018453847
0.79877698	3.6162403	0.085275412	0.001845132
0.80024397	3.5690141	0.08470463	0.0018449299
0.80171096	3.6086957	0.08519242	0.0018447277
0.80317795	3.7017739	0.087147616	0.0018444749
0.80464494	3.5809898	0.084917635	0.0018442728
0.80611193	3.5805912	0.084552601	0.0018440707
0.80757892	3.5913141	0.084734842	0.0018438686
0.80904591	3.6531405	0.08612255	0.0018436159
0.8105129	3.6354625	0.085303381	0.0018434138
0.81197989	3.5982144	0.084992185	0.0018431612
0.81344688	3.6508024	0.085875541	0.0018430096
0.81491387	3.6119649	0.084611885	0.0018427571
0.81638086	3.6212037	0.085085399	0.001842555
0.81784785	3.6642897	0.085814022	0.0018423024
0.81931484	3.6996701	0.086761795	0.0018421215
0.82078189	3.6901875	0.086635083	0.0018418983
0.82224888	3.6774905	0.086265415	0.0018416458
0.82371587	3.7012062	0.086655021	0.0018414438
0.82518286	3.6677506	0.085381731	0.0018411913
0.82664984	3.6318381	0.084938161	0.0018409893
0.82811683	3.7063971	0.086658053	0.0018407872
0.82958382	3.6407185	0.084936842	0.0018405853
0.83105081	3.6493788	0.084816374	0.0018403329
0.8325178	3.6269712	0.084569536	0.0018401309
0.83398479	3.6375067	0.085047275	0.0018398785
0.83545178	3.6704917	0.085794441	0.0018396765
0.83691877	3.5633726	0.082572311	0.0018394241
0.83838576	3.5941873	0.083375931	0.0018392222
0.83985275	3.5729671	0.082905851	0.0018390203
0.84131974	3.637001	0.084460065	0.0018387679
0.84278673	3.698174	0.085696228	0.001838566
0.84425372	3.6570048	0.084719524	0.0018383641
0.84572071	3.7203665	0.086349644	0.0018381118
0.8471877	3.7108498	0.085783169	0.0018378594
0.84865469	3.677263	0.085349403	0.0018376575
0.85012168	3.6528661	0.084150903	0.0018374053
0.85158867	3.6511753	0.084380813	0.0018372034
0.85305566	3.6742828	0.08468964	0.0018370016
0.85452265	3.7261653	0.08574862	0.0018367494
0.85598963	3.7135305	0.085367069	0.0018364971
0.85745662	3.8045552	0.0875526	0.0018362952
0.85892361	3.686702	0.085020706	0.0018360642
0.86039066	3.7470713	0.086459011	0.0018358412
0.86185765	3.6548998	0.083886616	0.0018355891
0.86332464	3.6694736	0.084177293	0.0018353873
0.86479163	3.6433823	0.08349099	0.0018351352
0.86625862	3.7646129	0.086382434	0.001834883
0.86772561	3.6523335	0.083630271	0.0018346813
0.8691926	3.6766562	0.084297478	0.0018344795
0.87065959	3.7191069	0.084738009	0.0018342274
0.87212658	3.7726085	0.086248986	0.0018339753
0.87359357	3.6537046	0.083749689	0.0018337232
0.87506056	3.7170706	0.085313819	0.0018335215
0.87652755	3.6868529	0.08387281	0.0018333198
0.87799454	3.6689084	0.083442576	0.0018330677
0.87946153	3.7048161	0.084303111	0.0018328157
0.88092852	3.7868257	0.086236499	0.0018325637
0.88239551	3.7621763	0.085630387	0.001832362
0.8838625	3.7115583	0.084303901	0.00183211
0.88532948	3.7489669	0.085197762	0.0018319084
0.88679647	3.747412	0.085250475	0.0018316564
0.88826346	3.7065775	0.084017351	0.0018314044
0.88973045	3.7534668	0.085058354	0.0018312029
0.89119744	3.8473439	0.087365821	0.001830951
0.89266443	3.7722621	0.085331023	0.0018306989
0.89413142	3.6921499	0.083626606	0.0018304974
0.89559841	3.8394749	0.086257495	0.0018302455
0.8970654	3.7777777	0.085675426	0.0018299936
0.89853239	3.8081424	0.085901044	0.0018298134
0.89999944	3.8003073	0.085987337	0.0018294898
0.90146643	3.8105209	0.086108521	0.001829238
0.90293342	3.8331642	0.086312607	0.0018290365
0.90440041	3.8621731	0.08661513	0.0018287847
0.9058674	3.7620497	0.084732525	0.0018285832
0.90733439	3.9002028	0.087777235	0.0018283314
0.90880138	3.9813414	0.089400016	0.0018280796
0.91026837	3.8891129	0.087307513	0.0018278279
0.91173536	3.8972056	0.087051176	0.0018276264
0.91320235	3.847826	0.086511098	0.0018273747
0.91466933	3.9570923	0.088900127	0.0018271229
0.91613632	3.822021	0.085693188	0.0018268712
0.91760331	3.9430001	0.088162094	0.0018266698
0.9190703	3.8670695	0.08676856	0.0018263678
0.92053729	4.0098715	0.089080036	0.0018261161
0.92200428	3.919719	0.087795235	0.0018259147
0.92347127	3.9796929	0.088562734	0.001825663
0.92493826	3.9432271	0.08799158	0.0018254115
0.92640525	3.9658585	0.088211387	0.0018251598
0.92787224	3.9850745	0.088880844	0.0018249082
0.92933923	3.956219	0.088237733	0.0018247069
0.93080622	3.9294934	0.08755444	0.0018244049
0.93227321	3.927835	0.08702188	0.0018242038
0.9337402	3.9570158	0.08794976	0.0018239522
0.93520719	4.0491886	0.089799196	0.0018236503
0.93667418	4.041646	0.089986287	0.001823449
0.93814117	4.0305824	0.088798493	0.0018231976
0.93960816	4.1585126	0.091975123	0.0018229673
0.94107521	4.0237036	0.089409664	0.0018226946
0.9425422	4.0768476	0.090190761	0.0018224431
0.94400918	4.0210166	0.088890359	0.0018221915
0.94547617	4.0338736	0.089371212	0.0018219402
0.94694316	4.0606503	0.089439407	0.0018216887
0.94841015	4.0484729	0.089127801	0.0018214373
0.94987714	4.0809641	0.08958324	0.0018211858
0.95134413	4.1547098	0.091778994	0.0018209345
0.95281112	4.0657959	0.089422658	0.0018207333
0.95427811	4.1505532	0.091022827	0.0018204317
0.9557451	4.1170211	0.090527467	0.0018201803
0.95721209	4.1225867	0.090562247	0.0018199793
0.95867908	4.1401644	0.091014497	0.0018197279
0.96014607	4.1321478	0.090575762	0.0018194263
0.96161306	4.1733522	0.091194779	0.0018192253
0.96308005	4.2101483	0.092108995	0.0018189237
0.96454704	4.2101727	0.092220157	0.0018186725
0.96601403	4.1519656	0.090901136	0.0018184212
0.96748102	4.1670632	0.090905666	0.00181817
0.96894801	4.2501183	0.092410319	0.0018179187
0.970415	4.2707839	0.093080036	0.0018176675
0.97188199	4.1901374	0.091235347	0.0018174164
0.97334898	4.2075109	0.092317067	0.0018171652
0.97481596	4.283752	0.093230225	0.001816914
0.97628295	4.3124108	0.094031952	0.0018166126
0.97774994	4.2027216	0.091036253	0.0018163614
0.97921693	4.2263532	0.091677114	0.0018161318
0.98068398	4.2526016	0.09248618	0.0018158592
0.98215097	4.2852445	0.092889018	0.0018156081
0.98361796	4.2278481	0.091537178	0.001815357
0.98508495	4.2377396	0.091580056	0.001815106
0.98655194	4.2697368	0.092553027	0.0018148047
0.98801893	4.2841659	0.092996582	0.0018145536
0.98948592	4.2934885	0.092590235	0.0018143026
0.99095291	4.3231277	0.093820542	0.0018140516
0.9924199	4.3405728	0.093302622	0.0018138007
0.99388689	4.3224454	0.093366876	0.0018135497
0.99535388	4.3155699	0.092893876	0.0018132987
0.99682087	4.4710011	0.09668915	0.0018129975
0.99828786	4.344511	0.093107976	0.0018127466
0.99975485	4.2855158	0.092182733	0.0018125672
1.0012219	4.4352236	0.095227063	0.0018121946
1.0026889	4.4508991	0.095564075	0.0018119939
1.0041559	4.3893805	0.094724603	0.0018116928
1.0056229	4.4204965	0.094758332	0.0018114921
1.0070899	4.4595218	0.095638528	0.0018110907
1.0085568	4.4947515	0.096019648	0.0018108902
1.0100238	4.387156	0.09395729	0.0018105891
1.0114908	4.4860539	0.09592171	0.0018103885
1.0129578	4.5218577	0.096488871	0.0018100876
1.0144248	4.509141	0.096393116	0.0018098869
1.0158918	4.5022874	0.096290626	0.0018095861
1.0173588	4.5167117	0.095986657	0.0018092851
1.0188258	4.5202918	0.096521586	0.0018090846
1.0202928	4.5541401	0.097133689	0.0018087837
1.0217597	4.5208144	0.096160293	0.0018084829
1.0232267	4.5735426	0.096845046	0.0018081821
1.0246937	4.5716228	0.097329296	0.0018079815
1.0261607	4.5586514	0.096638173	0.0018077811
1.0276277	4.5860047	0.09743692	0.0018074802
1.0290947	4.5242805	0.095930837	0.0018071795
1.0305617	4.6023393	0.097607978	0.0018068787
1.0320287	4.7154398	0.099894755	0.0018066783
1.0334957	4.5264564	0.095442452	0.0018063775
1.0349627	4.6462922	0.098495871	0.001806077
1.0364296	4.6847777	0.099267155	0.0018057763
1.0378966	4.6281652	0.097543836	0.0018055759
1.0393636	4.6656222	0.098706439	0.0018052752
1.0408306	4.6599464	0.098630294	0.0018049746
1.0422976	4.707231	0.098837435	0.001804674
1.0437646	4.7041817	0.099211857	0.0018044737
1.0452316	4.6561108	0.098329037	0.0018041732
1.0466986	4.7086997	0.098694608	0.0018038726
1.0481656	4.7985106	0.10042267	0.0018036723
1.0496325	4.7569599	0.099992014	0.0018033718
1.0510995	4.802742	0.10099906	0.0018030714
1.0525665	4.8218083	0.10151245	0.001802771
1.0540335	4.8400526	0.10131448	0.0018025707
1.0555005	4.7748666	0.10061316	0.0018022703
1.0569675	4.9124565	0.10251617	0.0018019699
1.0584345	4.8708134	0.10158078	0.0018016695
1.0599015	4.8949432	0.10219525	0.0018014692
1.0613685	4.8431458	0.10151264	0.0018012691
1.0628355	4.8221741	0.10054438	0.0018008687
1.0643024	4.9509974	0.10309617	0.0018005684
1.0657694	4.8505492	0.10168964	0.0018003682
1.0672364	4.9339948	0.10247595	0.0018001681
1.0687034	4.8260493	0.10038524	0.0017997677
1.0701704	4.9798069	0.10433158	0.0017995676
1.0716374	4.9214749	0.10250352	0.0017991674
1.0731044	4.9033232	0.10186054	0.0017989672
1.0745714	4.9475493	0.10258035	0.001798667
1.0760384	5.0257511	0.10411264	0.001798467
1.0775054	4.9571185	0.10264658	0.0017981669
1.0789723	4.9935288	0.10371203	0.00179791
1.0804394	4.9719586	0.10326446	0.0017975667
1.0819064	5.0815978	0.10475398	0.0017972667
1.0833734	5.0494246	0.10422358	0.0017970667
1.0848404	4.9398108	0.10242021	0.0017967665
1.0863074	5.0992365	0.10500572	0.0017963665
1.0877744	5.0778775	0.10503476	0.0017961666
1.0892414	5.0902572	0.10453355	0.0017958666
1.0907084	5.0831203	0.1049415	0.0017956666
1.0921754	5.1385593	0.10577067	0.0017953668
1.0936424	5.0781841	0.10410988	0.0017950669
1.0951093	5.1520171	0.10616036	0.001794767
1.0965763	5.0571308	0.10402873	0.0017944671
1.0980433	5.2696018	0.1078984	0.0017942672
1.0995103	5.2455697	0.10774564	0.0017938674
1.1009773	5.2764978	0.10799428	0.0017935677
1.1024443	5.1179423	0.10466129	0.0017932679
1.1039113	5.2269502	0.1067567	0.001793068
1.1053783	5.2486281	0.10783112	0.0017927684
1.1068453	5.2189326	0.1065708	0.0017924686
1.1083122	5.2410641	0.10684466	0.0017921689
1.1097792	5.2492681	0.10734709	0.0017918693
1.1112462	5.262526	0.10708217	0.0017915696
1.1127132	5.3697095	0.10937679	0.0017913699
1.1141802	5.3221807	0.10816162	0.0017910702
1.1156472	5.362843	0.10932752	0.0017906708
1.1171142	5.383347	0.10929224	0.001790471
1.1185812	5.3891625	0.10918557	0.0017901715
1.1200482	5.3338842	0.10842218	0.001789872
1.1215152	5.434001	0.10984642	0.0017896723
1.1229821	5.3024311	0.10762727	0.001789273
1.1244491	5.3689442	0.10924777	0.0017890733
1.1259161	5.3568802	0.10824312	0.001788674
1.1273831	5.4124641	0.10959002	0.0017884744
1.1288501	5.4427638	0.11004576	0.0017881751
1.1303171	5.366653	0.10795673	0.0017877759
1.1317841	5.4061098	0.10910421	0.0017875762
1.1332511	5.4908648	0.11063468	0.0017872769
1.1347181	5.5451956	0.11188846	0.0017869776
1.1361851	5.5600162	0.11195993	0.0017866783
1.137652	5.4877853	0.10981727	0.001786379
1.139119	5.5483346	0.11181544	0.0017861795
1.140586	5.6047354	0.11227002	0.0017857805
1.142053	5.5335746	0.11095606	0.0017854813
1.14352	5.4847002	0.11078072	0.0017852818
1.144987	5.5726256	0.11131471	0.001784883
1.146454	5.5794954	0.11165248	0.0017845838
1.147921	5.6365843	0.11338687	0.0017842846
1.149388	5.6283784	0.11220471	0.0017840852
1.1508549	5.5999999	0.11188391	0.0017837861
1.1523219	5.5891285	0.11173376	0.001783487
1.1537889	5.6400957	0.11259504	0.001783188
1.1552559	5.6762133	0.11320356	0.0017827892
1.1567229	5.6841269	0.11322639	0.0017825899
1.1581899	5.7071824	0.11337095	0.001782291
1.1596569	5.726593	0.11357784	0.0017820357
1.161124	5.7019763	0.11335718	0.0017816931
1.162591	5.6560283	0.11226641	0.0017813941
1.164058	5.7396498	0.11451403	0.0017810953
1.165525	5.685287	0.11275839	0.0017806968
1.1669919	5.7625246	0.11444789	0.0017804975
1.1684589	5.8449764	0.11578918	0.0017801987
1.1699259	5.758379	0.11367264	0.0017798998
1.1713929	5.7884011	0.11457827	0.0017796011
1.1728599	5.8137903	0.11474407	0.0017792027
1.1743269	5.7464843	0.11357091	0.001778904
1.1757939	5.7653499	0.11401024	0.0017787048
1.1772609	5.8818288	0.11577177	0.0017784061
1.1787279	5.8680849	0.11541178	0.0017781074
1.1801949	5.8101707	0.11447232	0.0017778088
1.1816618	5.8897548	0.11624356	0.0017775102
1.1831288	5.842207	0.11474772	0.0017772114
1.1845958	5.988327	0.11811991	0.0017769129
1.1860628	5.8737903	0.11556878	0.0017766143
1.1875298	5.8876534	0.11528518	0.0017763157
1.1889968	5.9120622	0.11661571	0.0017760172
1.1904638	6.0057425	0.11750752	0.0017756192
1.1919308	5.9106188	0.11551376	0.0017753207
1.1933978	5.9346828	0.11598377	0.0017750222
1.1948647	5.986928	0.11738659	0.0017747239
1.1963317	5.9744468	0.11667196	0.001774326
1.1977987	5.9439325	0.1164765	0.0017740276
1.1992657	6.060061	0.11852488	0.0017737292
1.2007327	6.1584349	0.12003633	0.0017734308
1.2021997	6.0466084	0.1177002	0.001773232
1.2036667	6.0099502	0.11756738	0.0017729336
1.2051337	6.0541668	0.11782497	0.001772536
1.2066007	6.0843143	0.11856908	0.0017723371
1.2080677	6.0384469	0.11780959	0.0017720389
1.2095346	6.2044511	0.12049905	0.0017716413
1.2110016	6.0731797	0.11794976	0.0017713431
1.2124686	6.0908403	0.11849384	0.0017710449
1.2139356	5.998867	0.11657238	0.0017706474
1.2154026	6.1231289	0.11845154	0.0017703493
1.2168696	6.1365871	0.1193613	0.0017701506
1.2183366	6.1140614	0.11823207	0.0017698525
1.2198036	6.1404495	0.11883093	0.0017695545
1.2212706	6.1914253	0.12006526	0.001769157
1.2227376	6.2417378	0.12027474	0.001768859
1.2242045	6.2211862	0.12014651	0.0017685611
1.2256715	6.1578164	0.11865735	0.0017681638
1.2271385	6.2197762	0.12014139	0.0017678658
1.2286055	6.1101222	0.11765087	0.0017675679
1.2300725	6.2232208	0.12043308	0.0017673693
1.2315395	6.2219329	0.11995963	0.0017670714
1.2330065	6.2537975	0.12037277	0.0017666743
1.2344735	6.3424964	0.12223877	0.0017663765
1.2359405	6.3261676	0.12178821	0.0017660788
1.2374074	6.2398973	0.11959692	0.001765781
1.2388744	6.2503676	0.11984167	0.0017655273
1.2403415	6.220458	0.11953208	0.0017650862
1.2418085	6.3100805	0.12058817	0.0017647885
1.2432755	6.2613177	0.1201177	0.0017644909
1.2447425	6.2917743	0.12083551	0.0017641932
1.2462095	6.3407841	0.12137477	0.0017638955
1.2476765	6.3069053	0.12054944	0.0017634988
1.2491435	6.338798	0.12098227	0.0017632012
1.2506105	6.3808479	0.12198525	0.0017629036
1.2520775	6.3654895	0.12144765	0.0017626061
1.2535444	6.2930722	0.11984784	0.0017622093
1.2550114	6.4148393	0.12263501	0.0017619119
1.2564784	6.360044	0.12165391	0.0017616145
1.2579454	6.318872	0.12014351	0.001761317
1.2594124	6.3139744	0.12028971	0.0017610196
1.2608794	6.4220285	0.12243729	0.0017607221
1.2623464	6.3950038	0.12167919	0.0017604248
1.2638134	6.3094897	0.11961956	0.0017601275
1.2652804	6.4752688	0.12258642	0.001759731
1.2667474	6.3434124	0.12034931	0.0017593346
1.2682143	6.5033965	0.12296502	0.0017591364
1.2696813	6.4090743	0.12161718	0.0017588392
1.2711483	6.4313087	0.12228153	0.0017584428
1.2726153	6.4928622	0.12265604	0.0017581456
1.2740823	6.4055219	0.12128825	0.0017578485
1.2755493	6.4443655	0.12150174	0.0017575513
1.2770163	6.5105319	0.12301197	0.0017571552
1.2784833	6.4036274	0.12075513	0.001756759
1.2799503	6.4962511	0.12274227	0.0017564619
1.2814173	6.4062171	0.1203979	0.0017561649
1.2828842	6.4343143	0.12189857	0.0017558679
1.2843512	6.4749556	0.12203513	0.0017554719
1.2858182	6.4388185	0.12073382	0.0017552739
1.2872852	6.5426331	0.12357436	0.001754878
1.2887522	6.5026531	0.12229699	0.001754581
1.2902192	6.3961473	0.11970241	0.0017542841
1.2916862	6.4216275	0.12051765	0.0017538882
1.2931532	6.4598308	0.12125582	0.0017535914
1.2946202	6.4136362	0.11992481	0.0017532946
1.2960871	6.5445862	0.12310717	0.0017528988
1.2975541	6.3911376	0.1193789	0.0017526021
1.2990211	6.5070128	0.1218413	0.0017523053
1.3004881	6.4426055	0.12088989	0.0017519096
1.3019551	6.4013205	0.11931962	0.001751613
1.3034221	6.4661813	0.12042414	0.0017513162
1.3048891	6.4717574	0.12084262	0.0017510196
1.3063561	6.444715	0.12017031	0.001750624
1.3078231	6.4631691	0.12047242	0.0017503275
1.3092901	6.4710169	0.12055591	0.0017500309
1.310757	6.4400277	0.11972944	0.0017496356
1.312224	6.4366097	0.11995638	0.0017494378
1.313691	6.3723035	0.11886137	0.0017489436
1.315158	6.4131408	0.11894222	0.0017486472
1.316625	6.5209126	0.12123327	0.0017483507
1.318092	6.4429898	0.11957806	0.0017480543
1.319559	6.4897957	0.12069657	0.0017477035
1.3210261	6.4101682	0.11880536	0.0017473627
1.3224931	6.4271083	0.11875287	0.0017470664
1.3239601	6.4782019	0.11955395	0.0017466713
1.3254271	6.488492	0.12025677	0.0017463749
1.326894	6.3905182	0.11801612	0.0017460786
1.328361	6.3565574	0.11746906	0.0017456836
1.329828	6.4518237	0.11968015	0.0017452887
1.331295	6.424387	0.11856066	0.0017450913
1.332762	6.4294915	0.11837325	0.0017446963
1.334229	6.3272295	0.11650992	0.0017444002
1.335696	6.4088306	0.11765409	0.0017440054
1.337163	6.3889079	0.11784588	0.0017437093
1.33863	6.4454975	0.11858743	0.0017434132
1.340097	6.370924	0.11741423	0.0017430185
1.3415639	6.3878789	0.11721013	0.0017427225
1.3430309	6.4105759	0.11764642	0.0017423278
1.3444979	6.3001347	0.11556113	0.0017420319
1.3459649	6.4126182	0.11778316	0.001741736
1.3474319	6.377027	0.11720851	0.0017413413
1.3488989	6.3418231	0.11609174	0.0017409469
1.3503659	6.4226489	0.11790768	0.001740651
1.3518329	6.3874207	0.11682853	0.0017403552
1.3532999	6.3617306	0.11604845	0.0017400593
1.3547668	6.4095335	0.11742967	0.0017396649
1.3562338	6.3806515	0.11633576	0.0017393692
1.3577008	6.3757896	0.11626636	0.0017389749
1.3591678	6.2668672	0.11452781	0.0017386792
1.3606348	6.364954	0.11551309	0.0017383836
1.3621018	6.3344436	0.11560842	0.0017380879
1.3635688	6.1653962	0.11224312	0.0017375952
1.3650358	6.3302693	0.11469473	0.0017372996
1.3665028	6.2879443	0.11458819	0.001737004
1.3679698	6.3732233	0.1158731	0.00173661
1.3694367	6.2654343	0.11383831	0.0017363145
1.3709037	6.280858	0.11409962	0.0017359204
1.3723707	6.268549	0.11357657	0.001735625
1.3738377	6.1642132	0.11148483	0.0017352311
1.3753047	6.1799412	0.11187935	0.0017349357
1.3767717	6.159411	0.11143444	0.0017346403
1.3782387	6.1841311	0.11314807	0.0017342465
1.3797057	6.2542715	0.11446975	0.0017338528
1.3811727	6.1535592	0.11329266	0.0017335574
1.3826396	6.1654134	0.11397532	0.0017332622
1.3841066	6.1552434	0.11394329	0.0017328685
1.3855736	6.1718802	0.11442793	0.0017325734
1.3870406	6.170979	0.11538699	0.0017321798
1.3885076	6.1023593	0.11366747	0.0017318845
1.3899746	6.1080704	0.11441106	0.0017314911
1.3914416	6.1062937	0.11417754	0.0017310976
1.3929086	6.0637703	0.11350146	0.0017308026
1.3943756	6.0760522	0.11427306	0.0017305075
1.3958426	6.1609688	0.1162614	0.0017301141
1.3973095	6.1379924	0.11560162	0.0017297207
1.3987765	6.0871429	0.11503222	0.0017295692
1.4002436	6.1071301	0.11502041	0.0017290326
1.4017106	6.060801	0.11461626	0.0017287377
1.4031776	6.011807	0.11371005	0.0017284427
1.4046446	6.0313063	0.11440695	0.0017280496
1.4061116	5.9895229	0.11383975	0.0017276566
1.4075786	6.0588236	0.11474331	0.0017273617
1.4090456	5.9914007	0.11340549	0.0017270669
1.4105126	5.9659052	0.11361702	0.0017266739
1.4119796	5.9583635	0.11337056	0.001726281
1.4134465	5.852952	0.11138488	0.0017259864
1.4149135	5.9678597	0.1140475	0.0017256917
1.4163805	5.8443308	0.11158508	0.0017252006
1.4178475	5.9389315	0.11322644	0.001724906
1.4193145	5.9653411	0.11393706	0.0017245132
1.4207815	5.8910818	0.11262161	0.0017242187
1.4222485	5.8977942	0.11308125	0.0017239242
1.4237155	5.8622208	0.11221366	0.0017235315
1.4251825	5.8634863	0.11231994	0.0017232371
1.4266495	5.8450909	0.11145761	0.0017228444
1.4281164	5.9720588	0.11450523	0.0017224519
1.4295834	5.844718	0.1129175	0.0017221576
1.4310504	5.7677064	0.11048526	0.0017217651
1.4325174	5.8365173	0.11186505	0.0017213727
1.4339844	5.8587799	0.11264414	0.0017209803
1.4354514	5.750092	0.11039142	0.001720686
1.4369184	5.7261858	0.11066872	0.0017202938
1.4383854	5.7944899	0.11180125	0.0017199995
1.4398524	5.7904482	0.11141253	0.0017196073
1.4413193	5.6707683	0.10949545	0.0017193131
1.4427863	5.6377459	0.10855474	0.001718921
1.4442533	5.6579828	0.10914702	0.0017186269
1.4457203	5.7716212	0.11167202	0.0017182349
1.4471873	5.6523843	0.10909978	0.0017179408
1.4486543	5.615356	0.10866888	0.0017175488
1.4501213	5.6155281	0.10848945	0.0017171568
1.4515883	5.6207151	0.10848878	0.0017168629
1.4530553	5.6393504	0.10958561	0.0017164709
1.4545223	5.5964713	0.10842548	0.0017160792
1.4559892	5.5757461	0.10837002	0.0017156873
1.4574562	5.5341034	0.10683666	0.0017153935
1.4589232	5.5563064	0.10764701	0.0017150018
1.4603902	5.5314155	0.10761017	0.0017147081
1.4618572	5.5507898	0.10766135	0.0017143163
1.4633242	5.5596089	0.10781225	0.0017140226
1.4647912	5.4968033	0.10659433	0.0017136311
1.4662582	5.5088315	0.10678739	0.0017132396
1.4677252	5.5664258	0.1085991	0.0017129459
1.4691921	5.5058603	0.10705219	0.0017124566
1.4706591	5.4126267	0.10492244	0.0017122609
1.4721261	5.4112539	0.10515305	0.0017117717
1.4735931	5.4274406	0.10536806	0.0017114782
1.4750601	5.4280262	0.10606135	0.0017110868
1.4765271	5.3098321	0.10365277	0.0017107935
1.4779941	5.3887844	0.1045387	0.0017104022
1.4794611	5.3035579	0.10317727	0.0017100566
1.4809282	5.3353567	0.10391386	0.0017097177
1.4823952	5.328095	0.10430791	0.0017093266
1.4838622	5.2524638	0.10226062	0.0017089356
1.4853292	5.2748957	0.10263903	0.0017085446
1.4867961	5.310358	0.10362379	0.0017081535
1.4882631	5.337285	0.10436791	0.0017078604
1.4897301	5.1797237	0.10150055	0.0017074695
1.4911971	5.2514262	0.10241524	0.0017071763
1.4926641	5.2120748	0.10188047	0.0017067855
1.4941311	5.1143293	0.099836335	0.0017063947
1.4955981	5.1571536	0.10059569	0.001706004
1.4970651	5.1178722	0.10011544	0.001705711
1.4985321	5.1351972	0.10049288	0.0017053203
1.499999	5.0782509	0.099454634	0.0017050274
1.501466	5.1706667	0.10091703	0.0017046368
1.502933	5.0925498	0.099792212	0.0017042463
1.5044	5.1306863	0.1007331	0.0017039534
1.505867	5.0263457	0.09821213	0.0017035629
1.507334	5.0900116	0.099191532	0.0017031726
1.508801	5.012702	0.098340631	0.0017027822
1.510268	4.9575038	0.096996926	0.0017023919
1.511735	5.0583916	0.099466927	0.0017020991
1.513202	4.9919353	0.097820193	0.0017017089
1.5146689	4.9919877	0.097503766	0.0017013187
1.5161359	4.9070935	0.096343093	0.0017010261
1.5176029	4.9593868	0.097070925	0.001700636
1.5190699	4.9260402	0.096677609	0.0017002459
1.5205369	4.8286486	0.094748229	0.0016998559
1.5220039	4.9347157	0.096699186	0.0016994659
1.5234709	4.9032884	0.096435785	0.0016991734
1.5249379	4.9278312	0.096545629	0.0016987835
1.5264049	4.8866978	0.096090883	0.0016983936
1.5278718	4.8991566	0.095928617	0.0016980038
1.5293388	4.7948322	0.094157055	0.001697614
1.5308058	4.8449883	0.095492586	0.0016973217
1.5322728	4.8068094	0.094012119	0.001696932
1.5337398	4.8589692	0.095637865	0.0016965424
1.5352068	4.7901855	0.09415666	0.0016962502
1.5366738	4.7260485	0.09269926	0.0016957632
1.5381408	4.7006221	0.092682861	0.001695471
1.5396078	4.6872602	0.091814846	0.0016950816
1.5410748	4.7484474	0.093553439	0.0016947894
1.5425417	4.7256875	0.093014672	0.0016943027
1.5440087	4.6339664	0.091244556	0.0016939134
1.5454757	4.6161618	0.090982266	0.0016936214
1.5469427	4.6815577	0.091474734	0.0016932321
1.5484097	4.6176586	0.091064699	0.0016927455
1.5498767	4.5943322	0.09051694	0.0016924536
1.5513437	4.5950351	0.09049546	0.0016921618
1.5528107	4.622817	0.091060229	0.0016916754
1.5542777	4.5871668	0.090182997	0.0016912863
1.5557446	4.6041989	0.090781704	0.0016909946
1.5572116	4.5735865	0.090003319	0.0016906057
1.5586786	4.5271678	0.088866115	0.0016902627
1.5601457	4.4957232	0.088642821	0.0016898278
1.5616127	4.5762315	0.090476498	0.0016894389
1.5630797	4.562089	0.08972472	0.0016891473
1.5645467	4.4757094	0.088230886	0.0016886614
1.5660137	4.5164919	0.08896587	0.0016883699
1.5674807	4.435678	0.087441646	0.0016879812
1.5689477	4.4290195	0.087703213	0.0016875926
1.5704147	4.412601	0.086484164	0.0016873012
1.5718817	4.3603883	0.085924298	0.0016868155
1.5733486	4.4754481	0.088346116	0.0016865241
1.5748156	4.4151454	0.087002993	0.0016860386
1.5762826	4.4310818	0.087555476	0.0016857473
1.5777496	4.2781019	0.08436805	0.0016853589
1.5792166	4.2934742	0.08486934	0.0016849706
1.5806836	4.3427796	0.085560463	0.0016846793
1.5821506	4.3103447	0.084839121	0.0016841941
1.5836176	4.3200312	0.085444607	0.0016839029
1.5850846	4.2984438	0.084785603	0.0016834177
1.5865515	4.3528266	0.085942037	0.0016830297
1.5880185	4.2888718	0.084449038	0.0016826416
1.5894855	4.3392158	0.085924819	0.0016823506
1.5909525	4.334764	0.085618861	0.0016819626
1.5924195	4.3175964	0.085279964	0.0016815747
1.5938865	4.1625481	0.08178743	0.0016812838
1.5953535	4.2245135	0.083327107	0.0016808959
1.5968205	4.09656	0.080992728	0.0016804113
1.5982875	4.2068429	0.082946293	0.0016800235
1.5997545	4.1865468	0.082787938	0.0016797327
1.6012214	4.1356196	0.081637368	0.001679345
1.6026884	4.1326094	0.081372119	0.0016789575
1.6041554	4.2271304	0.083574183	0.001678473
1.6056224	4.1055927	0.081187233	0.0016781824
1.6070894	4.0851564	0.08073552	0.0016777948
1.6085564	4.1489692	0.081821322	0.0016774074
1.6100234	4.0462022	0.080059662	0.0016770201
1.6114904	4.1032209	0.080824748	0.0016766328
1.6129574	4.0094266	0.079456523	0.0016762455
1.6144243	4.0614963	0.080377944	0.001675955
1.6158913	3.9872291	0.07843338	0.0016755678
1.6173583	3.9949019	0.079106659	0.0016750839
1.6188253	4.0778208	0.080433622	0.0016746968
1.6202923	3.9479451	0.078099884	0.0016744065
1.6217593	4.0311403	0.079528444	0.0016740195
1.6232263	3.9375741	0.078263164	0.0016735358
1.6246933	3.9914563	0.07865379	0.0016731488
1.6261603	3.8197105	0.075533599	0.001672762
1.6276273	3.8987043	0.077246957	0.0016723751
1.6290942	3.9266872	0.077332184	0.001672085
1.6305612	3.8792834	0.07654731	0.0016716983
1.6320282	3.9037788	0.077045731	0.0016713116
1.6334952	3.8281004	0.075833067	0.0016709249
1.6349622	3.8615324	0.07615266	0.0016704417
1.6364292	3.8404548	0.07603322	0.0016701518
1.6378962	3.8365271	0.075865991	0.0016697652
1.6393632	3.8313112	0.075792603	0.0016694254
1.6408303	3.797503	0.075006783	0.0016689923
1.6422973	3.7706957	0.074332058	0.0016685094
1.6437643	3.7412643	0.074127503	0.0016682197
1.6452312	3.7885892	0.074888811	0.0016678334
1.6466982	3.7591069	0.074393071	0.0016674472
1.6481652	3.7037611	0.072927639	0.001667061
1.6496322	3.7190344	0.073977843	0.0016666749
1.6510992	3.7133956	0.073273905	0.0016661923
1.6525662	3.7100708	0.073581427	0.0016658063
1.6540332	3.6876702	0.072723754	0.0016655168
1.6555002	3.7646599	0.074430466	0.0016650343
1.6569672	3.7043138	0.07335224	0.0016647449
1.6584342	3.6279798	0.071714081	0.001664359
1.6599011	3.708252	0.073329411	0.0016638768
1.6613681	3.5954704	0.071043715	0.0016635875
1.6628351	3.6847699	0.073094226	0.0016632017
1.6643021	3.5582581	0.070473611	0.001662816
1.6657691	3.6131816	0.071561247	0.0016623341
1.6672361	3.593883	0.070709318	0.0016619485
1.6687031	3.6324685	0.072014265	0.0016616593
1.6701701	3.5559907	0.070359737	0.0016611775
1.6716371	3.6078887	0.070943706	0.0016607922
1.673104	3.5625737	0.070559002	0.0016605031
1.674571	3.4079874	0.067430943	0.0016600215
1.676038	3.4392815	0.067957163	0.0016596362
1.677505	3.5164192	0.069522373	0.0016592509
1.678972	3.5106049	0.069570653	0.0016587694
1.680439	3.5196729	0.069464527	0.0016583843
1.681906	3.4978235	0.069577515	0.0016580955
1.683373	3.4852712	0.068611942	0.0016577105
1.68484	3.4962847	0.069137618	0.0016573255
1.686307	3.4530883	0.068269596	0.0016569406
1.6877739	3.4937744	0.068912491	0.0016564595
1.6892409	3.4395947	0.067896791	0.0016560747
1.6907079	3.4092512	0.067495584	0.0016556899
1.6921749	3.3233793	0.065873161	0.0016553052
1.6936419	3.3571985	0.066219188	0.0016549204
1.6951089	3.394603	0.067126736	0.0016545358
1.6965759	3.39375	0.067070618	0.0016541512
1.6980429	3.3544703	0.066568084	0.0016536706
1.6995099	3.3676472	0.066244937	0.001653286
1.7009768	3.3316245	0.066153429	0.0016529977
1.7024438	3.3371093	0.065950997	0.0016526133
1.7039108	3.3602827	0.066565245	0.0016521328
1.7053778	3.322166	0.065566301	0.0016517485
1.7068448	3.2413385	0.064309612	0.0016513644
1.7083118	3.2586949	0.064413905	0.0016509801
1.7097788	3.2924931	0.064929709	0.001650596
1.7112458	3.2886195	0.065030783	0.0016501159
1.7127128	3.211838	0.063376129	0.0016498278
1.7141798	3.2753115	0.064628638	0.0016494439
1.7156467	3.244514	0.064221308	0.0016489639
1.7171137	3.313503	0.065548599	0.001648676
1.7185807	3.2420232	0.063947245	0.0016482434
1.7200478	3.1989796	0.063369669	0.0016478124
1.7215148	3.1540275	0.062515885	0.0016474286
1.7229818	3.1657012	0.062211975	0.0016470449
1.7244488	3.2328124	0.063889593	0.0016466613
1.7259158	3.0959439	0.06113686	0.0016462777
1.7273828	3.2367601	0.063868143	0.0016457982
1.7288498	3.1212599	0.061927292	0.0016454147
1.7303168	3.1181924	0.061278302	0.0016450313
1.7317837	3.1337779	0.062065721	0.0016446479
1.7332507	3.1263158	0.061724525	0.0016442646
1.7347177	3.0978005	0.061389346	0.0016437855
1.7361847	3.1329188	0.061758883	0.0016434023
1.7376517	3.1460631	0.062419109	0.001643019
1.7391187	3.0885437	0.060860507	0.0016425401
1.7405857	3.0744514	0.060855083	0.0016422528
1.7420527	3.0666144	0.060699817	0.0016418698
1.7435197	3.0543561	0.059965678	0.0016414868
1.7449867	3.0435123	0.060254391	0.0016410082
1.7464536	3.0042968	0.059373461	0.0016405295
1.7479206	3.010895	0.059387885	0.0016402424
1.7493876	3.0257211	0.059726551	0.0016397639
1.7508546	2.9858713	0.059148006	0.0016393813
1.7523216	3.0127611	0.059240863	0.0016389985
1.7537886	2.9902496	0.059049599	0.001638616
1.7552556	2.9910157	0.059110891	0.0016382334
1.7567226	2.9744482	0.058521084	0.0016378509
1.7581896	2.9270101	0.057823043	0.0016374683
1.7596565	2.9964912	0.059161358	0.0016370859
1.7611235	2.897356	0.057125941	0.001636608
1.7625905	2.9921415	0.059306867	0.0016362257
1.7640575	2.87253	0.056537855	0.0016358434
1.7655245	2.884825	0.056901205	0.0016354612
1.7669915	2.8635652	0.056613956	0.0016349836
1.7684585	2.8945925	0.057294656	0.0016346014
1.7699255	2.9065168	0.057239607	0.0016342194
1.7713925	2.8419003	0.05607627	0.0016338374
1.7728595	2.8326247	0.05568748	0.0016333599
1.7743264	2.9065311	0.057474803	0.0016329781
1.7757934	2.8713565	0.05660234	0.0016325962
1.7772604	2.8178613	0.055764869	0.0016321191
1.7787274	2.7734678	0.054619499	0.0016317373
1.7801944	2.8377855	0.05583198	0.0016313556
1.7816614	2.8371372	0.055797737	0.0016308785
1.7831284	2.791213	0.055033043	0.001630497
1.7845954	2.7861855	0.054880671	0.0016301156
1.7860624	2.8025904	0.055516947	0.0016297341
1.7875293	2.7039473	0.053188216	0.0016293527
1.7889963	2.7681835	0.054589584	0.001628876
1.7904633	2.7512631	0.054234724	0.0016284947
1.7919303	2.7545846	0.054406121	0.0016281134
1.7933973	2.7574451	0.054579936	0.001627637
1.7948643	2.7723765	0.054450411	0.001627351
1.7963313	2.7295208	0.053650063	0.0016268747
1.7977983	2.679517	0.052871622	0.0016264936
1.7992653	2.708689	0.053343691	0.0016261605
1.8007324	2.6460521	0.052180946	0.0016256365
1.8021994	2.6874514	0.053048976	0.0016252557
1.8036664	2.6938462	0.052826438	0.0016248749
1.8051333	2.6715667	0.052541293	0.0016244941
1.8066003	2.6315174	0.051904522	0.0016240182
1.8080673	2.6884868	0.052751616	0.0016236375
1.8095343	2.6197793	0.051997133	0.0016231618
1.8110013	2.6100459	0.051104702	0.0016227813
1.8124683	2.6105676	0.051641881	0.0016224007
1.8139353	2.5817831	0.050824568	0.0016219253
1.8154023	2.6916797	0.053070351	0.0016216399
1.8168693	2.5479877	0.050120279	0.0016211645
1.8183362	2.5599229	0.050248411	0.0016207843
1.8198032	2.5937257	0.051039856	0.001620309
1.8212702	2.5640626	0.050672431	0.0016199289
1.8227372	2.5379577	0.049817048	0.0016195488
1.8242042	2.5385211	0.049943611	0.0016190737
1.8256712	2.5898228	0.050844844	0.0016186937
1.8271382	2.4884081	0.048910506	0.0016183137
1.8286052	2.536756	0.050025437	0.0016179339
1.8300722	2.5453849	0.049809661	0.0016174591
1.8315392	2.5365663	0.050158199	0.0016170793
1.8330061	2.511008	0.049345024	0.0016166046
1.8344731	2.5124903	0.049633685	0.0016161301
1.8359401	2.4690027	0.048444815	0.0016158454
1.8374071	2.4450443	0.04801178	0.001615371
1.8388741	2.4650538	0.048302036	0.0016149915
1.8403411	2.5048544	0.049357954	0.0016145172
1.8418081	2.4137135	0.047369067	0.0016141378
1.8432751	2.4232867	0.047815394	0.0016137585
1.8447421	2.4067733	0.046944372	0.0016133792
1.846209	2.4661214	0.04866096	0.0016129052
1.847676	2.4747319	0.048417773	0.001612526
1.849143	2.444963	0.04821505	0.0016120522
1.85061	2.3796833	0.046764322	0.0016116732
1.852077	2.4376924	0.047802664	0.0016112941
1.853544	2.3686259	0.046727609	0.0016108205
1.855011	2.4101772	0.047318023	0.0016104416
1.856478	2.4144559	0.04733796	0.0016100628
1.857945	2.322643	0.045651946	0.0016095893
1.859412	2.3436902	0.045897495	0.0016092106
1.8608789	2.3672361	0.046636809	0.0016087374
1.8623459	2.3314242	0.04555269	0.0016083588
1.8638129	2.3170073	0.045497466	0.0016079802
1.8652799	2.2849483	0.044712782	0.0016075072
1.8667469	2.2890263	0.044991098	0.0016070342
1.8682139	2.3783784	0.046729513	0.0016067504
1.8696809	2.2927203	0.044873539	0.0016062775
1.8711479	2.2756882	0.044806957	0.0016058048
1.8726149	2.3125	0.045278113	0.0016055211
1.8740819	2.2973807	0.045085751	0.0016049539
1.8755488	2.2897663	0.044824373	0.0016046704
1.8770158	2.2476816	0.044178553	0.0016041979
1.8784828	2.3103316	0.04535738	0.0016037739
1.8799499	2.2237895	0.043416336	0.0016033476
1.8814169	2.254699	0.044154834	0.0016029697
1.8828839	2.1674953	0.042381514	0.0016024975
1.8843509	2.1872094	0.04305644	0.0016021198
1.8858179	2.1885278	0.042793266	0.0016016477
1.8872849	2.2469041	0.044197511	0.0016012702
1.8887519	2.149116	0.042127304	0.0016007982
1.8902189	2.2245522	0.04343107	0.0016004208
1.8916858	2.2046671	0.043116864	0.0016000434
1.8931528	2.1788461	0.042726424	0.001599666
1.8946198	2.1917913	0.042922586	0.0015991944
1.8960868	2.1119573	0.041209303	0.0015987228
1.8975538	2.1584005	0.042317126	0.0015983456
1.8990208	2.1627014	0.042361032	0.0015979685
1.9004878	2.0762417	0.04073783	0.0015974971
1.9019548	2.1291063	0.041607436	0.0015971201
1.9034218	2.114495	0.041512631	0.0015966489
1.9048887	2.1558096	0.042072903	0.0015962721
1.9063557	2.117265	0.041375745	0.0015958953
1.9078227	2.1428571	0.041931856	0.0015953301
1.9092897	2.0883703	0.040842164	0.0015949534
1.9107567	2.0693598	0.04039314	0.0015945768
1.9122237	2.0931206	0.040802691	0.001594106
1.9136907	2.1413753	0.041967385	0.0015937295
1.9151577	2.0496943	0.040070537	0.001593353
1.9166247	2.0704172	0.040498927	0.0015928824
1.9180917	2.0571101	0.040269326	0.0015925061
1.9195586	2.0782743	0.040605884	0.0015920358
1.9210256	2.1239984	0.041483767	0.0015916595
1.9224926	2.1295731	0.041568782	0.0015912834
1.9239596	2.0821865	0.040705647	0.0015908132
1.9254266	2.0470231	0.039858684	0.0015903432
1.9268936	2.0121906	0.039269917	0.0015899672
1.9283606	2.0513504	0.040003695	0.0015894972
1.9298276	1.9938744	0.039008953	0.0015891214
1.9312946	2.0297482	0.039635058	0.0015886517
1.9327615	2.0203142	0.039549164	0.0015882759
1.9342285	1.9901403	0.038750868	0.0015878063
1.9356955	2.0182858	0.039388727	0.0015873368
1.9371625	1.9908642	0.038838688	0.0015869612
1.9386295	2.0030639	0.039196268	0.0015865857
1.9400965	1.9597138	0.038021661	0.0015861164
1.9415635	2.0114198	0.039239947	0.0015856472
1.9430305	1.9733435	0.038504299	0.0015852719
1.9444975	1.9847444	0.038756173	0.0015848029
1.9459645	1.9659916	0.038426947	0.0015844277
1.9474314	1.9962107	0.038854443	0.0015839587
1.9488984	1.925	0.037461117	0.0015835837
1.9503654	1.9691193	0.038443804	0.001583115
1.9518324	1.9623574	0.038260967	0.00158274
1.9532994	1.9272045	0.037327711	0.0015822714
1.9547664	1.9079148	0.037213247	0.0015818966
1.9562334	1.8619246	0.036309209	0.0015814281
1.9577004	1.913721	0.037305143	0.0015810535
1.9591674	1.8730038	0.036518618	0.0015806344
1.9606345	1.8379402	0.035759881	0.0015801169
1.9621015	1.8651515	0.036296368	0.0015797424
1.9635684	1.859689	0.036210589	0.001579368
1.9650354	1.8912054	0.036817435	0.0015789
1.9665024	1.8948159	0.036721077	0.0015785256
1.9679694	1.8743833	0.036510561	0.0015780579
1.9694364	1.8423645	0.035859779	0.0015775901
1.9709034	1.8225684	0.035521384	0.001577216
1.9723704	1.8446639	0.035945218	0.0015768419
1.9738374	1.7989458	0.034902241	0.0015762809
1.9753044	1.8075329	0.03507565	0.001575907
1.9767714	1.8139712	0.03534035	0.0015755332
1.9782383	1.8018086	0.034970831	0.0015750659
1.9797053	1.7768999	0.034461435	0.0015745987
1.9811723	1.7874906	0.034692999	0.001574225
1.9826393	1.7577593	0.034193214	0.0015738513
1.9841063	1.7926829	0.034992106	0.001573291
1.9855733	1.8087739	0.035020459	0.0015729176
1.9870403	1.8319486	0.035596177	0.0015725441
1.9885073	1.7689408	0.034339402	0.0015720774
1.9899743	1.7937523	0.034794904	0.0015717041
1.9914412	1.8053892	0.03492235	0.0015712376
1.9929082	1.8105661	0.035167471	0.0015708643
1.9943752	1.7437642	0.033895422	0.001570398
1.9958422	1.7593014	0.034275342	0.0015699316
1.9973092	1.7709581	0.034256257	0.0015694655
1.9987762	1.7808168	0.0344662	0.0015690925
2.0002432	1.6761471	0.032636262	0.0015687196
2.0017102	1.7237136	0.033279877	0.0015682537
2.0031772	1.7364864	0.033639826	0.001567881
2.0046442	1.7334834	0.033581492	0.0015673219
2.0061111	1.7524714	0.034168229	0.0015669494
2.0075781	1.7071428	0.033095885	0.0015663906
2.0090451	1.6727817	0.032363053	0.0015660182
2.0105121	1.7163174	0.033198774	0.0015656458
2.0119791	1.707675	0.033118885	0.0015652735
2.0134461	1.7157738	0.03308985	0.0015649012
2.0149131	1.6692854	0.032283574	0.0015643429
2.0163801	1.6832018	0.03262588	0.0015637847
2.0178471	1.6733459	0.032532409	0.0015634126
2.0193141	1.6774193	0.032482985	0.0015630407
2.020781	1.6746447	0.032381009	0.0015626687
2.022248	1.6573138	0.032051615	0.001562111
2.023715	1.7278129	0.033290751	0.0015617391
2.025182	1.6319549	0.031638157	0.0015613674
2.026649	1.6389407	0.031649251	0.0015608099
2.028116	1.6662892	0.032370709	0.0015604383
2.029583	1.6364996	0.031643055	0.0015600667
2.03105	1.6472336	0.031738117	0.0015595095
2.032517	1.6283153	0.031467136	0.0015593239
2.0339839	1.5941705	0.030813122	0.0015587668
2.0354509	1.6174722	0.031181993	0.0015583956
2.0369179	1.6171408	0.031280544	0.0015580243
2.0383849	1.5986522	0.03092874	0.0015574676
2.0398519	1.6533835	0.032053772	0.0015570965
2.0413189	1.6274509	0.031299051	0.00155654
2.0427859	1.6082897	0.031074334	0.0015559837
2.0442529	1.5935628	0.030824333	0.0015556128
2.0457199	1.5401835	0.029500587	0.001555242
2.0471869	1.5918291	0.030813735	0.001554686
2.0486538	1.5485905	0.029820768	0.0015543153
2.0501208	1.5935265	0.030910416	0.0015539447
2.0515878	1.5987356	0.030826593	0.0015535742
2.0530548	1.5510882	0.029786056	0.0015532037
2.0545218	1.5682243	0.030317077	0.0015526481
2.0559888	1.583272	0.030387502	0.0015522778
2.0574558	1.565589	0.030176014	0.0015517224
2.0589228	1.5431131	0.029809408	0.0015513522
2.0603898	1.5255884	0.029481785	0.0015509821
2.0618567	1.5077548	0.02896996	0.0015504271
2.0633237	1.5538175	0.029982768	0.0015500571
2.0647907	1.5751104	0.030219674	0.0015496871
2.0662577	1.506273	0.028930685	0.0015491324
2.0677247	1.5339299	0.029615279	0.0015487627
2.0691917	1.5905044	0.030627823	0.0015483929
2.0706587	1.5039077	0.029008783	0.0015478384
2.0721257	1.4955523	0.028788554	0.0015474689
2.0735927	1.4985218	0.028802896	0.0015470994
2.0750597	1.5341706	0.029482914	0.0015467299
2.0765266	1.5246505	0.029240707	0.0015461759
2.0779936	1.5341246	0.029541941	0.0015456219
2.0794606	1.4925539	0.028794883	0.0015453533
2.0809278	1.5132061	0.028978489	0.0015448836
2.0823948	1.4486847	0.027881285	0.0015443299
2.0838618	1.473375	0.028230987	0.001543961
2.0853288	1.4787902	0.028397532	0.001543592
2.0867958	1.4699152	0.028237496	0.0015430388
2.0882628	1.4617109	0.028247187	0.00154267
2.0897298	1.4578755	0.027898284	0.0015423012
2.0911968	1.4835975	0.028479408	0.0015419325
2.0926638	1.4377999	0.027620433	0.0015413796
2.0941308	1.4830477	0.028312817	0.0015408267
2.0955977	1.4045235	0.027041072	0.0015406426
2.0970647	1.4346696	0.027636895	0.0015399058
2.0985317	1.438526	0.027472446	0.0015395376
2.0999987	1.4158088	0.02714278	0.0015391692
2.1014657	1.4394387	0.027657056	0.0015386171
2.1029327	1.4336996	0.027435862	0.001538249
2.1043997	1.412908	0.027052557	0.001537881
2.1058667	1.4190687	0.027275437	0.001537513
2.1073337	1.3850681	0.026558409	0.0015369612
2.1088006	1.394958	0.026660085	0.0015365933
2.1102676	1.3711646	0.026359716	0.0015360417
2.1117346	1.3789971	0.026282862	0.0015356741
2.1132016	1.4203005	0.027184209	0.0015353065
2.1146686	1.3777614	0.026432905	0.0015349389
2.1161356	1.3785373	0.026423464	0.0015343877
2.1176026	1.4187067	0.027113859	0.0015338366
2.1190696	1.4276291	0.027324377	0.0015334693
2.1205366	1.3448275	0.025617555	0.0015329184
2.1220036	1.4091911	0.027016064	0.0015325513
2.1234705	1.3580883	0.026036063	0.0015321842
2.1249375	1.3828012	0.026336305	0.0015318171
2.1264045	1.3841351	0.026521053	0.0015312667
2.1278715	1.3571169	0.025823638	0.0015307164
2.1293385	1.3456204	0.0257027	0.0015305331
2.1308055	1.3298855	0.025556598	0.0015299829
2.1322725	1.3747715	0.026283389	0.0015296163
2.1337395	1.3470715	0.025609354	0.0015290664
2.1352065	1.3158858	0.025171498	0.0015286999
2.1366735	1.3664012	0.025995903	0.0015281502
2.1381404	1.3584425	0.025909994	0.0015277838
2.1396074	1.2770245	0.024441443	0.0015272343
2.1410744	1.3355287	0.025542559	0.0015268682
2.1425414	1.3223231	0.02518883	0.001526319
2.1440084	1.2951415	0.024657588	0.0015259529
2.1454754	1.2752891	0.024235535	0.0015255869
2.1469424	1.3107262	0.025160458	0.001525038
2.1484094	1.3199854	0.025180882	0.0015246721
2.1498764	1.3276856	0.025204305	0.0015241235
2.1513433	1.3358834	0.025493614	0.0015239407
2.1528103	1.3030083	0.02480294	0.0015233922
2.1542773	1.3543023	0.025746999	0.0015230266
2.1557443	1.2310772	0.023480473	0.0015224784
2.1572113	1.2923021	0.024621433	0.001522113
2.1586783	1.3357532	0.02544486	0.001521565
2.1601453	1.2922688	0.024558511	0.0015211997
2.1616123	1.2782359	0.024200166	0.001520652
2.1630793	1.2575812	0.024034087	0.0015202868
2.1645463	1.2996719	0.024811456	0.0015199218
2.1660132	1.2651379	0.02394356	0.0015193743
2.1674802	1.2246904	0.023366919	0.0015190095
2.1689472	1.2865832	0.024331883	0.0015186446
2.1704142	1.2607751	0.023990383	0.0015180975
2.1718812	1.3129079	0.024995869	0.0015175506
2.1733482	1.3280518	0.025197577	0.0015171859
2.1748152	1.2453721	0.023723032	0.0015168214
2.1762822	1.2508935	0.023644345	0.0015162748
2.1777492	1.2393038	0.023594309	0.0015159104
2.1792161	1.2413294	0.023590265	0.0015155461
2.1806831	1.2714235	0.024071218	0.0015149998
2.1821501	1.2656306	0.024056423	0.0015146356
2.1836171	1.2303834	0.023285896	0.0015140895
2.1850841	1.2359511	0.02345439	0.0015137255
2.1865511	1.2336583	0.023440322	0.0015131797
2.1880181	1.211318	0.02292056	0.0015128158
2.1894851	1.1948755	0.022694957	0.0015122702
2.1909521	1.2168761	0.023054732	0.0015119065
2.1924191	1.2214285	0.023079053	0.0015115429
2.193886	1.178275	0.022379644	0.0015109977
2.195353	1.2385057	0.023468979	0.0015104525
2.19682	1.233608	0.023346817	0.0015102709
2.198287	1.193064	0.022555131	0.0015097258
2.199754	1.1670275	0.022162104	0.001509181
2.201221	1.2030129	0.022779746	0.0015088179
2.202688	1.2412812	0.023412475	0.0015084548
2.204155	1.2451613	0.023569603	0.0015079103
2.205622	1.1902213	0.022481212	0.0015075475
2.2070889	1.1719085	0.022151046	0.0015070032
2.2085559	1.2142857	0.023059713	0.0015064591
2.2100229	1.1512126	0.02173648	0.0015060965
2.2114899	1.1865193	0.022403529	0.0015057338
2.2129569	1.1850799	0.02233227	0.0015053713
2.2144239	1.1618123	0.022027273	0.0015048276
2.2158909	1.1696492	0.02212427	0.0015042841
2.2173579	1.166785	0.021975819	0.0015039218
2.2188249	1.1866524	0.022413729	0.0015033785
2.2202919	1.1881853	0.02234314	0.0015030163
2.2217588	1.1704954	0.022172133	0.0015026543
2.2232258	1.1450518	0.021639319	0.0015021113
2.2246928	1.16105	0.021863984	0.0015017495
2.2261598	1.1346086	0.021350998	0.0015012068
2.2276268	1.1505147	0.021673208	0.0015006642
2.2290938	1.175018	0.022225769	0.0015004834
2.2305608	1.1562942	0.021739675	0.001499941
2.2320278	1.127409	0.021294659	0.0014993987
2.2334948	1.135689	0.021344628	0.0014990374
2.2349617	1.1717747	0.022116901	0.0014984953
2.2364287	1.1728307	0.022113349	0.0014981341
2.2378957	1.1283046	0.021179752	0.0014977729
2.2393627	1.1242877	0.021213003	0.001497335
2.2408299	1.136909	0.021352706	0.0014968702
2.2422969	1.1432134	0.02157403	0.0014963289
2.2437639	1.167842	0.021925943	0.001495968
2.2452309	1.1238939	0.02114155	0.0014954268
2.2466979	1.1484348	0.021534834	0.0014950661
2.2481649	1.130851	0.021291403	0.0014947054
2.2496319	1.0952719	0.02064704	0.0014941647
2.2510989	1.1419014	0.021423375	0.0014936239
2.2525659	1.1527337	0.021645941	0.0014932636
2.2540329	1.1253071	0.021079058	0.0014927231
2.2554998	1.1274929	0.021273296	0.0014923629
2.2569668	1.1126364	0.020870754	0.0014920029
2.2584338	1.1001061	0.020686792	0.0014914627
2.2599008	1.0743572	0.020022796	0.0014909228
2.2613678	1.0969115	0.020663533	0.0014905629
2.2628348	1.1085957	0.020846531	0.0014900232
2.2643018	1.0957223	0.020513788	0.0014896635
2.2657688	1.0701016	0.020030553	0.0014893039
2.2672358	1.0828048	0.020321885	0.0014887645
2.2687027	1.05	0.019769045	0.001488405
2.2701697	1.0871688	0.020296831	0.0014880456
2.2716367	1.0761439	0.020108495	0.0014873269
2.2731037	1.0710038	0.020026436	0.0014869678
2.2745707	1.058907	0.01994374	0.0014866085
2.2760377	1.0744606	0.020038668	0.00148607
2.2775047	1.0580169	0.019835729	0.001485711
2.2789717	1.0744089	0.02003064	0.0014851727
2.2804387	1.0404645	0.019513475	0.0014846344
2.2819057	1.0691602	0.020080021	0.0014844551
2.2833726	1.0474529	0.019562144	0.001483917
2.2848396	1.0693963	0.019916471	0.0014833792
2.2863066	1.0802945	0.020224949	0.0014830207
2.2877736	1.0682858	0.020038858	0.0014826623
2.2892406	1.0656022	0.019849407	0.0014821248
2.2907076	1.083737	0.020155681	0.0014815874
2.2921746	1.047736	0.019625543	0.0014812292
2.2936416	1.0309968	0.019346058	0.0014806921
2.2951086	1.0526134	0.019580085	0.0014803341
2.2965755	1.0027653	0.018639773	0.0014797973
2.2980425	1.0564263	0.019712489	0.0014794394
2.2995095	1.0423878	0.01958739	0.0014789029
2.3009765	1.0433576	0.019427937	0.0014785451
2.3024435	1.0570145	0.019645089	0.0014781876
2.3039105	1.0100764	0.01882457	0.0014776513
2.3053775	1.0193731	0.019127913	0.0014772939
2.3068445	1.0500864	0.019512944	0.0014767579
2.3083115	1.0241629	0.019024277	0.0014762221
2.3097785	1.0069566	0.018776368	0.0014758649
2.3112454	1.026096	0.019136634	0.0014755079
2.3127124	1.0287496	0.019142764	0.0014749723
2.3141794	1.0237195	0.018976947	0.0014746154
2.3156464	1.0407523	0.01942005	0.0014739018
2.3171134	1.020188	0.019029384	0.0014735451
2.3185804	1.0319477	0.01912304	0.0014731885
2.3200474	1.0272696	0.019082269	0.0014726536
2.3215144	1.0232074	0.019039379	0.0014722971
2.3229814	1.0312825	0.019223202	0.0014717625
2.3244483	1.0523485	0.019922953	0.0014714063
2.3259153	1.0029542	0.019269207	0.001470872
2.3273823	1.0291454	0.020419726	0.0014705159
2.3288493	0.9945811	0.020301444	0.0014699817
2.3303163	0.99439174	0.020648753	0.0014696259
2.3317833	1.0278652	0.021785267	0.00146927
2.3332503	0.98709083	0.021189064	0.0014687362
2.3347173	0.99857277	0.021774031	0.0014682027
2.3361843	0.9951148	0.021988627	0.001467847
2.3376513	0.98981154	0.022333397	0.0014673137
2.3391182	0.9974187	0.022655966	0.0014669583
2.3405852	0.98516947	0.022666048	0.0014664253
2.3420522	1.0032573	0.023368232	0.0014660701
2.3435192	1.0039172	0.023740424	0.0014655372
2.3449862	0.9811644	0.023432363	0.0014650046
2.3464532	0.98636633	0.024006648	0.0014646497
2.3479202	0.96795648	0.02379211	0.0014642947
2.3493872	1.0221403	0.025338814	0.0014637625
2.3508542	0.93702769	0.023505418	0.0014632304
2.3523211	1.0083494	0.025545189	0.0014628757
2.3537881	0.97435898	0.024974637	0.0014623438
2.3552551	0.92555332	0.023960348	0.0014619894
2.3567221	0.97652584	0.025280757	0.0014614578
2.3581891	0.96032834	0.02510622	0.0014611036
2.3596561	1.0178082	0.026627097	0.0014607493
2.3611231	0.97988904	0.025794441	0.001460041
2.3625901	0.93093729	0.024703041	0.001459687
2.3640571	0.95021337	0.025331425	0.0014591562
2.3655241	1.0304347	0.027727904	0.0014588023
2.366991	0.97520059	0.026327254	0.0014584485
2.368458	0.99556541	0.027055513	0.001457918
2.369925	0.95716393	0.026000883	0.0014575644
2.371392	0.96162528	0.026366621	0.0014570341
2.372859	0.9321267	0.025586881	0.001456504
2.374326	0.93451464	0.025927903	0.0014561507
2.375793	0.97196263	0.027112201	0.0014556209
2.37726	0.94440097	0.026415855	0.0014552677
2.378727	0.92332268	0.026082437	0.0014547381
2.3801939	0.92252398	0.026059456	0.0014542087
2.3816609	0.99029911	0.028144704	0.0014538559
2.3831279	0.9055829	0.025935315	0.001453503
2.3845949	0.91666669	0.026318874	0.001452974
2.3860619	0.98230833	0.02849834	0.0014526214
2.3875289	0.95392489	0.027850857	0.0014520927
2.3889959	0.93573266	0.027377503	0.001451564
2.3904629	0.99740034	0.029347392	0.0014512116
2.3919299	0.8734622	0.025878329	0.0014508594
2.3933969	0.96234673	0.028462255	0.0014501552
2.3948638	0.90429336	0.027030936	0.0014498031
2.3963308	0.96591926	0.028912062	0.0014494511
2.3977978	0.91208792	0.027586361	0.0014490992
2.3992648	0.94025737	0.028489333	0.0014486788
2.400732	0.94612479	0.029071374	0.001448044
2.402199	0.94999999	0.029161956	0.0014476923
2.403666	0.93959731	0.029077256	0.001447165
2.405133	0.92661446	0.028967328	0.0014466379
2.4066	0.95724005	0.02982568	0.0014462866
2.408067	0.95742571	0.030108185	0.0014457597
2.409534	0.8976143	0.028282691	0.0014454086
2.411001	0.90963858	0.028805351	0.001444882
2.412468	0.89672804	0.028656496	0.001444531
2.4139349	0.89855075	0.028891373	0.0014440047
2.4154019	0.91903257	0.029783728	0.0014436539
2.4168689	0.87606835	0.028615924	0.0014431279
2.4183359	0.94522017	0.030960029	0.0014427772
2.4198029	0.84716159	0.027971767	0.0014422515
2.4212699	0.86373627	0.028613292	0.0014417259
2.4227369	0.87596899	0.02913045	0.0014413756
2.4242039	0.92592591	0.030999031	0.0014408502
2.4256709	0.9285714	0.031244533	0.0014405001
2.4271379	0.92502886	0.031385291	0.0014399751
2.4286048	0.91812867	0.031375755	0.001439625
2.4300718	0.93380612	0.032081362	0.0014391004
2.4315388	0.89844686	0.031030269	0.0014385757
2.4330058	0.8913309	0.031121816	0.001438226
2.4344728	0.83231336	0.029096629	0.0014377016
2.4359398	0.8585732	0.030348759	0.0014371775
2.4374068	0.8556962	0.030420164	0.0014370028
2.4388738	0.95177662	0.033879429	0.0014364788
2.4403408	0.82857144	0.029828431	0.0014359551
2.4418077	0.88173455	0.031931512	0.0014356059
2.4432747	0.87801611	0.032118231	0.0014350824
2.4447417	0.84946239	0.031116357	0.001434559
2.4462087	0.8559671	0.031673126	0.0014340358
2.4476757	0.89517242	0.033214949	0.0014338614
2.4491427	0.91267604	0.034223657	0.0014333385
2.4506097	0.88	0.033226099	0.0014328157
2.4520767	0.80547553	0.030544415	0.0014324673
2.4535437	0.84310848	0.032251898	0.0014319447
2.4550107	0.90312964	0.034831133	0.0014315965
2.4564776	0.83232629	0.032318402	0.0014310742
2.4579446	0.8264209	0.032357056	0.0014305521
2.4594116	0.95461661	0.037733253	0.0014302041
2.4608786	0.88412696	0.03518882	0.0014296824
2.4623456	0.86612904	0.034742273	0.0014291607
2.4638126	0.88379705	0.035713512	0.0014286392
2.4652796	0.87021631	0.035457462	0.0014282917
2.4667466	0.93378609	0.038436059	0.0014279442
2.4682136	0.79757786	0.033132203	0.0014274231
2.4696805	0.87740803	0.036673412	0.0014270758
2.4711475	0.87298745	0.036872767	0.001426555
2.4726145	0.88117003	0.037627231	0.0014260344
2.4740815	0.86080587	0.036791157	0.0014255139
2.4755485	0.83396226	0.036175612	0.0014253404
2.4770155	0.88235295	0.038387004	0.0014246468
2.4784825	0.859375	0.037930798	0.0014243001
2.4799495	0.88316834	0.039241821	0.0014239536
2.4814165	0.98178136	0.044116054	0.0014234338
2.4828835	0.88198757	0.040070586	0.0014229141
2.4843504	0.91101694	0.041876297	0.0014225679
2.4858174	0.81156319	0.037484985	0.0014220485
2.4872844	0.77947599	0.036359642	0.0014215293
2.4887514	0.86516851	0.040948547	0.0014211833
2.4902184	0.86926603	0.041560583	0.0014206645
2.4916854	0.83490568	0.04047057	0.0014201457
2.4931524	0.85918856	0.041896984	0.0014198
2.4946194	0.83980584	0.041305363	0.0014194543
2.4960864	0.88972431	0.044464059	0.0014189361
2.4975533	0.87113404	0.044144802	0.0014184179
2.4990203	0.73878628	0.037867978	0.0014180726
2.5004873	0.79514825	0.041201472	0.0014175548
2.5019543	0.76536316	0.040359203	0.0014170371
2.5034213	0.74220961	0.039412096	0.001416692
2.5048883	0.79765397	0.043102462	0.0014161747
2.5063553	0.86227542	0.04705888	0.0014158299
2.5078223	0.80182928	0.044168159	0.0014153128
2.5092893	0.85488957	0.047905948	0.0014149681
2.5107563	0.84690553	0.048217732	0.0014144513
2.5122232	0.79054052	0.045813888	0.0014139346
2.5136902	0.88111889	0.051965643	0.0014134181
2.5151572	0.63176894	0.037803225	0.0014130739
2.5166242	0.93984962	0.057475269	0.0014125577
2.5180912	0.7258687	0.044938024	0.0014122137
2.5195582	0.91129035	0.057688095	0.0014116978
2.5210252	0.81666666	0.052533444	0.0014111821
2.5224922	0.90869564	0.059715386	0.0014108383
2.5239592	0.93181819	0.062603548	0.001410323
2.5254261	0.75943398	0.051922344	0.0014099794
2.5268931	0.93564355	0.065577269	0.0014094643
2.5283601	0.88082904	0.063118048	0.001409121
2.5298271	0.77173913	0.056548461	0.0014086061
2.5312941	0.74712646	0.056269411	0.0014080914
2.5327611	0.72189349	0.055146262	0.0014077484
2.5342281	0.91719747	0.072780035	0.001407234
2.5356951	0.97278911	0.079798773	0.0014068912
2.5371621	0.58992803	0.049465526	0.0014063771
2.5386291	0.8125	0.071205638	0.0014060345
2.540096	0.94999999	0.085919261	0.0014055207
2.541563	0.76106197	0.070806332	0.0014051782
2.54303	0.87128711	0.085584886	0.0014044936
2.544497	1.032258	0.10573543	0.0014041514
2.545964	0.71428573	0.076640949	0.0014036383
2.547431	0.66666669	0.075679109	0.0014032962
2.548898	0.8923077	0.10919284	0.0014027834
2.550365	0.5	0.064967528	0.0014024416
2.551832	1.0212766	0.14660525	0.0014019291
2.553299	0.5945946	0.09448728	0.0014015875
2.5547659	0.89655173	0.16173849	0.0014010752
2.5562329	0.80000001	0.17167902	0.0014005632
2.5576999	0.60000002	0.16329932	0.0014002218
2.5591669	1	0.40824831	0.0013995395
