-5.000E-3	-1.002E+0	-2.303E+0	0.000E+0
9.500E-2	-9.764E-1	-2.460E+0	0.000E+0
1.950E-1	-9.543E-1	-2.606E+0	0.000E+0
2.950E-1	-9.331E-1	-2.760E+0	0.000E+0
3.950E-1	-9.192E-1	-2.956E+0	0.000E+0
4.950E-1	-9.086E-1	-3.174E+0	0.000E+0
5.950E-1	-8.974E-1	-3.362E+0	0.000E+0
6.950E-1	-8.902E-1	-3.554E+0	0.000E+0
7.950E-1	-8.798E-1	-3.721E+0	0.000E+0
8.950E-1	-8.714E-1	-3.865E+0	0.000E+0
9.950E-1	-8.585E-1	-4.046E+0	0.000E+0
1.095E+0	-8.397E-1	-4.213E+0	0.000E+0
1.195E+0	-8.160E-1	-4.391E+0	0.000E+0
1.295E+0	-7.879E-1	-4.600E+0	0.000E+0
1.395E+0	-7.510E-1	-4.780E+0	0.000E+0
1.495E+0	-7.059E-1	-4.953E+0	0.000E+0
1.595E+0	-6.508E-1	-5.171E+0	0.000E+0
1.695E+0	-5.922E-1	-5.309E+0	0.000E+0
1.795E+0	-5.233E-1	-5.469E+0	0.000E+0
1.895E+0	-4.489E-1	-5.646E+0	0.000E+0
1.995E+0	-3.729E-1	-5.814E+0	0.000E+0
2.095E+0	-3.008E-1	-5.986E+0	0.000E+0
2.195E+0	-2.308E-1	-6.168E+0	0.000E+0
2.295E+0	-1.723E-1	-6.333E+0	0.000E+0
2.395E+0	-1.222E-1	-6.529E+0	0.000E+0
2.495E+0	-8.601E-2	-6.693E+0	0.000E+0
2.595E+0	-5.797E-2	-6.817E+0	0.000E+0
2.695E+0	-3.867E-2	-6.975E+0	0.000E+0
2.795E+0	-2.711E-2	-7.184E+0	0.000E+0
2.895E+0	-2.086E-2	-7.374E+0	0.000E+0
2.995E+0	-1.547E-2	-7.536E+0	0.000E+0
3.095E+0	-1.508E-2	-7.699E+0	0.000E+0
3.195E+0	-5.625E-3	-7.850E+0	0.000E+0
3.295E+0	-8.828E-3	-8.022E+0	0.000E+0
3.395E+0	-1.039E-2	-8.189E+0	0.000E+0
3.495E+0	-1.422E-2	-8.361E+0	0.000E+0
3.595E+0	-1.469E-2	-8.542E+0	0.000E+0
3.695E+0	-2.070E-2	-8.729E+0	0.000E+0
3.795E+0	-2.453E-2	-8.888E+0	0.000E+0
3.895E+0	-2.445E-2	-9.076E+0	0.000E+0
3.995E+0	-3.094E-2	-9.283E+0	0.000E+0
4.095E+0	-3.515E-2	-9.448E+0	0.000E+0
4.195E+0	-3.594E-2	-9.592E+0	0.000E+0
4.295E+0	-4.273E-2	-9.734E+0	0.000E+0
4.395E+0	-4.289E-2	-9.926E+0	0.000E+0
4.495E+0	-4.898E-2	-1.013E+1	0.000E+0
4.595E+0	-5.297E-2	-1.031E+1	0.000E+0
4.695E+0	-5.336E-2	-1.052E+1	0.000E+0
4.795E+0	-5.921E-2	-1.069E+1	0.000E+0
4.895E+0	-6.054E-2	-1.087E+1	0.000E+0
4.995E+0	-7.320E-2	-1.094E+1	0.000E+0
5.095E+0	-7.445E-2	-1.077E+1	0.000E+0
5.195E+0	-6.781E-2	-1.061E+1	0.000E+0
5.295E+0	-6.843E-2	-1.042E+1	0.000E+0
5.395E+0	-6.281E-2	-1.022E+1	0.000E+0
5.495E+0	-5.656E-2	-1.003E+1	0.000E+0
5.595E+0	-5.461E-2	-9.825E+0	0.000E+0
5.695E+0	-4.851E-2	-9.651E+0	0.000E+0
5.795E+0	-4.539E-2	-9.530E+0	0.000E+0
5.895E+0	-4.047E-2	-9.378E+0	0.000E+0
5.995E+0	-3.445E-2	-9.187E+0	0.000E+0
6.095E+0	-3.336E-2	-8.988E+0	0.000E+0
6.195E+0	-2.867E-2	-8.816E+0	0.000E+0
6.295E+0	-2.164E-2	-8.650E+0	0.000E+0
6.395E+0	-1.992E-2	-8.461E+0	0.000E+0
6.495E+0	-1.562E-2	-8.283E+0	0.000E+0
6.595E+0	-1.148E-2	-8.122E+0	0.000E+0
6.695E+0	-6.406E-3	-7.946E+0	0.000E+0
6.795E+0	-2.656E-3	-7.788E+0	0.000E+0
6.895E+0	3.906E-4	-7.633E+0	0.000E+0
6.995E+0	5.937E-3	-7.471E+0	0.000E+0
7.095E+0	6.953E-3	-7.308E+0	0.000E+0
7.195E+0	1.523E-2	-7.106E+0	0.000E+0
7.295E+0	1.586E-2	-6.907E+0	0.000E+0
7.395E+0	2.047E-2	-6.779E+0	0.000E+0
7.495E+0	2.547E-2	-6.627E+0	0.000E+0
7.595E+0	3.031E-2	-6.456E+0	0.000E+0
7.695E+0	3.344E-2	-6.265E+0	0.000E+0
7.795E+0	3.883E-2	-6.101E+0	0.000E+0
7.895E+0	4.312E-2	-5.913E+0	0.000E+0
7.995E+0	4.726E-2	-5.756E+0	0.000E+0
8.095E+0	5.226E-2	-5.574E+0	0.000E+0
8.195E+0	5.617E-2	-5.409E+0	0.000E+0
8.295E+0	6.375E-2	-5.253E+0	0.000E+0
8.395E+0	6.695E-2	-5.113E+0	0.000E+0
8.495E+0	7.234E-2	-4.878E+0	0.000E+0
8.595E+0	7.781E-2	-4.730E+0	0.000E+0
8.695E+0	8.382E-2	-4.528E+0	0.000E+0
8.795E+0	9.085E-2	-4.327E+0	0.000E+0
8.895E+0	9.538E-2	-4.166E+0	0.000E+0
8.995E+0	1.030E-1	-3.986E+0	0.000E+0
9.095E+0	1.109E-1	-3.820E+0	0.000E+0
9.195E+0	1.189E-1	-3.673E+0	0.000E+0
9.295E+0	1.284E-1	-3.503E+0	0.000E+0
9.395E+0	1.408E-1	-3.310E+0	0.000E+0
9.495E+0	1.535E-1	-3.120E+0	0.000E+0
9.595E+0	1.710E-1	-2.897E+0	0.000E+0
9.695E+0	1.923E-1	-2.717E+0	0.000E+0
9.795E+0	2.199E-1	-2.578E+0	0.000E+0
9.895E+0	2.587E-1	-2.424E+0	0.000E+0
9.995E+0	3.182E-1	-2.243E+0	0.000E+0
1.010E+1	4.126E-1	-2.027E+0	0.000E+0
1.019E+1	5.655E-1	-1.854E+0	0.000E+0
1.030E+1	8.069E-1	-1.674E+0	0.000E+0
1.040E+1	1.167E+0	-1.494E+0	0.000E+0
1.049E+1	1.612E+0	-1.361E+0	0.000E+0
1.060E+1	2.059E+0	-1.205E+0	0.000E+0
1.069E+1	2.394E+0	-1.009E+0	0.000E+0
1.080E+1	2.486E+0	-7.750E-1	0.000E+0
1.090E+1	2.476E+0	-5.914E-1	0.000E+0
1.099E+1	2.360E+0	-4.305E-1	0.000E+0
1.110E+1	2.165E+0	-2.758E-1	0.000E+0
1.119E+1	1.977E+0	-5.703E-2	0.000E+0
1.130E+1	1.816E+0	1.524E-1	0.000E+0
1.140E+1	1.682E+0	2.891E-1	0.000E+0
1.149E+1	1.561E+0	4.391E-1	0.000E+0
1.160E+1	1.479E+0	6.477E-1	0.000E+0
1.169E+1	1.399E+0	8.547E-1	0.000E+0
1.180E+1	1.328E+0	9.993E-1	0.000E+0
1.190E+1	1.267E+0	1.151E+0	0.000E+0
1.199E+1	1.205E+0	1.330E+0	0.000E+0
1.210E+1	1.156E+0	1.504E+0	0.000E+0
1.219E+1	1.114E+0	1.673E+0	0.000E+0
1.230E+1	1.075E+0	1.830E+0	0.000E+0
1.240E+1	1.045E+0	2.011E+0	0.000E+0
1.249E+1	1.015E+0	2.198E+0	0.000E+0
1.260E+1	9.906E-1	2.381E+0	0.000E+0
1.269E+1	9.749E-1	2.583E+0	0.000E+0
1.280E+1	9.571E-1	2.782E+0	0.000E+0
1.290E+1	9.471E-1	2.948E+0	0.000E+0
1.299E+1	9.377E-1	3.126E+0	0.000E+0
1.310E+1	9.262E-1	3.311E+0	0.000E+0
1.319E+1	9.190E-1	3.505E+0	0.000E+0
1.330E+1	9.060E-1	3.636E+0	0.000E+0
1.340E+1	8.931E-1	3.796E+0	0.000E+0
1.349E+1	8.796E-1	3.975E+0	0.000E+0
1.360E+1	8.532E-1	4.157E+0	0.000E+0
1.369E+1	8.268E-1	4.317E+0	0.000E+0
1.380E+1	7.925E-1	4.489E+0	0.000E+0
1.390E+1	7.470E-1	4.652E+0	0.000E+0
1.399E+1	6.982E-1	4.845E+0	0.000E+0
1.410E+1	6.360E-1	5.039E+0	0.000E+0
1.419E+1	5.701E-1	5.203E+0	0.000E+0
1.430E+1	4.966E-1	5.366E+0	0.000E+0
1.440E+1	4.232E-1	5.543E+0	0.000E+0
1.449E+1	3.484E-1	5.731E+0	0.000E+0
1.460E+1	2.776E-1	5.928E+0	0.000E+0
1.469E+1	2.176E-1	6.098E+0	0.000E+0
1.480E+1	1.670E-1	6.268E+0	0.000E+0
1.490E+1	1.241E-1	6.443E+0	0.000E+0
1.499E+1	9.585E-2	6.619E+0	0.000E+0
1.510E+1	7.375E-2	6.797E+0	0.000E+0
1.519E+1	6.070E-2	6.977E+0	0.000E+0
1.530E+1	4.828E-2	7.149E+0	0.000E+0
1.540E+1	4.547E-2	7.287E+0	0.000E+0
1.549E+1	4.187E-2	7.464E+0	0.000E+0
1.560E+1	3.922E-2	7.622E+0	0.000E+0
1.569E+1	4.148E-2	7.799E+0	0.000E+0
1.580E+1	4.304E-2	7.986E+0	0.000E+0
1.590E+1	4.593E-2	8.155E+0	0.000E+0
1.599E+1	4.586E-2	8.336E+0	0.000E+0
1.609E+1	5.047E-2	8.482E+0	0.000E+0
1.619E+1	5.336E-2	8.673E+0	0.000E+0
1.630E+1	5.609E-2	8.875E+0	0.000E+0
1.640E+1	5.797E-2	9.046E+0	0.000E+0
1.650E+1	6.046E-2	9.216E+0	0.000E+0
1.659E+1	6.492E-2	9.397E+0	0.000E+0
1.669E+1	6.796E-2	9.569E+0	0.000E+0
1.680E+1	6.757E-2	9.717E+0	0.000E+0
1.690E+1	7.460E-2	9.901E+0	0.000E+0
1.700E+1	7.632E-2	1.007E+1	0.000E+0
1.709E+1	7.937E-2	1.022E+1	0.000E+0
1.719E+1	7.937E-2	1.040E+1	0.000E+0
1.730E+1	8.343E-2	1.059E+1	0.000E+0
1.740E+1	8.742E-2	1.077E+1	0.000E+0
1.750E+1	9.038E-2	1.095E+1	0.000E+0
1.759E+1	1.030E-1	1.096E+1	0.000E+0
1.769E+1	1.001E-1	1.077E+1	0.000E+0
1.780E+1	9.515E-2	1.060E+1	0.000E+0
1.790E+1	9.062E-2	1.040E+1	0.000E+0
1.800E+1	8.453E-2	1.021E+1	0.000E+0
1.809E+1	7.734E-2	1.006E+1	0.000E+0
1.819E+1	7.476E-2	9.890E+0	0.000E+0
1.830E+1	6.929E-2	9.707E+0	0.000E+0
1.840E+1	6.070E-2	9.561E+0	0.000E+0
1.850E+1	5.734E-2	9.381E+0	0.000E+0
1.859E+1	5.375E-2	9.202E+0	0.000E+0
1.869E+1	4.664E-2	9.026E+0	0.000E+0
1.880E+1	4.484E-2	8.851E+0	0.000E+0
1.890E+1	3.945E-2	8.647E+0	0.000E+0
1.900E+1	3.531E-2	8.460E+0	0.000E+0
1.909E+1	3.140E-2	8.311E+0	0.000E+0
1.919E+1	2.625E-2	8.132E+0	0.000E+0
1.930E+1	2.367E-2	7.961E+0	0.000E+0
1.940E+1	1.922E-2	7.766E+0	0.000E+0
1.950E+1	1.375E-2	7.597E+0	0.000E+0
1.959E+1	1.078E-2	7.434E+0	0.000E+0
1.969E+1	5.547E-3	7.257E+0	0.000E+0
1.980E+1	7.421E-3	7.121E+0	0.000E+0
1.990E+1	5.625E-3	6.942E+0	0.000E+0
2.000E+1	2.578E-3	6.758E+0	0.000E+0
2.009E+1	-3.203E-3	6.583E+0	0.000E+0
2.019E+1	-3.203E-3	6.407E+0	0.000E+0
2.030E+1	-1.008E-2	6.229E+0	0.000E+0
2.040E+1	-1.601E-2	6.052E+0	0.000E+0
2.050E+1	-1.672E-2	5.875E+0	0.000E+0
2.059E+1	-2.328E-2	5.679E+0	0.000E+0
2.069E+1	-2.703E-2	5.490E+0	0.000E+0
2.080E+1	-2.992E-2	5.314E+0	0.000E+0
2.090E+1	-3.828E-2	5.157E+0	0.000E+0
2.100E+1	-3.968E-2	4.975E+0	0.000E+0
2.109E+1	-4.656E-2	4.778E+0	0.000E+0
2.119E+1	-5.281E-2	4.594E+0	0.000E+0
2.130E+1	-5.539E-2	4.424E+0	0.000E+0
2.140E+1	-6.257E-2	4.251E+0	0.000E+0
2.150E+1	-6.914E-2	4.096E+0	0.000E+0
2.159E+1	-7.218E-2	3.899E+0	0.000E+0
2.169E+1	-8.179E-2	3.728E+0	0.000E+0
2.180E+1	-8.703E-2	3.588E+0	0.000E+0
2.190E+1	-9.742E-2	3.424E+0	0.000E+0
2.200E+1	-1.098E-1	3.225E+0	0.000E+0
2.209E+1	-1.179E-1	3.042E+0	0.000E+0
2.219E+1	-1.342E-1	2.867E+0	0.000E+0
2.230E+1	-1.498E-1	2.695E+0	0.000E+0
2.240E+1	-1.726E-1	2.481E+0	0.000E+0
2.250E+1	-2.043E-1	2.296E+0	0.000E+0
2.259E+1	-2.458E-1	2.108E+0	0.000E+0
2.269E+1	-3.137E-1	1.921E+0	0.000E+0
2.280E+1	-4.181E-1	1.755E+0	0.000E+0
2.290E+1	-5.908E-1	1.588E+0	0.000E+0
2.300E+1	-8.639E-1	1.410E+0	0.000E+0
2.309E+1	-1.252E+0	1.226E+0	0.000E+0
2.319E+1	-1.712E+0	1.041E+0	0.000E+0
2.330E+1	-2.142E+0	9.172E-1	0.000E+0
2.340E+1	-2.440E+0	7.258E-1	0.000E+0
2.350E+1	-2.529E+0	5.000E-1	0.000E+0
2.359E+1	-2.449E+0	3.430E-1	0.000E+0
2.369E+1	-2.274E+0	1.985E-1	0.000E+0
2.380E+1	-2.069E+0	2.266E-2	0.000E+0
2.390E+1	-1.889E+0	-2.039E-1	0.000E+0
2.400E+1	-1.739E+0	-3.828E-1	0.000E+0
2.409E+1	-1.609E+0	-5.368E-1	0.000E+0
2.419E+1	-1.508E+0	-7.047E-1	0.000E+0
2.430E+1	-1.422E+0	-9.321E-1	0.000E+0
2.440E+1	-1.341E+0	-1.154E+0	0.000E+0
2.450E+1	-1.276E+0	-1.311E+0	0.000E+0
2.459E+1	-1.216E+0	-1.441E+0	0.000E+0
2.469E+1	-1.158E+0	-1.607E+0	0.000E+0
2.480E+1	-1.111E+0	-1.792E+0	0.000E+0
2.490E+1	-1.070E+0	-1.969E+0	0.000E+0
2.500E+1	-1.033E+0	-2.155E+0	0.000E+0
2.509E+1	-1.003E+0	-2.372E+0	0.000E+0
2.519E+1	-9.742E-1	-2.528E+0	0.000E+0
2.530E+1	-9.531E-1	-2.663E+0	0.000E+0
2.540E+1	-9.359E-1	-2.833E+0	0.000E+0
2.550E+1	-9.199E-1	-3.052E+0	0.000E+0
2.559E+1	-9.080E-1	-3.250E+0	0.000E+0
2.569E+1	-8.985E-1	-3.452E+0	0.000E+0
2.580E+1	-8.890E-1	-3.623E+0	0.000E+0
2.590E+1	-8.804E-1	-3.785E+0	0.000E+0
2.600E+1	-8.669E-1	-3.934E+0	0.000E+0
2.609E+1	-8.533E-1	-4.122E+0	0.000E+0
2.619E+1	-8.332E-1	-4.281E+0	0.000E+0
2.630E+1	-8.064E-1	-4.479E+0	0.000E+0
2.640E+1	-7.725E-1	-4.689E+0	0.000E+0
2.650E+1	-7.328E-1	-4.835E+0	0.000E+0
2.659E+1	-6.819E-1	-5.055E+0	0.000E+0
2.669E+1	-6.234E-1	-5.221E+0	0.000E+0
2.680E+1	-5.579E-1	-5.377E+0	0.000E+0
2.690E+1	-4.852E-1	-5.539E+0	0.000E+0
2.700E+1	-4.080E-1	-5.718E+0	0.000E+0
2.709E+1	-3.319E-1	-5.879E+0	0.000E+0
2.719E+1	-2.599E-1	-6.065E+0	0.000E+0
2.730E+1	-1.933E-1	-6.233E+0	0.000E+0
2.740E+1	-1.372E-1	-6.422E+0	0.000E+0
2.750E+1	-9.421E-2	-6.604E+0	0.000E+0
2.759E+1	-5.711E-2	-6.755E+0	0.000E+0
2.769E+1	-3.125E-2	-6.872E+0	0.000E+0
2.780E+1	-1.570E-2	-7.064E+0	0.000E+0
2.790E+1	-2.265E-3	-7.270E+0	0.000E+0
2.800E+1	4.531E-3	-7.439E+0	0.000E+0
2.809E+1	-2.422E-3	-7.603E+0	0.000E+0
2.819E+1	3.906E-4	-7.765E+0	0.000E+0
2.830E+1	-1.406E-3	-7.920E+0	0.000E+0
2.840E+1	-2.812E-3	-8.096E+0	0.000E+0
2.850E+1	-3.984E-3	-8.261E+0	0.000E+0
2.859E+1	-7.187E-3	-8.436E+0	0.000E+0
2.869E+1	-1.070E-2	-8.626E+0	0.000E+0
2.880E+1	-1.305E-2	-8.796E+0	0.000E+0
2.890E+1	-1.805E-2	-8.962E+0	0.000E+0
2.900E+1	-1.883E-2	-9.163E+0	0.000E+0
2.909E+1	-2.351E-2	-9.359E+0	0.000E+0
2.919E+1	-2.851E-2	-9.515E+0	0.000E+0
2.930E+1	-2.812E-2	-9.637E+0	0.000E+0
2.940E+1	-3.375E-2	-9.808E+0	0.000E+0
2.950E+1	-3.797E-2	-1.001E+1	0.000E+0
2.959E+1	-3.890E-2	-1.021E+1	0.000E+0
2.969E+1	-4.492E-2	-1.041E+1	0.000E+0
2.980E+1	-4.593E-2	-1.060E+1	0.000E+0
2.990E+1	-5.140E-2	-1.077E+1	0.000E+0
3.000E+1	-5.500E-2	-1.094E+1	0.000E+0
3.009E+1	-6.679E-2	-1.089E+1	0.000E+0
3.019E+1	-6.296E-2	-1.072E+1	0.000E+0
3.030E+1	-5.859E-2	-1.055E+1	0.000E+0
3.040E+1	-5.156E-2	-1.035E+1	0.000E+0
3.050E+1	-4.750E-2	-1.016E+1	0.000E+0
3.059E+1	-4.070E-2	-9.963E+0	0.000E+0
3.069E+1	-3.929E-2	-9.766E+0	0.000E+0
3.080E+1	-3.367E-2	-9.614E+0	0.000E+0
3.090E+1	-2.750E-2	-9.480E+0	0.000E+0
3.100E+1	-2.547E-2	-9.323E+0	0.000E+0
3.109E+1	-2.211E-2	-9.122E+0	0.000E+0
3.119E+1	-1.601E-2	-8.932E+0	0.000E+0
3.130E+1	-1.430E-2	-8.768E+0	0.000E+0
3.140E+1	-6.640E-3	-8.591E+0	0.000E+0
3.150E+1	-7.187E-3	-8.408E+0	0.000E+0
3.159E+1	-8.593E-4	-8.231E+0	0.000E+0
3.169E+1	2.031E-3	-8.068E+0	0.000E+0
3.180E+1	8.828E-3	-7.893E+0	0.000E+0
3.190E+1	9.843E-3	-7.740E+0	0.000E+0
3.200E+1	1.687E-2	-7.583E+0	0.000E+0
3.210E+1	2.039E-2	-7.418E+0	0.000E+0
3.219E+1	2.328E-2	-7.244E+0	0.000E+0
3.229E+1	2.547E-2	-7.040E+0	0.000E+0
3.240E+1	3.265E-2	-6.853E+0	0.000E+0
3.249E+1	3.586E-2	-6.735E+0	0.000E+0
3.260E+1	4.133E-2	-6.580E+0	0.000E+0
3.269E+1	4.187E-2	-6.393E+0	0.000E+0
3.279E+1	4.906E-2	-6.211E+0	0.000E+0
3.290E+1	5.289E-2	-6.041E+0	0.000E+0
3.299E+1	5.617E-2	-5.861E+0	0.000E+0
3.310E+1	5.953E-2	-5.703E+0	0.000E+0
3.319E+1	6.437E-2	-5.522E+0	0.000E+0
3.329E+1	6.773E-2	-5.361E+0	0.000E+0
3.340E+1	7.210E-2	-5.211E+0	0.000E+0
3.349E+1	7.421E-2	-5.039E+0	0.000E+0
3.360E+1	8.023E-2	-4.828E+0	0.000E+0
3.369E+1	8.578E-2	-4.674E+0	0.000E+0
3.379E+1	8.945E-2	-4.467E+0	0.000E+0
3.390E+1	9.538E-2	-4.272E+0	0.000E+0
3.399E+1	1.028E-1	-4.114E+0	0.000E+0
3.410E+1	1.076E-1	-3.925E+0	0.000E+0
3.419E+1	1.142E-1	-3.779E+0	0.000E+0
3.429E+1	1.241E-1	-3.619E+0	0.000E+0
3.440E+1	1.333E-1	-3.446E+0	0.000E+0
3.449E+1	1.445E-1	-3.248E+0	0.000E+0
3.460E+1	1.568E-1	-3.053E+0	0.000E+0
3.469E+1	1.726E-1	-2.835E+0	0.000E+0
3.479E+1	1.946E-1	-2.667E+0	0.000E+0
3.490E+1	2.233E-1	-2.534E+0	0.000E+0
3.499E+1	2.622E-1	-2.377E+0	0.000E+0
3.510E+1	3.312E-1	-2.161E+0	0.000E+0
3.519E+1	4.342E-1	-1.973E+0	0.000E+0
3.529E+1	6.121E-1	-1.798E+0	0.000E+0
3.540E+1	8.865E-1	-1.618E+0	0.000E+0
3.549E+1	1.279E+0	-1.445E+0	0.000E+0
3.560E+1	1.737E+0	-1.319E+0	0.000E+0
3.569E+1	2.162E+0	-1.155E+0	0.000E+0
3.579E+1	2.432E+0	-9.321E-1	0.000E+0
3.590E+1	2.481E+0	-7.055E-1	0.000E+0
3.599E+1	2.442E+0	-5.383E-1	0.000E+0
3.610E+1	2.282E+0	-3.844E-1	0.000E+0
3.619E+1	2.085E+0	-2.125E-1	0.000E+0
3.629E+1	1.904E+0	2.500E-2	0.000E+0
3.640E+1	1.752E+0	1.953E-1	0.000E+0
3.649E+1	1.632E+0	3.399E-1	0.000E+0
3.660E+1	1.532E+0	4.938E-1	0.000E+0
3.669E+1	1.445E+0	7.204E-1	0.000E+0
3.679E+1	1.372E+0	9.087E-1	0.000E+0
3.690E+1	1.301E+0	1.033E+0	0.000E+0
3.699E+1	1.240E+0	1.202E+0	0.000E+0
3.710E+1	1.181E+0	1.380E+0	0.000E+0
3.719E+1	1.135E+0	1.556E+0	0.000E+0
3.729E+1	1.098E+0	1.724E+0	0.000E+0
3.740E+1	1.059E+0	1.881E+0	0.000E+0
3.749E+1	1.025E+0	2.070E+0	0.000E+0
3.760E+1	1.002E+0	2.256E+0	0.000E+0
3.769E+1	9.776E-1	2.437E+0	0.000E+0
3.779E+1	9.593E-1	2.655E+0	0.000E+0
3.790E+1	9.477E-1	2.834E+0	0.000E+0
3.799E+1	9.338E-1	3.002E+0	0.000E+0
3.810E+1	9.267E-1	3.186E+0	0.000E+0
3.819E+1	9.160E-1	3.377E+0	0.000E+0
3.829E+1	9.053E-1	3.554E+0	0.000E+0
3.840E+1	8.948E-1	3.682E+0	0.000E+0
3.849E+1	8.775E-1	3.846E+0	0.000E+0
3.860E+1	8.586E-1	4.039E+0	0.000E+0
3.869E+1	8.346E-1	4.207E+0	0.000E+0
3.879E+1	8.038E-1	4.374E+0	0.000E+0
3.890E+1	7.663E-1	4.544E+0	0.000E+0
3.899E+1	7.183E-1	4.717E+0	0.000E+0
3.910E+1	6.646E-1	4.909E+0	0.000E+0
3.919E+1	6.031E-1	5.097E+0	0.000E+0
3.929E+1	5.319E-1	5.250E+0	0.000E+0
3.940E+1	4.589E-1	5.420E+0	0.000E+0
3.949E+1	3.876E-1	5.601E+0	0.000E+0
3.960E+1	3.115E-1	5.795E+0	0.000E+0
3.969E+1	2.458E-1	5.980E+0	0.000E+0
3.979E+1	1.861E-1	6.153E+0	0.000E+0
3.990E+1	1.401E-1	6.329E+0	0.000E+0
3.999E+1	1.036E-1	6.501E+0	0.000E+0
4.010E+1	7.531E-2	6.679E+0	0.000E+0
4.019E+1	5.617E-2	6.858E+0	0.000E+0
4.029E+1	4.312E-2	7.032E+0	0.000E+0
4.040E+1	3.390E-2	7.191E+0	0.000E+0
4.049E+1	2.789E-2	7.342E+0	0.000E+0
4.060E+1	2.844E-2	7.524E+0	0.000E+0
4.069E+1	2.742E-2	7.676E+0	0.000E+0
4.079E+1	2.883E-2	7.871E+0	0.000E+0
4.090E+1	2.859E-2	8.041E+0	0.000E+0
4.099E+1	3.469E-2	8.215E+0	0.000E+0
4.110E+1	3.484E-2	8.383E+0	0.000E+0
4.119E+1	3.953E-2	8.536E+0	0.000E+0
4.129E+1	4.086E-2	8.740E+0	0.000E+0
4.140E+1	4.508E-2	8.939E+0	0.000E+0
4.149E+1	4.968E-2	9.102E+0	0.000E+0
4.160E+1	5.406E-2	9.276E+0	0.000E+0
4.169E+1	5.648E-2	9.458E+0	0.000E+0
4.179E+1	6.046E-2	9.613E+0	0.000E+0
4.190E+1	6.359E-2	9.776E+0	0.000E+0
4.199E+1	6.820E-2	9.956E+0	0.000E+0
4.210E+1	7.210E-2	1.012E+1	0.000E+0
4.219E+1	7.414E-2	1.027E+1	0.000E+0
4.229E+1	7.859E-2	1.047E+1	0.000E+0
4.240E+1	8.312E-2	1.064E+1	0.000E+0
4.249E+1	8.421E-2	1.083E+1	0.000E+0
4.260E+1	9.242E-2	1.099E+1	0.000E+0
4.269E+1	1.037E-1	1.091E+1	0.000E+0
4.279E+1	9.827E-2	1.071E+1	0.000E+0
4.290E+1	9.398E-2	1.054E+1	0.000E+0
4.299E+1	9.085E-2	1.033E+1	0.000E+0
4.310E+1	8.765E-2	1.017E+1	0.000E+0
4.319E+1	8.421E-2	1.001E+1	0.000E+0
4.329E+1	8.015E-2	9.833E+0	0.000E+0
4.340E+1	8.179E-2	9.655E+0	0.000E+0
4.349E+1	7.601E-2	9.509E+0	0.000E+0
4.360E+1	7.335E-2	9.324E+0	0.000E+0
4.369E+1	7.210E-2	9.147E+0	0.000E+0
4.379E+1	6.593E-2	8.978E+0	0.000E+0
4.390E+1	6.234E-2	8.789E+0	0.000E+0
4.399E+1	5.797E-2	8.585E+0	0.000E+0
4.410E+1	5.414E-2	8.412E+0	0.000E+0
4.419E+1	5.132E-2	8.254E+0	0.000E+0
4.429E+1	4.593E-2	8.079E+0	0.000E+0
4.440E+1	4.109E-2	7.907E+0	0.000E+0
4.449E+1	3.968E-2	7.707E+0	0.000E+0
4.460E+1	3.711E-2	7.554E+0	0.000E+0
4.469E+1	3.109E-2	7.377E+0	0.000E+0
4.479E+1	1.758E-2	7.215E+0	0.000E+0
4.490E+1	1.586E-2	7.068E+0	0.000E+0
4.499E+1	1.117E-2	6.884E+0	0.000E+0
4.510E+1	9.453E-3	6.708E+0	0.000E+0
4.519E+1	2.812E-3	6.529E+0	0.000E+0
4.529E+1	7.812E-4	6.353E+0	0.000E+0
4.540E+1	-2.031E-3	6.172E+0	0.000E+0
4.549E+1	-1.062E-2	6.002E+0	0.000E+0
4.560E+1	-1.164E-2	5.819E+0	0.000E+0
4.569E+1	-1.687E-2	5.623E+0	0.000E+0
4.579E+1	-2.250E-2	5.434E+0	0.000E+0
4.590E+1	-2.250E-2	5.262E+0	0.000E+0
4.599E+1	-2.969E-2	5.108E+0	0.000E+0
4.610E+1	-3.476E-2	4.917E+0	0.000E+0
4.619E+1	-3.758E-2	4.715E+0	0.000E+0
4.629E+1	-4.492E-2	4.546E+0	0.000E+0
4.640E+1	-4.797E-2	4.374E+0	0.000E+0
4.649E+1	-5.578E-2	4.207E+0	0.000E+0
4.660E+1	-6.273E-2	4.037E+0	0.000E+0
4.669E+1	-6.515E-2	3.845E+0	0.000E+0
4.679E+1	-7.406E-2	3.680E+0	0.000E+0
4.690E+1	-8.187E-2	3.549E+0	0.000E+0
4.699E+1	-8.742E-2	3.363E+0	0.000E+0
4.710E+1	-1.001E-1	3.173E+0	0.000E+0
4.719E+1	-1.087E-1	2.988E+0	0.000E+0
4.729E+1	-1.255E-1	2.818E+0	0.000E+0
4.740E+1	-1.430E-1	2.630E+0	0.000E+0
4.749E+1	-1.664E-1	2.419E+0	0.000E+0
4.760E+1	-2.023E-1	2.238E+0	0.000E+0
4.769E+1	-2.496E-1	2.048E+0	0.000E+0
4.779E+1	-3.272E-1	1.865E+0	0.000E+0
4.790E+1	-4.519E-1	1.707E+0	0.000E+0
4.799E+1	-6.539E-1	1.534E+0	0.000E+0
4.810E+1	-9.625E-1	1.354E+0	0.000E+0
4.819E+1	-1.382E+0	1.163E+0	0.000E+0
4.829E+1	-1.847E+0	1.007E+0	0.000E+0
4.840E+1	-2.247E+0	8.626E-1	0.000E+0
4.849E+1	-2.479E+0	6.618E-1	0.000E+0
4.860E+1	-2.508E+0	4.461E-1	0.000E+0
4.869E+1	-2.387E+0	2.953E-1	0.000E+0
4.879E+1	-2.193E+0	1.547E-1	0.000E+0
4.890E+1	-1.999E+0	-5.157E-2	0.000E+0
4.899E+1	-1.825E+0	-2.719E-1	0.000E+0
4.910E+1	-1.682E+0	-4.250E-1	0.000E+0
4.919E+1	-1.560E+0	-5.891E-1	0.000E+0
4.929E+1	-1.466E+0	-7.711E-1	0.000E+0
4.940E+1	-1.383E+0	-1.008E+0	0.000E+0
4.949E+1	-1.307E+0	-1.202E+0	0.000E+0
4.960E+1	-1.243E+0	-1.357E+0	0.000E+0
4.969E+1	-1.185E+0	-1.487E+0	0.000E+0
4.979E+1	-1.133E+0	-1.664E+0	0.000E+0
4.990E+1	-1.089E+0	-1.848E+0	0.000E+0
