-5.000E-3	-1.283E+0	-2.143E+0	0.000E+0
9.500E-2	-1.297E+0	-2.365E+0	0.000E+0
1.950E-1	-1.282E+0	-2.520E+0	0.000E+0
2.950E-1	-1.240E+0	-2.659E+0	0.000E+0
3.950E-1	-1.188E+0	-2.829E+0	0.000E+0
4.950E-1	-1.124E+0	-3.043E+0	0.000E+0
5.950E-1	-1.060E+0	-3.246E+0	0.000E+0
6.950E-1	-9.947E-1	-3.442E+0	0.000E+0
7.950E-1	-9.221E-1	-3.618E+0	0.000E+0
8.950E-1	-8.485E-1	-3.775E+0	0.000E+0
9.950E-1	-7.625E-1	-3.922E+0	0.000E+0
1.095E+0	-6.673E-1	-4.110E+0	0.000E+0
1.195E+0	-5.738E-1	-4.267E+0	0.000E+0
1.295E+0	-4.806E-1	-4.460E+0	0.000E+0
1.395E+0	-3.819E-1	-4.676E+0	0.000E+0
1.495E+0	-2.905E-1	-4.828E+0	0.000E+0
1.595E+0	-1.976E-1	-5.044E+0	0.000E+0
1.695E+0	-1.131E-1	-5.215E+0	0.000E+0
1.795E+0	-5.398E-2	-5.367E+0	0.000E+0
1.895E+0	-1.812E-2	-5.521E+0	0.000E+0
1.995E+0	-1.086E-2	-5.702E+0	0.000E+0
2.095E+0	-1.367E-2	-5.861E+0	0.000E+0
2.195E+0	-1.562E-2	-6.047E+0	0.000E+0
2.295E+0	-1.844E-2	-6.215E+0	0.000E+0
2.395E+0	-1.867E-2	-6.397E+0	0.000E+0
2.495E+0	-2.312E-2	-6.582E+0	0.000E+0
2.595E+0	-2.531E-2	-6.743E+0	0.000E+0
2.695E+0	-2.805E-2	-6.865E+0	0.000E+0
2.795E+0	-3.328E-2	-7.052E+0	0.000E+0
2.895E+0	-4.078E-2	-7.265E+0	0.000E+0
2.995E+0	-4.133E-2	-7.435E+0	0.000E+0
3.095E+0	-4.578E-2	-7.595E+0	0.000E+0
3.195E+0	-4.390E-2	-7.759E+0	0.000E+0
3.295E+0	-5.031E-2	-7.912E+0	0.000E+0
3.395E+0	-4.851E-2	-8.090E+0	0.000E+0
3.495E+0	-5.437E-2	-8.253E+0	0.000E+0
3.595E+0	-5.632E-2	-8.433E+0	0.000E+0
3.695E+0	-6.273E-2	-8.620E+0	0.000E+0
3.795E+0	-6.476E-2	-8.792E+0	0.000E+0
3.895E+0	-6.640E-2	-8.962E+0	0.000E+0
3.995E+0	-7.117E-2	-9.162E+0	0.000E+0
4.095E+0	-7.476E-2	-9.355E+0	0.000E+0
4.195E+0	-7.476E-2	-9.508E+0	0.000E+0
4.295E+0	-8.148E-2	-9.633E+0	0.000E+0
4.395E+0	-8.226E-2	-9.806E+0	0.000E+0
4.495E+0	-8.765E-2	-1.001E+1	0.000E+0
4.595E+0	-9.140E-2	-1.020E+1	0.000E+0
4.695E+0	-9.109E-2	-1.040E+1	0.000E+0
4.795E+0	-9.703E-2	-1.060E+1	0.000E+0
4.895E+0	-9.890E-2	-1.076E+1	0.000E+0
4.995E+0	-1.037E-1	-1.093E+1	0.000E+0
5.095E+0	-1.059E-1	-1.091E+1	0.000E+0
5.195E+0	-9.992E-2	-1.074E+1	0.000E+0
5.295E+0	-9.687E-2	-1.057E+1	0.000E+0
5.395E+0	-9.367E-2	-1.037E+1	0.000E+0
5.495E+0	-8.640E-2	-1.018E+1	0.000E+0
5.595E+0	-8.382E-2	-9.979E+0	0.000E+0
5.695E+0	-8.039E-2	-9.785E+0	0.000E+0
5.795E+0	-7.460E-2	-9.624E+0	0.000E+0
5.895E+0	-7.062E-2	-9.496E+0	0.000E+0
5.995E+0	-6.515E-2	-9.336E+0	0.000E+0
6.095E+0	-6.296E-2	-9.140E+0	0.000E+0
6.195E+0	-5.679E-2	-8.947E+0	0.000E+0
6.295E+0	-5.054E-2	-8.783E+0	0.000E+0
6.395E+0	-4.711E-2	-8.610E+0	0.000E+0
6.495E+0	-4.070E-2	-8.422E+0	0.000E+0
6.595E+0	-3.609E-2	-8.245E+0	0.000E+0
6.695E+0	-3.172E-2	-8.082E+0	0.000E+0
6.795E+0	-2.851E-2	-7.904E+0	0.000E+0
6.895E+0	-2.469E-2	-7.755E+0	0.000E+0
6.995E+0	-1.867E-2	-7.591E+0	0.000E+0
7.095E+0	-1.344E-2	-7.430E+0	0.000E+0
7.195E+0	-1.109E-2	-7.258E+0	0.000E+0
7.295E+0	-2.422E-3	-7.056E+0	0.000E+0
7.395E+0	5.468E-4	-6.863E+0	0.000E+0
7.495E+0	5.390E-3	-6.743E+0	0.000E+0
7.595E+0	6.640E-3	-6.590E+0	0.000E+0
7.695E+0	1.625E-2	-6.404E+0	0.000E+0
7.795E+0	2.242E-2	-6.221E+0	0.000E+0
7.895E+0	2.398E-2	-6.061E+0	0.000E+0
7.995E+0	2.680E-2	-5.873E+0	0.000E+0
8.095E+0	3.445E-2	-5.714E+0	0.000E+0
8.195E+0	3.984E-2	-5.530E+0	0.000E+0
8.295E+0	4.695E-2	-5.374E+0	0.000E+0
8.395E+0	5.015E-2	-5.221E+0	0.000E+0
8.495E+0	5.656E-2	-5.055E+0	0.000E+0
8.595E+0	6.351E-2	-4.836E+0	0.000E+0
8.695E+0	7.039E-2	-4.684E+0	0.000E+0
8.795E+0	7.679E-2	-4.477E+0	0.000E+0
8.895E+0	8.562E-2	-4.282E+0	0.000E+0
8.995E+0	9.476E-2	-4.122E+0	0.000E+0
9.095E+0	1.061E-1	-3.942E+0	0.000E+0
9.195E+0	1.247E-1	-3.789E+0	0.000E+0
9.295E+0	1.473E-1	-3.635E+0	0.000E+0
9.395E+0	1.875E-1	-3.460E+0	0.000E+0
9.495E+0	2.597E-1	-3.266E+0	0.000E+0
9.595E+0	4.286E-1	-3.067E+0	0.000E+0
9.695E+0	7.881E-1	-2.847E+0	0.000E+0
9.795E+0	1.381E+0	-2.673E+0	0.000E+0
9.895E+0	1.913E+0	-2.536E+0	0.000E+0
9.995E+0	2.058E+0	-2.382E+0	0.000E+0
1.010E+1	1.900E+0	-2.167E+0	0.000E+0
1.019E+1	1.675E+0	-1.982E+0	0.000E+0
1.030E+1	1.494E+0	-1.804E+0	0.000E+0
1.040E+1	1.361E+0	-1.626E+0	0.000E+0
1.049E+1	1.267E+0	-1.453E+0	0.000E+0
1.060E+1	1.183E+0	-1.331E+0	0.000E+0
1.069E+1	1.117E+0	-1.172E+0	0.000E+0
1.080E+1	1.060E+0	-9.563E-1	0.000E+0
1.090E+1	1.007E+0	-7.290E-1	0.000E+0
1.099E+1	9.619E-1	-5.532E-1	0.000E+0
1.110E+1	9.294E-1	-4.000E-1	0.000E+0
1.119E+1	9.054E-1	-2.336E-1	0.000E+0
1.130E+1	8.940E-1	-7.032E-3	0.000E+0
1.140E+1	8.915E-1	1.813E-1	0.000E+0
1.149E+1	8.980E-1	3.235E-1	0.000E+0
1.160E+1	9.006E-1	4.774E-1	0.000E+0
1.169E+1	9.373E-1	6.946E-1	0.000E+0
1.180E+1	9.703E-1	8.946E-1	0.000E+0
1.190E+1	1.018E+0	1.024E+0	0.000E+0
1.199E+1	1.071E+0	1.184E+0	0.000E+0
1.210E+1	1.128E+0	1.368E+0	0.000E+0
1.219E+1	1.196E+0	1.540E+0	0.000E+0
1.230E+1	1.264E+0	1.715E+0	0.000E+0
1.240E+1	1.316E+0	1.875E+0	0.000E+0
1.249E+1	1.337E+0	2.062E+0	0.000E+0
1.260E+1	1.324E+0	2.249E+0	0.000E+0
1.269E+1	1.291E+0	2.433E+0	0.000E+0
1.280E+1	1.235E+0	2.642E+0	0.000E+0
1.290E+1	1.171E+0	2.821E+0	0.000E+0
1.299E+1	1.112E+0	2.988E+0	0.000E+0
1.310E+1	1.044E+0	3.168E+0	0.000E+0
1.319E+1	9.777E-1	3.359E+0	0.000E+0
1.330E+1	8.993E-1	3.547E+0	0.000E+0
1.340E+1	8.136E-1	3.674E+0	0.000E+0
1.349E+1	7.248E-1	3.834E+0	0.000E+0
1.360E+1	6.268E-1	4.023E+0	0.000E+0
1.369E+1	5.341E-1	4.196E+0	0.000E+0
1.380E+1	4.397E-1	4.356E+0	0.000E+0
1.390E+1	3.475E-1	4.528E+0	0.000E+0
1.399E+1	2.562E-1	4.696E+0	0.000E+0
1.410E+1	1.690E-1	4.891E+0	0.000E+0
1.419E+1	1.008E-1	5.083E+0	0.000E+0
1.430E+1	6.007E-2	5.240E+0	0.000E+0
1.440E+1	4.125E-2	5.408E+0	0.000E+0
1.449E+1	3.804E-2	5.593E+0	0.000E+0
1.460E+1	3.726E-2	5.782E+0	0.000E+0
1.469E+1	4.047E-2	5.971E+0	0.000E+0
1.480E+1	4.429E-2	6.142E+0	0.000E+0
1.490E+1	4.648E-2	6.317E+0	0.000E+0
1.499E+1	5.172E-2	6.489E+0	0.000E+0
1.510E+1	5.547E-2	6.665E+0	0.000E+0
1.519E+1	5.914E-2	6.842E+0	0.000E+0
1.530E+1	6.218E-2	7.023E+0	0.000E+0
1.540E+1	6.711E-2	7.185E+0	0.000E+0
1.549E+1	7.039E-2	7.332E+0	0.000E+0
1.560E+1	7.054E-2	7.512E+0	0.000E+0
1.569E+1	7.562E-2	7.661E+0	0.000E+0
1.580E+1	7.937E-2	7.854E+0	0.000E+0
1.590E+1	8.476E-2	8.027E+0	0.000E+0
1.599E+1	8.578E-2	8.204E+0	0.000E+0
1.609E+1	8.757E-2	8.372E+0	0.000E+0
1.619E+1	9.265E-2	8.529E+0	0.000E+0
1.630E+1	9.757E-2	8.726E+0	0.000E+0
1.640E+1	1.004E-1	8.927E+0	0.000E+0
1.650E+1	1.022E-1	9.094E+0	0.000E+0
1.659E+1	1.041E-1	9.264E+0	0.000E+0
1.669E+1	1.073E-1	9.448E+0	0.000E+0
1.680E+1	1.093E-1	9.605E+0	0.000E+0
1.690E+1	1.118E-1	9.765E+0	0.000E+0
1.700E+1	1.147E-1	9.946E+0	0.000E+0
1.709E+1	1.184E-1	1.011E+1	0.000E+0
1.719E+1	1.202E-1	1.026E+1	0.000E+0
1.730E+1	1.223E-1	1.046E+1	0.000E+0
1.740E+1	1.247E-1	1.063E+1	0.000E+0
1.750E+1	1.285E-1	1.082E+1	0.000E+0
1.759E+1	1.351E-1	1.099E+1	0.000E+0
1.769E+1	1.311E-1	1.092E+1	0.000E+0
1.780E+1	1.279E-1	1.072E+1	0.000E+0
1.790E+1	1.209E-1	1.055E+1	0.000E+0
1.800E+1	1.193E-1	1.035E+1	0.000E+0
1.809E+1	1.092E-1	1.018E+1	0.000E+0
1.819E+1	1.047E-1	1.002E+1	0.000E+0
1.830E+1	9.859E-2	9.844E+0	0.000E+0
1.840E+1	9.218E-2	9.664E+0	0.000E+0
1.850E+1	8.765E-2	9.519E+0	0.000E+0
1.859E+1	7.882E-2	9.335E+0	0.000E+0
1.869E+1	7.531E-2	9.158E+0	0.000E+0
1.880E+1	6.796E-2	8.988E+0	0.000E+0
1.890E+1	6.289E-2	8.801E+0	0.000E+0
1.900E+1	6.015E-2	8.593E+0	0.000E+0
1.909E+1	5.687E-2	8.418E+0	0.000E+0
1.919E+1	5.351E-2	8.264E+0	0.000E+0
1.930E+1	4.929E-2	8.083E+0	0.000E+0
1.940E+1	4.383E-2	7.921E+0	0.000E+0
1.950E+1	3.562E-2	7.721E+0	0.000E+0
1.959E+1	3.265E-2	7.561E+0	0.000E+0
1.969E+1	2.640E-2	7.388E+0	0.000E+0
1.980E+1	2.359E-2	7.222E+0	0.000E+0
1.990E+1	2.062E-2	7.076E+0	0.000E+0
2.000E+1	2.281E-2	6.894E+0	0.000E+0
2.009E+1	1.625E-2	6.714E+0	0.000E+0
2.019E+1	1.359E-2	6.536E+0	0.000E+0
2.030E+1	5.781E-3	6.361E+0	0.000E+0
2.040E+1	1.172E-3	6.184E+0	0.000E+0
2.050E+1	-1.250E-3	6.012E+0	0.000E+0
2.059E+1	-7.265E-3	5.829E+0	0.000E+0
2.069E+1	-1.008E-2	5.633E+0	0.000E+0
2.080E+1	-1.586E-2	5.446E+0	0.000E+0
2.090E+1	-2.344E-2	5.272E+0	0.000E+0
2.100E+1	-2.586E-2	5.116E+0	0.000E+0
2.109E+1	-3.429E-2	4.925E+0	0.000E+0
2.119E+1	-3.890E-2	4.727E+0	0.000E+0
2.130E+1	-4.336E-2	4.554E+0	0.000E+0
2.140E+1	-5.320E-2	4.382E+0	0.000E+0
2.150E+1	-5.742E-2	4.214E+0	0.000E+0
2.159E+1	-6.640E-2	4.041E+0	0.000E+0
2.169E+1	-7.687E-2	3.852E+0	0.000E+0
2.180E+1	-8.749E-2	3.685E+0	0.000E+0
2.190E+1	-1.055E-1	3.556E+0	0.000E+0
2.200E+1	-1.332E-1	3.374E+0	0.000E+0
2.209E+1	-1.853E-1	3.182E+0	0.000E+0
2.219E+1	-2.829E-1	2.998E+0	0.000E+0
2.230E+1	-4.989E-1	2.828E+0	0.000E+0
2.240E+1	-9.369E-1	2.641E+0	0.000E+0
2.250E+1	-1.558E+0	2.423E+0	0.000E+0
2.259E+1	-1.985E+0	2.235E+0	0.000E+0
2.269E+1	-2.002E+0	2.042E+0	0.000E+0
2.280E+1	-1.794E+0	1.863E+0	0.000E+0
2.290E+1	-1.570E+0	1.705E+0	0.000E+0
2.300E+1	-1.404E+0	1.532E+0	0.000E+0
2.309E+1	-1.283E+0	1.364E+0	0.000E+0
2.319E+1	-1.195E+0	1.179E+0	0.000E+0
2.330E+1	-1.121E+0	1.019E+0	0.000E+0
2.340E+1	-1.062E+0	8.805E-1	0.000E+0
2.350E+1	-1.004E+0	6.797E-1	0.000E+0
2.359E+1	-9.557E-1	4.602E-1	0.000E+0
2.369E+1	-9.142E-1	3.133E-1	0.000E+0
2.380E+1	-8.864E-1	1.711E-1	0.000E+0
2.390E+1	-8.670E-1	-2.813E-2	0.000E+0
2.400E+1	-8.591E-1	-2.539E-1	0.000E+0
2.409E+1	-8.613E-1	-4.149E-1	0.000E+0
2.419E+1	-8.737E-1	-5.711E-1	0.000E+0
2.430E+1	-8.916E-1	-7.516E-1	0.000E+0
2.440E+1	-9.204E-1	-9.915E-1	0.000E+0
2.450E+1	-9.606E-1	-1.193E+0	0.000E+0
2.459E+1	-1.014E+0	-1.353E+0	0.000E+0
2.469E+1	-1.073E+0	-1.477E+0	0.000E+0
2.480E+1	-1.135E+0	-1.658E+0	0.000E+0
2.490E+1	-1.201E+0	-1.838E+0	0.000E+0
2.500E+1	-1.260E+0	-2.007E+0	0.000E+0
2.509E+1	-1.300E+0	-2.220E+0	0.000E+0
2.519E+1	-1.303E+0	-2.413E+0	0.000E+0
2.530E+1	-1.276E+0	-2.563E+0	0.000E+0
2.540E+1	-1.231E+0	-2.706E+0	0.000E+0
2.550E+1	-1.175E+0	-2.883E+0	0.000E+0
2.559E+1	-1.109E+0	-3.110E+0	0.000E+0
2.569E+1	-1.044E+0	-3.300E+0	0.000E+0
2.580E+1	-9.744E-1	-3.498E+0	0.000E+0
2.590E+1	-9.020E-1	-3.667E+0	0.000E+0
2.600E+1	-8.235E-1	-3.817E+0	0.000E+0
2.609E+1	-7.339E-1	-3.985E+0	0.000E+0
2.619E+1	-6.398E-1	-4.162E+0	0.000E+0
2.630E+1	-5.445E-1	-4.323E+0	0.000E+0
2.640E+1	-4.483E-1	-4.528E+0	0.000E+0
2.650E+1	-3.533E-1	-4.732E+0	0.000E+0
2.659E+1	-2.546E-1	-4.876E+0	0.000E+0
2.669E+1	-1.608E-1	-5.114E+0	0.000E+0
2.680E+1	-8.023E-2	-5.260E+0	0.000E+0
2.690E+1	-2.648E-2	-5.410E+0	0.000E+0
2.700E+1	2.734E-3	-5.574E+0	0.000E+0
2.709E+1	1.164E-2	-5.754E+0	0.000E+0
2.719E+1	1.101E-2	-5.917E+0	0.000E+0
2.730E+1	6.640E-3	-6.101E+0	0.000E+0
2.740E+1	3.594E-3	-6.266E+0	0.000E+0
2.750E+1	-3.437E-3	-6.460E+0	0.000E+0
2.759E+1	-7.421E-3	-6.634E+0	0.000E+0
2.769E+1	-8.906E-3	-6.782E+0	0.000E+0
2.780E+1	-1.211E-2	-6.913E+0	0.000E+0
2.790E+1	-1.344E-2	-7.118E+0	0.000E+0
2.800E+1	-1.945E-2	-7.317E+0	0.000E+0
2.809E+1	-2.250E-2	-7.483E+0	0.000E+0
2.819E+1	-3.648E-2	-7.650E+0	0.000E+0
2.830E+1	-3.265E-2	-7.802E+0	0.000E+0
2.840E+1	-4.117E-2	-7.968E+0	0.000E+0
2.850E+1	-4.359E-2	-8.146E+0	0.000E+0
2.859E+1	-4.648E-2	-8.305E+0	0.000E+0
2.869E+1	-5.297E-2	-8.490E+0	0.000E+0
2.880E+1	-5.312E-2	-8.679E+0	0.000E+0
2.890E+1	-5.953E-2	-8.840E+0	0.000E+0
2.900E+1	-6.382E-2	-9.021E+0	0.000E+0
2.909E+1	-6.398E-2	-9.222E+0	0.000E+0
2.919E+1	-7.000E-2	-9.405E+0	0.000E+0
2.930E+1	-6.937E-2	-9.555E+0	0.000E+0
2.940E+1	-7.515E-2	-9.676E+0	0.000E+0
2.950E+1	-7.757E-2	-9.865E+0	0.000E+0
2.959E+1	-7.843E-2	-1.007E+1	0.000E+0
2.969E+1	-8.382E-2	-1.026E+1	0.000E+0
2.980E+1	-8.445E-2	-1.046E+1	0.000E+0
2.990E+1	-8.820E-2	-1.065E+1	0.000E+0
3.000E+1	-9.382E-2	-1.082E+1	0.000E+0
3.009E+1	-9.867E-2	-1.096E+1	0.000E+0
3.019E+1	-9.546E-2	-1.085E+1	0.000E+0
3.030E+1	-8.960E-2	-1.069E+1	0.000E+0
3.040E+1	-8.437E-2	-1.052E+1	0.000E+0
3.050E+1	-7.999E-2	-1.031E+1	0.000E+0
3.059E+1	-7.304E-2	-1.012E+1	0.000E+0
3.069E+1	-7.117E-2	-9.919E+0	0.000E+0
3.080E+1	-6.484E-2	-9.728E+0	0.000E+0
3.090E+1	-5.859E-2	-9.590E+0	0.000E+0
3.100E+1	-5.500E-2	-9.446E+0	0.000E+0
3.109E+1	-4.953E-2	-9.282E+0	0.000E+0
3.119E+1	-4.593E-2	-9.079E+0	0.000E+0
3.130E+1	-4.133E-2	-8.893E+0	0.000E+0
3.140E+1	-3.617E-2	-8.730E+0	0.000E+0
3.150E+1	-3.351E-2	-8.553E+0	0.000E+0
3.159E+1	-2.687E-2	-8.367E+0	0.000E+0
3.169E+1	-2.383E-2	-8.202E+0	0.000E+0
3.180E+1	-1.687E-2	-8.030E+0	0.000E+0
3.190E+1	-1.242E-2	-7.852E+0	0.000E+0
3.200E+1	-8.203E-3	-7.705E+0	0.000E+0
3.210E+1	-4.609E-3	-7.547E+0	0.000E+0
3.219E+1	1.641E-3	-7.384E+0	0.000E+0
3.229E+1	5.156E-3	-7.197E+0	0.000E+0
3.240E+1	1.016E-2	-6.993E+0	0.000E+0
3.249E+1	1.375E-2	-6.825E+0	0.000E+0
3.260E+1	2.078E-2	-6.700E+0	0.000E+0
3.269E+1	2.265E-2	-6.539E+0	0.000E+0
3.279E+1	2.687E-2	-6.342E+0	0.000E+0
3.290E+1	3.367E-2	-6.178E+0	0.000E+0
3.299E+1	3.906E-2	-5.993E+0	0.000E+0
3.310E+1	4.390E-2	-5.822E+0	0.000E+0
3.319E+1	4.765E-2	-5.657E+0	0.000E+0
3.329E+1	5.172E-2	-5.479E+0	0.000E+0
3.340E+1	5.726E-2	-5.325E+0	0.000E+0
3.349E+1	6.171E-2	-5.181E+0	0.000E+0
3.360E+1	6.617E-2	-4.974E+0	0.000E+0
3.369E+1	7.171E-2	-4.793E+0	0.000E+0
3.379E+1	7.820E-2	-4.623E+0	0.000E+0
3.390E+1	8.484E-2	-4.413E+0	0.000E+0
3.399E+1	9.101E-2	-4.234E+0	0.000E+0
3.410E+1	1.019E-1	-4.071E+0	0.000E+0
3.419E+1	1.116E-1	-3.884E+0	0.000E+0
3.429E+1	1.287E-1	-3.743E+0	0.000E+0
3.440E+1	1.580E-1	-3.579E+0	0.000E+0
3.449E+1	2.023E-1	-3.396E+0	0.000E+0
3.460E+1	2.979E-1	-3.204E+0	0.000E+0
3.469E+1	5.074E-1	-2.993E+0	0.000E+0
3.479E+1	9.395E-1	-2.791E+0	0.000E+0
3.490E+1	1.558E+0	-2.627E+0	0.000E+0
3.499E+1	1.995E+0	-2.488E+0	0.000E+0
3.510E+1	2.022E+0	-2.330E+0	0.000E+0
3.519E+1	1.819E+0	-2.101E+0	0.000E+0
3.529E+1	1.599E+0	-1.928E+0	0.000E+0
3.540E+1	1.433E+0	-1.752E+0	0.000E+0
3.549E+1	1.308E+0	-1.567E+0	0.000E+0
3.560E+1	1.214E+0	-1.413E+0	0.000E+0
3.569E+1	1.144E+0	-1.278E+0	0.000E+0
3.579E+1	1.082E+0	-1.118E+0	0.000E+0
3.590E+1	1.028E+0	-8.837E-1	0.000E+0
3.599E+1	9.768E-1	-6.657E-1	0.000E+0
3.610E+1	9.337E-1	-5.008E-1	0.000E+0
3.619E+1	9.020E-1	-3.586E-1	0.000E+0
3.629E+1	8.803E-1	-1.656E-1	0.000E+0
3.640E+1	8.715E-1	6.641E-2	0.000E+0
3.649E+1	8.715E-1	2.211E-1	0.000E+0
3.660E+1	8.865E-1	3.719E-1	0.000E+0
3.669E+1	9.092E-1	5.383E-1	0.000E+0
3.679E+1	9.414E-1	7.641E-1	0.000E+0
3.690E+1	9.763E-1	9.454E-1	0.000E+0
3.699E+1	1.026E+0	1.063E+0	0.000E+0
3.710E+1	1.081E+0	1.246E+0	0.000E+0
3.719E+1	1.140E+0	1.426E+0	0.000E+0
3.729E+1	1.211E+0	1.597E+0	0.000E+0
3.740E+1	1.277E+0	1.769E+0	0.000E+0
3.749E+1	1.322E+0	1.936E+0	0.000E+0
3.760E+1	1.330E+0	2.122E+0	0.000E+0
3.769E+1	1.307E+0	2.306E+0	0.000E+0
3.779E+1	1.270E+0	2.489E+0	0.000E+0
3.790E+1	1.206E+0	2.706E+0	0.000E+0
3.799E+1	1.144E+0	2.871E+0	0.000E+0
3.810E+1	1.085E+0	3.042E+0	0.000E+0
3.819E+1	1.015E+0	3.228E+0	0.000E+0
3.829E+1	9.483E-1	3.424E+0	0.000E+0
3.840E+1	8.660E-1	3.585E+0	0.000E+0
3.849E+1	7.755E-1	3.724E+0	0.000E+0
3.860E+1	6.881E-1	3.890E+0	0.000E+0
3.869E+1	5.872E-1	4.085E+0	0.000E+0
3.879E+1	4.936E-1	4.242E+0	0.000E+0
3.890E+1	4.002E-1	4.408E+0	0.000E+0
3.899E+1	3.062E-1	4.580E+0	0.000E+0
3.910E+1	2.155E-1	4.755E+0	0.000E+0
3.919E+1	1.317E-1	4.953E+0	0.000E+0
3.929E+1	7.390E-2	5.139E+0	0.000E+0
3.940E+1	3.531E-2	5.294E+0	0.000E+0
3.949E+1	2.398E-2	5.466E+0	0.000E+0
3.960E+1	2.367E-2	5.651E+0	0.000E+0
3.969E+1	2.461E-2	5.845E+0	0.000E+0
3.979E+1	3.101E-2	6.026E+0	0.000E+0
3.990E+1	3.101E-2	6.195E+0	0.000E+0
3.999E+1	3.570E-2	6.372E+0	0.000E+0
4.010E+1	3.828E-2	6.546E+0	0.000E+0
4.019E+1	4.203E-2	6.722E+0	0.000E+0
4.029E+1	4.664E-2	6.900E+0	0.000E+0
4.040E+1	4.945E-2	7.082E+0	0.000E+0
4.049E+1	5.265E-2	7.221E+0	0.000E+0
4.060E+1	5.734E-2	7.388E+0	0.000E+0
4.069E+1	6.257E-2	7.561E+0	0.000E+0
4.079E+1	6.437E-2	7.718E+0	0.000E+0
4.090E+1	6.648E-2	7.915E+0	0.000E+0
4.099E+1	7.257E-2	8.079E+0	0.000E+0
4.110E+1	7.734E-2	8.261E+0	0.000E+0
4.119E+1	7.953E-2	8.415E+0	0.000E+0
4.129E+1	8.164E-2	8.586E+0	0.000E+0
4.140E+1	8.320E-2	8.786E+0	0.000E+0
4.149E+1	8.976E-2	8.976E+0	0.000E+0
4.160E+1	9.343E-2	9.144E+0	0.000E+0
4.169E+1	9.718E-2	9.319E+0	0.000E+0
4.179E+1	9.882E-2	9.503E+0	0.000E+0
4.190E+1	1.037E-1	9.645E+0	0.000E+0
4.199E+1	1.076E-1	9.822E+0	0.000E+0
4.210E+1	1.098E-1	9.998E+0	0.000E+0
4.219E+1	1.135E-1	1.016E+1	0.000E+0
4.229E+1	1.165E-1	1.031E+1	0.000E+0
4.240E+1	1.207E-1	1.052E+1	0.000E+0
4.249E+1	1.243E-1	1.069E+1	0.000E+0
4.260E+1	1.287E-1	1.088E+1	0.000E+0
4.269E+1	1.371E-1	1.099E+1	0.000E+0
4.279E+1	1.297E-1	1.086E+1	0.000E+0
4.290E+1	1.251E-1	1.066E+1	0.000E+0
4.299E+1	1.216E-1	1.049E+1	0.000E+0
4.310E+1	1.171E-1	1.028E+1	0.000E+0
4.319E+1	1.129E-1	1.013E+1	0.000E+0
4.329E+1	1.128E-1	9.966E+0	0.000E+0
4.340E+1	1.051E-1	9.782E+0	0.000E+0
4.349E+1	1.020E-1	9.615E+0	0.000E+0
4.360E+1	1.014E-1	9.457E+0	0.000E+0
4.369E+1	9.578E-2	9.269E+0	0.000E+0
4.379E+1	9.585E-2	9.097E+0	0.000E+0
4.390E+1	8.820E-2	8.928E+0	0.000E+0
4.399E+1	8.437E-2	8.729E+0	0.000E+0
4.410E+1	7.835E-2	8.532E+0	0.000E+0
4.419E+1	7.054E-2	8.372E+0	0.000E+0
4.429E+1	6.914E-2	8.205E+0	0.000E+0
4.440E+1	6.414E-2	8.029E+0	0.000E+0
4.449E+1	6.109E-2	7.854E+0	0.000E+0
4.460E+1	5.672E-2	7.661E+0	0.000E+0
4.469E+1	5.172E-2	7.510E+0	0.000E+0
4.479E+1	4.945E-2	7.328E+0	0.000E+0
4.490E+1	3.109E-2	7.182E+0	0.000E+0
4.499E+1	3.125E-2	7.012E+0	0.000E+0
4.510E+1	2.750E-2	6.829E+0	0.000E+0
4.519E+1	2.289E-2	6.651E+0	0.000E+0
4.529E+1	1.703E-2	6.477E+0	0.000E+0
4.540E+1	1.344E-2	6.303E+0	0.000E+0
4.549E+1	6.953E-3	6.122E+0	0.000E+0
4.560E+1	5.156E-3	5.950E+0	0.000E+0
4.569E+1	-2.812E-3	5.761E+0	0.000E+0
4.579E+1	-8.203E-3	5.568E+0	0.000E+0
4.590E+1	-1.039E-2	5.386E+0	0.000E+0
4.599E+1	-1.687E-2	5.220E+0	0.000E+0
4.610E+1	-1.883E-2	5.060E+0	0.000E+0
4.619E+1	-2.586E-2	4.863E+0	0.000E+0
4.629E+1	-3.304E-2	4.667E+0	0.000E+0
4.640E+1	-3.633E-2	4.500E+0	0.000E+0
4.649E+1	-4.609E-2	4.324E+0	0.000E+0
4.660E+1	-5.054E-2	4.161E+0	0.000E+0
4.669E+1	-6.242E-2	3.975E+0	0.000E+0
4.679E+1	-7.125E-2	3.792E+0	0.000E+0
4.690E+1	-8.304E-2	3.636E+0	0.000E+0
4.699E+1	-1.044E-1	3.502E+0	0.000E+0
4.710E+1	-1.346E-1	3.307E+0	0.000E+0
4.719E+1	-1.959E-1	3.114E+0	0.000E+0
4.729E+1	-3.210E-1	2.942E+0	0.000E+0
4.740E+1	-5.945E-1	2.770E+0	0.000E+0
4.749E+1	-1.111E+0	2.560E+0	0.000E+0
4.760E+1	-1.720E+0	2.356E+0	0.000E+0
4.769E+1	-2.018E+0	2.170E+0	0.000E+0
4.779E+1	-1.934E+0	1.980E+0	0.000E+0
4.790E+1	-1.705E+0	1.809E+0	0.000E+0
4.799E+1	-1.500E+0	1.646E+0	0.000E+0
4.810E+1	-1.350E+0	1.476E+0	0.000E+0
4.819E+1	-1.244E+0	1.300E+0	0.000E+0
4.829E+1	-1.157E+0	1.115E+0	0.000E+0
4.840E+1	-1.090E+0	9.766E-1	0.000E+0
4.849E+1	-1.029E+0	8.180E-1	0.000E+0
4.860E+1	-9.756E-1	6.039E-1	0.000E+0
4.869E+1	-9.281E-1	4.094E-1	0.000E+0
4.879E+1	-8.912E-1	2.555E-1	0.000E+0
4.890E+1	-8.660E-1	1.164E-1	0.000E+0
4.899E+1	-8.519E-1	-1.055E-1	0.000E+0
4.910E+1	-8.467E-1	-3.149E-1	0.000E+0
4.919E+1	-8.505E-1	-4.649E-1	0.000E+0
4.929E+1	-8.634E-1	-6.266E-1	0.000E+0
4.940E+1	-8.932E-1	-8.251E-1	0.000E+0
4.949E+1	-9.213E-1	-1.066E+0	0.000E+0
4.960E+1	-9.635E-1	-1.245E+0	0.000E+0
4.969E+1	-1.021E+0	-1.391E+0	0.000E+0
4.979E+1	-1.077E+0	-1.536E+0	0.000E+0
4.990E+1	-1.144E+0	-1.720E+0	0.000E+0
