-5.000E-3	-7.844E-2	-2.195E+0	0.000E+0
9.500E-2	-8.181E-2	-2.396E+0	0.000E+0
1.950E-1	-8.897E-2	-2.550E+0	0.000E+0
2.950E-1	-8.937E-2	-2.688E+0	0.000E+0
3.950E-1	-9.666E-2	-2.865E+0	0.000E+0
4.950E-1	-1.019E-1	-3.087E+0	0.000E+0
5.950E-1	-1.043E-1	-3.282E+0	0.000E+0
6.950E-1	-1.123E-1	-3.482E+0	0.000E+0
7.950E-1	-1.134E-1	-3.653E+0	0.000E+0
8.950E-1	-1.189E-1	-3.805E+0	0.000E+0
9.950E-1	-1.246E-1	-3.966E+0	0.000E+0
1.095E+0	-1.271E-1	-4.149E+0	0.000E+0
1.195E+0	-1.315E-1	-4.310E+0	0.000E+0
1.295E+0	-1.352E-1	-4.507E+0	0.000E+0
1.395E+0	-1.379E-1	-4.717E+0	0.000E+0
1.495E+0	-1.438E-1	-4.862E+0	0.000E+0
1.595E+0	-1.472E-1	-5.095E+0	0.000E+0
1.695E+0	-1.527E-1	-5.245E+0	0.000E+0
1.795E+0	-1.545E-1	-5.401E+0	0.000E+0
1.895E+0	-1.590E-1	-5.570E+0	0.000E+0
1.995E+0	-1.634E-1	-5.749E+0	0.000E+0
2.095E+0	-1.673E-1	-5.911E+0	0.000E+0
2.195E+0	-1.739E-1	-6.099E+0	0.000E+0
2.295E+0	-1.797E-1	-6.262E+0	0.000E+0
2.395E+0	-1.854E-1	-6.450E+0	0.000E+0
2.495E+0	-1.947E-1	-6.629E+0	0.000E+0
2.595E+0	-2.066E-1	-6.775E+0	0.000E+0
2.695E+0	-2.187E-1	-6.905E+0	0.000E+0
2.795E+0	-2.305E-1	-7.106E+0	0.000E+0
2.895E+0	-2.441E-1	-7.308E+0	0.000E+0
2.995E+0	-2.598E-1	-7.473E+0	0.000E+0
3.095E+0	-2.603E-1	-7.639E+0	0.000E+0
3.195E+0	-2.659E-1	-7.797E+0	0.000E+0
3.295E+0	-2.640E-1	-7.956E+0	0.000E+0
3.395E+0	-2.618E-1	-8.130E+0	0.000E+0
3.495E+0	-2.582E-1	-8.297E+0	0.000E+0
3.595E+0	-2.523E-1	-8.476E+0	0.000E+0
3.695E+0	-2.490E-1	-8.665E+0	0.000E+0
3.795E+0	-2.464E-1	-8.826E+0	0.000E+0
3.895E+0	-2.422E-1	-9.004E+0	0.000E+0
3.995E+0	-2.397E-1	-9.203E+0	0.000E+0
4.095E+0	-2.358E-1	-9.388E+0	0.000E+0
4.195E+0	-2.368E-1	-9.544E+0	0.000E+0
4.295E+0	-2.376E-1	-9.661E+0	0.000E+0
4.395E+0	-2.339E-1	-9.844E+0	0.000E+0
4.495E+0	-2.345E-1	-1.005E+1	0.000E+0
4.595E+0	-2.330E-1	-1.023E+1	0.000E+0
4.695E+0	-2.358E-1	-1.044E+1	0.000E+0
4.795E+0	-2.351E-1	-1.063E+1	0.000E+0
4.895E+0	-2.343E-1	-1.080E+1	0.000E+0
4.995E+0	-2.420E-1	-1.095E+1	0.000E+0
5.095E+0	-2.414E-1	-1.085E+1	0.000E+0
5.195E+0	-2.328E-1	-1.067E+1	0.000E+0
5.295E+0	-2.253E-1	-1.051E+1	0.000E+0
5.395E+0	-2.181E-1	-1.030E+1	0.000E+0
5.495E+0	-2.139E-1	-1.012E+1	0.000E+0
5.595E+0	-2.072E-1	-9.911E+0	0.000E+0
5.695E+0	-2.010E-1	-9.720E+0	0.000E+0
5.795E+0	-1.983E-1	-9.586E+0	0.000E+0
5.895E+0	-1.929E-1	-9.442E+0	0.000E+0
5.995E+0	-1.882E-1	-9.280E+0	0.000E+0
6.095E+0	-1.819E-1	-9.076E+0	0.000E+0
6.195E+0	-1.760E-1	-8.890E+0	0.000E+0
6.295E+0	-1.712E-1	-8.732E+0	0.000E+0
6.395E+0	-1.655E-1	-8.546E+0	0.000E+0
6.495E+0	-1.614E-1	-8.363E+0	0.000E+0
6.595E+0	-1.553E-1	-8.198E+0	0.000E+0
6.695E+0	-1.503E-1	-8.028E+0	0.000E+0
6.795E+0	-1.452E-1	-7.852E+0	0.000E+0
6.895E+0	-1.403E-1	-7.703E+0	0.000E+0
6.995E+0	-1.337E-1	-7.545E+0	0.000E+0
7.095E+0	-1.312E-1	-7.385E+0	0.000E+0
7.195E+0	-1.239E-1	-7.196E+0	0.000E+0
7.295E+0	-1.151E-1	-6.992E+0	0.000E+0
7.395E+0	-1.071E-1	-6.825E+0	0.000E+0
7.495E+0	-1.050E-1	-6.698E+0	0.000E+0
7.595E+0	-9.753E-2	-6.540E+0	0.000E+0
7.695E+0	-9.472E-2	-6.342E+0	0.000E+0
7.795E+0	-9.103E-2	-6.175E+0	0.000E+0
7.895E+0	-8.406E-2	-5.995E+0	0.000E+0
7.995E+0	-8.203E-2	-5.825E+0	0.000E+0
8.095E+0	-7.678E-2	-5.656E+0	0.000E+0
8.195E+0	-6.953E-2	-5.480E+0	0.000E+0
8.295E+0	-7.012E-2	-5.325E+0	0.000E+0
8.395E+0	-6.134E-2	-5.182E+0	0.000E+0
8.495E+0	-6.000E-2	-4.978E+0	0.000E+0
8.595E+0	-5.606E-2	-4.793E+0	0.000E+0
8.695E+0	-4.975E-2	-4.619E+0	0.000E+0
8.795E+0	-4.869E-2	-4.410E+0	0.000E+0
8.895E+0	-4.219E-2	-4.228E+0	0.000E+0
8.995E+0	-3.778E-2	-4.068E+0	0.000E+0
9.095E+0	-3.553E-2	-3.881E+0	0.000E+0
9.195E+0	-2.984E-2	-3.741E+0	0.000E+0
9.295E+0	-2.759E-2	-3.577E+0	0.000E+0
9.395E+0	-2.569E-2	-3.395E+0	0.000E+0
9.495E+0	-2.216E-2	-3.203E+0	0.000E+0
9.595E+0	-1.872E-2	-2.991E+0	0.000E+0
9.695E+0	-1.234E-2	-2.792E+0	0.000E+0
9.795E+0	-1.022E-2	-2.628E+0	0.000E+0
9.895E+0	-6.969E-3	-2.488E+0	0.000E+0
9.995E+0	9.375E-5	-2.333E+0	0.000E+0
1.010E+1	1.656E-3	-2.099E+0	0.000E+0
1.019E+1	6.812E-3	-1.929E+0	0.000E+0
1.030E+1	9.875E-3	-1.750E+0	0.000E+0
1.040E+1	1.481E-2	-1.566E+0	0.000E+0
1.049E+1	2.028E-2	-1.413E+0	0.000E+0
1.060E+1	2.147E-2	-1.278E+0	0.000E+0
1.069E+1	2.744E-2	-1.109E+0	0.000E+0
1.080E+1	2.934E-2	-8.774E-1	0.000E+0
1.090E+1	3.366E-2	-6.610E-1	0.000E+0
1.099E+1	3.641E-2	-4.985E-1	0.000E+0
1.110E+1	3.931E-2	-3.524E-1	0.000E+0
1.119E+1	4.312E-2	-1.602E-1	0.000E+0
1.130E+1	4.753E-2	7.500E-2	0.000E+0
1.140E+1	5.334E-2	2.235E-1	0.000E+0
1.149E+1	5.406E-2	3.758E-1	0.000E+0
1.160E+1	5.859E-2	5.453E-1	0.000E+0
1.169E+1	6.334E-2	7.704E-1	0.000E+0
1.180E+1	6.784E-2	9.454E-1	0.000E+0
1.190E+1	7.131E-2	1.069E+0	0.000E+0
1.199E+1	7.322E-2	1.256E+0	0.000E+0
1.210E+1	8.066E-2	1.431E+0	0.000E+0
1.219E+1	8.438E-2	1.607E+0	0.000E+0
1.230E+1	8.691E-2	1.771E+0	0.000E+0
1.240E+1	9.053E-2	1.934E+0	0.000E+0
1.249E+1	9.822E-2	2.120E+0	0.000E+0
1.260E+1	1.018E-1	2.302E+0	0.000E+0
1.269E+1	1.062E-1	2.491E+0	0.000E+0
1.280E+1	1.107E-1	2.708E+0	0.000E+0
1.290E+1	1.136E-1	2.878E+0	0.000E+0
1.299E+1	1.219E-1	3.048E+0	0.000E+0
1.310E+1	1.260E-1	3.237E+0	0.000E+0
1.319E+1	1.311E-1	3.430E+0	0.000E+0
1.330E+1	1.343E-1	3.592E+0	0.000E+0
1.340E+1	1.414E-1	3.732E+0	0.000E+0
1.349E+1	1.472E-1	3.898E+0	0.000E+0
1.360E+1	1.506E-1	4.092E+0	0.000E+0
1.369E+1	1.545E-1	4.249E+0	0.000E+0
1.380E+1	1.617E-1	4.417E+0	0.000E+0
1.390E+1	1.649E-1	4.585E+0	0.000E+0
1.399E+1	1.718E-1	4.765E+0	0.000E+0
1.410E+1	1.763E-1	4.963E+0	0.000E+0
1.419E+1	1.799E-1	5.146E+0	0.000E+0
1.430E+1	1.891E-1	5.300E+0	0.000E+0
1.440E+1	1.901E-1	5.476E+0	0.000E+0
1.449E+1	1.951E-1	5.661E+0	0.000E+0
1.460E+1	1.993E-1	5.852E+0	0.000E+0
1.469E+1	2.020E-1	6.030E+0	0.000E+0
1.480E+1	2.107E-1	6.207E+0	0.000E+0
1.490E+1	2.168E-1	6.379E+0	0.000E+0
1.499E+1	2.254E-1	6.555E+0	0.000E+0
1.510E+1	2.351E-1	6.730E+0	0.000E+0
1.519E+1	2.451E-1	6.911E+0	0.000E+0
1.530E+1	2.588E-1	7.093E+0	0.000E+0
1.540E+1	2.753E-1	7.233E+0	0.000E+0
1.549E+1	2.872E-1	7.405E+0	0.000E+0
1.560E+1	2.822E-1	7.575E+0	0.000E+0
1.569E+1	2.929E-1	7.730E+0	0.000E+0
1.580E+1	2.942E-1	7.927E+0	0.000E+0
1.590E+1	2.900E-1	8.093E+0	0.000E+0
1.599E+1	2.885E-1	8.276E+0	0.000E+0
1.609E+1	2.817E-1	8.426E+0	0.000E+0
1.619E+1	2.770E-1	8.599E+0	0.000E+0
1.630E+1	2.742E-1	8.803E+0	0.000E+0
1.640E+1	2.680E-1	8.987E+0	0.000E+0
1.650E+1	2.666E-1	9.154E+0	0.000E+0
1.659E+1	2.633E-1	9.331E+0	0.000E+0
1.669E+1	2.607E-1	9.513E+0	0.000E+0
1.680E+1	2.617E-1	9.659E+0	0.000E+0
1.690E+1	2.582E-1	9.833E+0	0.000E+0
1.700E+1	2.570E-1	1.001E+1	0.000E+0
1.709E+1	2.593E-1	1.017E+1	0.000E+0
1.719E+1	2.553E-1	1.033E+1	0.000E+0
1.730E+1	2.588E-1	1.053E+1	0.000E+0
1.740E+1	2.559E-1	1.070E+1	0.000E+0
1.750E+1	2.550E-1	1.089E+1	0.000E+0
1.759E+1	2.685E-1	1.100E+1	0.000E+0
1.769E+1	2.598E-1	1.086E+1	0.000E+0
1.780E+1	2.528E-1	1.067E+1	0.000E+0
1.790E+1	2.468E-1	1.050E+1	0.000E+0
1.800E+1	2.378E-1	1.029E+1	0.000E+0
1.809E+1	2.318E-1	1.014E+1	0.000E+0
1.819E+1	2.253E-1	9.969E+0	0.000E+0
1.830E+1	2.170E-1	9.788E+0	0.000E+0
1.840E+1	2.138E-1	9.619E+0	0.000E+0
1.850E+1	2.058E-1	9.469E+0	0.000E+0
1.859E+1	2.015E-1	9.280E+0	0.000E+0
1.869E+1	1.929E-1	9.108E+0	0.000E+0
1.880E+1	1.881E-1	8.940E+0	0.000E+0
1.890E+1	1.829E-1	8.739E+0	0.000E+0
1.900E+1	1.775E-1	8.539E+0	0.000E+0
1.909E+1	1.713E-1	8.379E+0	0.000E+0
1.919E+1	1.654E-1	8.211E+0	0.000E+0
1.930E+1	1.616E-1	8.037E+0	0.000E+0
1.940E+1	1.576E-1	7.866E+0	0.000E+0
1.950E+1	1.538E-1	7.668E+0	0.000E+0
1.959E+1	1.470E-1	7.516E+0	0.000E+0
1.969E+1	1.398E-1	7.333E+0	0.000E+0
1.980E+1	1.374E-1	7.182E+0	0.000E+0
1.990E+1	1.319E-1	7.021E+0	0.000E+0
2.000E+1	1.269E-1	6.840E+0	0.000E+0
2.009E+1	1.228E-1	6.660E+0	0.000E+0
2.019E+1	1.179E-1	6.485E+0	0.000E+0
2.030E+1	1.130E-1	6.313E+0	0.000E+0
2.040E+1	1.067E-1	6.134E+0	0.000E+0
2.050E+1	1.011E-1	5.964E+0	0.000E+0
2.059E+1	9.784E-2	5.770E+0	0.000E+0
2.069E+1	9.313E-2	5.579E+0	0.000E+0
2.080E+1	8.956E-2	5.398E+0	0.000E+0
2.090E+1	8.178E-2	5.230E+0	0.000E+0
2.100E+1	7.916E-2	5.065E+0	0.000E+0
2.109E+1	7.475E-2	4.877E+0	0.000E+0
2.119E+1	6.938E-2	4.678E+0	0.000E+0
2.130E+1	6.319E-2	4.508E+0	0.000E+0
2.140E+1	6.141E-2	4.339E+0	0.000E+0
2.150E+1	5.566E-2	4.178E+0	0.000E+0
2.159E+1	5.316E-2	3.996E+0	0.000E+0
2.169E+1	4.597E-2	3.812E+0	0.000E+0
2.180E+1	4.159E-2	3.652E+0	0.000E+0
2.190E+1	3.762E-2	3.519E+0	0.000E+0
2.200E+1	3.406E-2	3.328E+0	0.000E+0
2.209E+1	2.662E-2	3.138E+0	0.000E+0
2.219E+1	2.478E-2	2.958E+0	0.000E+0
2.230E+1	1.837E-2	2.785E+0	0.000E+0
2.240E+1	1.347E-2	2.585E+0	0.000E+0
2.250E+1	5.750E-3	2.386E+0	0.000E+0
2.259E+1	2.500E-3	2.199E+0	0.000E+0
2.269E+1	-2.406E-3	2.012E+0	0.000E+0
2.280E+1	-7.156E-3	1.833E+0	0.000E+0
2.290E+1	-8.344E-3	1.674E+0	0.000E+0
2.300E+1	-1.541E-2	1.501E+0	0.000E+0
2.309E+1	-1.900E-2	1.326E+0	0.000E+0
2.319E+1	-2.313E-2	1.135E+0	0.000E+0
2.330E+1	-2.650E-2	9.915E-1	0.000E+0
2.340E+1	-3.009E-2	8.391E-1	0.000E+0
2.350E+1	-3.394E-2	6.258E-1	0.000E+0
2.359E+1	-3.641E-2	4.250E-1	0.000E+0
2.369E+1	-4.147E-2	2.750E-1	0.000E+0
2.380E+1	-4.522E-2	1.344E-1	0.000E+0
2.390E+1	-4.775E-2	-8.594E-2	0.000E+0
2.400E+1	-4.350E-2	-3.024E-1	0.000E+0
2.409E+1	-4.772E-2	-4.485E-1	0.000E+0
2.419E+1	-5.278E-2	-6.125E-1	0.000E+0
2.430E+1	-5.725E-2	-8.071E-1	0.000E+0
2.440E+1	-5.944E-2	-1.044E+0	0.000E+0
2.450E+1	-6.569E-2	-1.231E+0	0.000E+0
2.459E+1	-6.644E-2	-1.381E+0	0.000E+0
2.469E+1	-7.291E-2	-1.520E+0	0.000E+0
2.480E+1	-7.587E-2	-1.702E+0	0.000E+0
2.490E+1	-7.916E-2	-1.883E+0	0.000E+0
2.500E+1	-8.559E-2	-2.049E+0	0.000E+0
2.509E+1	-8.853E-2	-2.281E+0	0.000E+0
2.519E+1	-9.250E-2	-2.448E+0	0.000E+0
2.530E+1	-9.912E-2	-2.600E+0	0.000E+0
2.540E+1	-1.007E-1	-2.746E+0	0.000E+0
2.550E+1	-1.075E-1	-2.935E+0	0.000E+0
2.559E+1	-1.128E-1	-3.157E+0	0.000E+0
2.569E+1	-1.143E-1	-3.344E+0	0.000E+0
2.580E+1	-1.210E-1	-3.539E+0	0.000E+0
2.590E+1	-1.252E-1	-3.710E+0	0.000E+0
2.600E+1	-1.328E-1	-3.851E+0	0.000E+0
2.609E+1	-1.379E-1	-4.026E+0	0.000E+0
2.619E+1	-1.421E-1	-4.202E+0	0.000E+0
2.630E+1	-1.484E-1	-4.375E+0	0.000E+0
2.640E+1	-1.511E-1	-4.583E+0	0.000E+0
2.650E+1	-1.546E-1	-4.768E+0	0.000E+0
2.659E+1	-1.600E-1	-4.938E+0	0.000E+0
2.669E+1	-1.623E-1	-5.161E+0	0.000E+0
2.680E+1	-1.678E-1	-5.297E+0	0.000E+0
2.690E+1	-1.725E-1	-5.456E+0	0.000E+0
2.700E+1	-1.736E-1	-5.632E+0	0.000E+0
2.709E+1	-1.781E-1	-5.803E+0	0.000E+0
2.719E+1	-1.806E-1	-5.977E+0	0.000E+0
2.730E+1	-1.885E-1	-6.159E+0	0.000E+0
2.740E+1	-1.930E-1	-6.321E+0	0.000E+0
2.750E+1	-2.009E-1	-6.518E+0	0.000E+0
2.759E+1	-2.113E-1	-6.682E+0	0.000E+0
2.769E+1	-2.245E-1	-6.811E+0	0.000E+0
2.780E+1	-2.375E-1	-6.969E+0	0.000E+0
2.790E+1	-2.504E-1	-7.178E+0	0.000E+0
2.800E+1	-2.606E-1	-7.370E+0	0.000E+0
2.809E+1	-2.737E-1	-7.533E+0	0.000E+0
2.819E+1	-2.773E-1	-7.693E+0	0.000E+0
2.830E+1	-2.784E-1	-7.846E+0	0.000E+0
2.840E+1	-2.754E-1	-8.016E+0	0.000E+0
2.850E+1	-2.741E-1	-8.190E+0	0.000E+0
2.859E+1	-2.677E-1	-8.353E+0	0.000E+0
2.869E+1	-2.612E-1	-8.542E+0	0.000E+0
2.880E+1	-2.563E-1	-8.722E+0	0.000E+0
2.890E+1	-2.553E-1	-8.883E+0	0.000E+0
2.900E+1	-2.505E-1	-9.067E+0	0.000E+0
2.909E+1	-2.470E-1	-9.273E+0	0.000E+0
2.919E+1	-2.436E-1	-9.441E+0	0.000E+0
2.930E+1	-2.427E-1	-9.586E+0	0.000E+0
2.940E+1	-2.428E-1	-9.717E+0	0.000E+0
2.950E+1	-2.389E-1	-9.915E+0	0.000E+0
2.959E+1	-2.389E-1	-1.012E+1	0.000E+0
2.969E+1	-2.383E-1	-1.030E+1	0.000E+0
2.980E+1	-2.250E-1	-1.052E+1	0.000E+0
2.990E+1	-2.403E-1	-1.069E+1	0.000E+0
3.000E+1	-2.370E-1	-1.086E+1	0.000E+0
3.009E+1	-2.477E-1	-1.094E+1	0.000E+0
3.019E+1	-2.393E-1	-1.078E+1	0.000E+0
3.030E+1	-2.291E-1	-1.062E+1	0.000E+0
3.040E+1	-2.206E-1	-1.043E+1	0.000E+0
3.050E+1	-2.148E-1	-1.023E+1	0.000E+0
3.059E+1	-2.061E-1	-1.005E+1	0.000E+0
3.069E+1	-1.996E-1	-9.839E+0	0.000E+0
3.080E+1	-1.882E-1	-9.660E+0	0.000E+0
3.090E+1	-1.828E-1	-9.544E+0	0.000E+0
3.100E+1	-1.736E-1	-9.392E+0	0.000E+0
3.109E+1	-1.691E-1	-9.208E+0	0.000E+0
3.119E+1	-1.614E-1	-9.009E+0	0.000E+0
3.130E+1	-1.553E-1	-8.832E+0	0.000E+0
3.140E+1	-1.518E-1	-8.670E+0	0.000E+0
3.150E+1	-1.489E-1	-8.481E+0	0.000E+0
3.159E+1	-1.365E-1	-8.299E+0	0.000E+0
3.169E+1	-1.337E-1	-8.140E+0	0.000E+0
3.180E+1	-1.290E-1	-7.962E+0	0.000E+0
3.190E+1	-1.241E-1	-7.802E+0	0.000E+0
3.200E+1	-1.189E-1	-7.645E+0	0.000E+0
3.210E+1	-1.123E-1	-7.483E+0	0.000E+0
3.219E+1	-1.193E-1	-7.321E+0	0.000E+0
3.229E+1	-1.067E-1	-7.122E+0	0.000E+0
3.240E+1	-1.030E-1	-6.919E+0	0.000E+0
3.249E+1	-1.015E-1	-6.785E+0	0.000E+0
3.260E+1	-9.731E-2	-6.641E+0	0.000E+0
3.269E+1	-8.934E-2	-6.472E+0	0.000E+0
3.279E+1	-8.641E-2	-6.279E+0	0.000E+0
3.290E+1	-8.166E-2	-6.117E+0	0.000E+0
3.299E+1	-7.550E-2	-5.931E+0	0.000E+0
3.310E+1	-7.331E-2	-5.764E+0	0.000E+0
3.319E+1	-6.603E-2	-5.593E+0	0.000E+0
3.329E+1	-6.403E-2	-5.419E+0	0.000E+0
3.340E+1	-5.953E-2	-5.267E+0	0.000E+0
3.349E+1	-5.269E-2	-5.125E+0	0.000E+0
3.360E+1	-4.997E-2	-4.894E+0	0.000E+0
3.369E+1	-4.341E-2	-4.743E+0	0.000E+0
3.379E+1	-4.141E-2	-4.549E+0	0.000E+0
3.390E+1	-3.841E-2	-4.339E+0	0.000E+0
3.399E+1	-3.147E-2	-4.174E+0	0.000E+0
3.410E+1	-2.963E-2	-4.002E+0	0.000E+0
3.419E+1	-2.447E-2	-3.828E+0	0.000E+0
3.429E+1	-1.812E-2	-3.685E+0	0.000E+0
3.440E+1	-1.541E-2	-3.519E+0	0.000E+0
3.449E+1	-1.034E-2	-3.321E+0	0.000E+0
3.460E+1	-5.375E-3	-3.130E+0	0.000E+0
3.469E+1	-1.531E-3	-2.909E+0	0.000E+0
3.479E+1	4.000E-3	-2.728E+0	0.000E+0
3.490E+1	6.469E-3	-2.584E+0	0.000E+0
3.499E+1	1.113E-2	-2.432E+0	0.000E+0
3.510E+1	1.394E-2	-2.256E+0	0.000E+0
3.519E+1	1.950E-2	-2.033E+0	0.000E+0
3.529E+1	2.278E-2	-1.866E+0	0.000E+0
3.540E+1	2.462E-2	-1.685E+0	0.000E+0
3.549E+1	3.012E-2	-1.505E+0	0.000E+0
3.560E+1	3.153E-2	-1.371E+0	0.000E+0
3.569E+1	3.575E-2	-1.219E+0	0.000E+0
3.579E+1	4.034E-2	-1.032E+0	0.000E+0
3.590E+1	4.500E-2	-7.930E-1	0.000E+0
3.599E+1	4.769E-2	-6.032E-1	0.000E+0
3.610E+1	5.166E-2	-4.446E-1	0.000E+0
3.619E+1	5.775E-2	-2.938E-1	0.000E+0
3.629E+1	5.925E-2	-7.813E-2	0.000E+0
3.640E+1	6.175E-2	1.406E-1	0.000E+0
3.649E+1	6.800E-2	2.774E-1	0.000E+0
3.660E+1	7.031E-2	4.274E-1	0.000E+0
3.669E+1	7.481E-2	6.297E-1	0.000E+0
3.679E+1	7.813E-2	8.430E-1	0.000E+0
3.690E+1	8.028E-2	9.915E-1	0.000E+0
3.699E+1	8.519E-2	1.136E+0	0.000E+0
3.710E+1	8.822E-2	1.318E+0	0.000E+0
3.719E+1	9.287E-2	1.494E+0	0.000E+0
3.729E+1	9.309E-2	1.665E+0	0.000E+0
3.740E+1	9.881E-2	1.825E+0	0.000E+0
3.749E+1	1.040E-1	2.002E+0	0.000E+0
3.760E+1	1.061E-1	2.192E+0	0.000E+0
3.769E+1	1.095E-1	2.373E+0	0.000E+0
3.779E+1	1.147E-1	2.570E+0	0.000E+0
3.790E+1	1.185E-1	2.772E+0	0.000E+0
3.799E+1	1.230E-1	2.942E+0	0.000E+0
3.810E+1	1.278E-1	3.118E+0	0.000E+0
3.819E+1	1.293E-1	3.306E+0	0.000E+0
3.829E+1	1.369E-1	3.497E+0	0.000E+0
3.840E+1	1.404E-1	3.634E+0	0.000E+0
3.849E+1	1.454E-1	3.788E+0	0.000E+0
3.860E+1	1.471E-1	3.965E+0	0.000E+0
3.869E+1	1.504E-1	4.153E+0	0.000E+0
3.879E+1	1.558E-1	4.310E+0	0.000E+0
3.890E+1	1.591E-1	4.485E+0	0.000E+0
3.899E+1	1.612E-1	4.649E+0	0.000E+0
3.910E+1	1.628E-1	4.839E+0	0.000E+0
3.919E+1	1.665E-1	5.033E+0	0.000E+0
3.929E+1	1.679E-1	5.202E+0	0.000E+0
3.940E+1	1.717E-1	5.366E+0	0.000E+0
3.949E+1	1.723E-1	5.537E+0	0.000E+0
3.960E+1	1.784E-1	5.731E+0	0.000E+0
3.969E+1	1.833E-1	5.921E+0	0.000E+0
3.979E+1	1.868E-1	6.093E+0	0.000E+0
3.990E+1	1.947E-1	6.267E+0	0.000E+0
3.999E+1	1.993E-1	6.443E+0	0.000E+0
4.010E+1	2.092E-1	6.618E+0	0.000E+0
4.019E+1	2.190E-1	6.796E+0	0.000E+0
4.029E+1	2.310E-1	6.979E+0	0.000E+0
4.040E+1	2.463E-1	7.149E+0	0.000E+0
4.049E+1	2.586E-1	7.290E+0	0.000E+0
4.060E+1	2.752E-1	7.465E+0	0.000E+0
4.069E+1	2.854E-1	7.622E+0	0.000E+0
4.079E+1	2.871E-1	7.804E+0	0.000E+0
4.090E+1	2.851E-1	7.985E+0	0.000E+0
4.099E+1	2.854E-1	8.155E+0	0.000E+0
4.110E+1	2.771E-1	8.333E+0	0.000E+0
4.119E+1	2.729E-1	8.480E+0	0.000E+0
4.129E+1	2.707E-1	8.671E+0	0.000E+0
4.140E+1	2.634E-1	8.875E+0	0.000E+0
4.149E+1	2.623E-1	9.046E+0	0.000E+0
4.160E+1	2.570E-1	9.215E+0	0.000E+0
4.169E+1	2.542E-1	9.397E+0	0.000E+0
4.179E+1	2.554E-1	9.571E+0	0.000E+0
4.190E+1	2.490E-1	9.717E+0	0.000E+0
4.199E+1	2.522E-1	9.901E+0	0.000E+0
4.210E+1	2.484E-1	1.007E+1	0.000E+0
4.219E+1	2.476E-1	1.022E+1	0.000E+0
4.229E+1	2.492E-1	1.040E+1	0.000E+0
4.240E+1	2.492E-1	1.059E+1	0.000E+0
4.249E+1	2.472E-1	1.077E+1	0.000E+0
4.260E+1	2.479E-1	1.095E+1	0.000E+0
4.269E+1	2.565E-1	1.097E+1	0.000E+0
4.279E+1	2.462E-1	1.079E+1	0.000E+0
4.290E+1	2.349E-1	1.061E+1	0.000E+0
4.299E+1	2.283E-1	1.042E+1	0.000E+0
4.310E+1	2.217E-1	1.023E+1	0.000E+0
4.319E+1	2.145E-1	1.008E+1	0.000E+0
4.329E+1	2.096E-1	9.906E+0	0.000E+0
4.340E+1	2.005E-1	9.721E+0	0.000E+0
4.349E+1	1.953E-1	9.571E+0	0.000E+0
4.360E+1	1.901E-1	9.398E+0	0.000E+0
4.369E+1	1.850E-1	9.219E+0	0.000E+0
4.379E+1	1.790E-1	9.044E+0	0.000E+0
4.390E+1	1.735E-1	8.868E+0	0.000E+0
4.399E+1	1.694E-1	8.661E+0	0.000E+0
4.410E+1	1.634E-1	8.471E+0	0.000E+0
4.419E+1	1.569E-1	8.324E+0	0.000E+0
4.429E+1	1.517E-1	8.143E+0	0.000E+0
4.440E+1	1.463E-1	7.976E+0	0.000E+0
4.449E+1	1.416E-1	7.785E+0	0.000E+0
4.460E+1	1.339E-1	7.610E+0	0.000E+0
4.469E+1	1.317E-1	7.447E+0	0.000E+0
4.479E+1	1.271E-1	7.269E+0	0.000E+0
4.490E+1	1.196E-1	7.132E+0	0.000E+0
4.499E+1	1.151E-1	6.957E+0	0.000E+0
4.510E+1	1.128E-1	6.776E+0	0.000E+0
4.519E+1	1.075E-1	6.596E+0	0.000E+0
4.529E+1	1.038E-1	6.425E+0	0.000E+0
4.540E+1	9.856E-2	6.243E+0	0.000E+0
4.549E+1	9.319E-2	6.071E+0	0.000E+0
4.560E+1	9.134E-2	5.894E+0	0.000E+0
4.569E+1	8.669E-2	5.700E+0	0.000E+0
4.579E+1	8.244E-2	5.509E+0	0.000E+0
4.590E+1	7.641E-2	5.332E+0	0.000E+0
4.599E+1	7.425E-2	5.172E+0	0.000E+0
4.610E+1	7.103E-2	4.999E+0	0.000E+0
4.619E+1	6.534E-2	4.800E+0	0.000E+0
4.629E+1	6.094E-2	4.613E+0	0.000E+0
4.640E+1	5.919E-2	4.446E+0	0.000E+0
4.649E+1	5.503E-2	4.270E+0	0.000E+0
4.660E+1	5.156E-2	4.115E+0	0.000E+0
4.669E+1	4.684E-2	3.923E+0	0.000E+0
4.679E+1	4.291E-2	3.750E+0	0.000E+0
4.690E+1	4.131E-2	3.603E+0	0.000E+0
4.699E+1	3.687E-2	3.449E+0	0.000E+0
4.710E+1	3.337E-2	3.256E+0	0.000E+0
4.719E+1	2.888E-2	3.067E+0	0.000E+0
4.729E+1	2.784E-2	2.892E+0	0.000E+0
4.740E+1	2.534E-2	2.724E+0	0.000E+0
4.749E+1	2.334E-2	2.507E+0	0.000E+0
4.760E+1	1.853E-2	2.319E+0	0.000E+0
4.769E+1	1.884E-2	2.135E+0	0.000E+0
4.779E+1	1.522E-2	1.944E+0	0.000E+0
4.790E+1	1.169E-2	1.775E+0	0.000E+0
4.799E+1	6.094E-3	1.610E+0	0.000E+0
4.810E+1	4.062E-3	1.432E+0	0.000E+0
4.819E+1	2.563E-3	1.254E+0	0.000E+0
4.829E+1	-2.594E-3	1.069E+0	0.000E+0
4.840E+1	-7.812E-3	9.469E-1	0.000E+0
4.849E+1	-1.091E-2	7.665E-1	0.000E+0
4.860E+1	-1.391E-2	5.438E-1	0.000E+0
4.869E+1	-1.619E-2	3.711E-1	0.000E+0
4.879E+1	-2.069E-2	2.195E-1	0.000E+0
4.890E+1	-3.813E-2	6.407E-2	0.000E+0
4.899E+1	-3.297E-2	-1.680E-1	0.000E+0
4.910E+1	-3.841E-2	-3.610E-1	0.000E+0
4.919E+1	-4.469E-2	-5.071E-1	0.000E+0
4.929E+1	-4.669E-2	-6.758E-1	0.000E+0
4.940E+1	-4.822E-2	-8.922E-1	0.000E+0
4.949E+1	-5.550E-2	-1.128E+0	0.000E+0
4.960E+1	-5.609E-2	-1.292E+0	0.000E+0
4.969E+1	-6.375E-2	-1.425E+0	0.000E+0
4.979E+1	-6.666E-2	-1.586E+0	0.000E+0
4.990E+1	-6.872E-2	-1.770E+0	0.000E+0
