-5.000E-3	-1.738E+0	-2.280E+0	0.000E+0
9.500E-2	-1.771E+0	-2.448E+0	0.000E+0
1.950E-1	-1.780E+0	-2.596E+0	0.000E+0
2.950E-1	-1.771E+0	-2.746E+0	0.000E+0
3.950E-1	-1.748E+0	-2.935E+0	0.000E+0
4.950E-1	-1.710E+0	-3.154E+0	0.000E+0
5.950E-1	-1.667E+0	-3.346E+0	0.000E+0
6.950E-1	-1.611E+0	-3.540E+0	0.000E+0
7.950E-1	-1.557E+0	-3.711E+0	0.000E+0
8.950E-1	-1.503E+0	-3.852E+0	0.000E+0
9.950E-1	-1.438E+0	-4.028E+0	0.000E+0
1.095E+0	-1.373E+0	-4.196E+0	0.000E+0
1.195E+0	-1.316E+0	-4.368E+0	0.000E+0
1.295E+0	-1.254E+0	-4.575E+0	0.000E+0
1.395E+0	-1.203E+0	-4.766E+0	0.000E+0
1.495E+0	-1.144E+0	-4.928E+0	0.000E+0
1.595E+0	-1.087E+0	-5.158E+0	0.000E+0
1.695E+0	-1.041E+0	-5.293E+0	0.000E+0
1.795E+0	-9.852E-1	-5.450E+0	0.000E+0
1.895E+0	-9.331E-1	-5.630E+0	0.000E+0
1.995E+0	-8.881E-1	-5.799E+0	0.000E+0
2.095E+0	-8.356E-1	-5.969E+0	0.000E+0
2.195E+0	-7.910E-1	-6.156E+0	0.000E+0
2.295E+0	-7.426E-1	-6.321E+0	0.000E+0
2.395E+0	-7.052E-1	-6.514E+0	0.000E+0
2.495E+0	-6.688E-1	-6.677E+0	0.000E+0
2.595E+0	-6.243E-1	-6.811E+0	0.000E+0
2.695E+0	-5.846E-1	-6.970E+0	0.000E+0
2.795E+0	-5.391E-1	-7.174E+0	0.000E+0
2.895E+0	-5.038E-1	-7.367E+0	0.000E+0
2.995E+0	-4.650E-1	-7.531E+0	0.000E+0
3.095E+0	-4.272E-1	-7.693E+0	0.000E+0
3.195E+0	-3.931E-1	-7.845E+0	0.000E+0
3.295E+0	-3.536E-1	-8.015E+0	0.000E+0
3.395E+0	-3.206E-1	-8.188E+0	0.000E+0
3.495E+0	-2.824E-1	-8.351E+0	0.000E+0
3.595E+0	-2.491E-1	-8.537E+0	0.000E+0
3.695E+0	-2.176E-1	-8.722E+0	0.000E+0
3.795E+0	-1.862E-1	-8.880E+0	0.000E+0
3.895E+0	-1.629E-1	-9.065E+0	0.000E+0
3.995E+0	-1.357E-1	-9.267E+0	0.000E+0
4.095E+0	-1.114E-1	-9.434E+0	0.000E+0
4.195E+0	-8.675E-2	-9.580E+0	0.000E+0
4.295E+0	-6.299E-2	-9.712E+0	0.000E+0
4.395E+0	-4.705E-2	-9.905E+0	0.000E+0
4.495E+0	-3.220E-2	-1.011E+1	0.000E+0
4.595E+0	-1.891E-2	-1.029E+1	0.000E+0
4.695E+0	-9.222E-3	-1.051E+1	0.000E+0
4.795E+0	-1.563E-3	-1.067E+1	0.000E+0
4.895E+0	4.845E-3	-1.085E+1	0.000E+0
4.995E+0	-6.096E-3	-1.095E+1	0.000E+0
5.095E+0	5.158E-3	-1.080E+1	0.000E+0
5.195E+0	1.751E-2	-1.063E+1	0.000E+0
5.295E+0	3.048E-2	-1.045E+1	0.000E+0
5.395E+0	3.954E-2	-1.025E+1	0.000E+0
5.495E+0	4.767E-2	-1.006E+1	0.000E+0
5.595E+0	5.361E-2	-9.855E+0	0.000E+0
5.695E+0	6.252E-2	-9.672E+0	0.000E+0
5.795E+0	6.893E-2	-9.552E+0	0.000E+0
5.895E+0	7.627E-2	-9.400E+0	0.000E+0
5.995E+0	8.096E-2	-9.219E+0	0.000E+0
6.095E+0	8.581E-2	-9.021E+0	0.000E+0
6.195E+0	9.144E-2	-8.842E+0	0.000E+0
6.295E+0	9.831E-2	-8.682E+0	0.000E+0
6.395E+0	1.025E-1	-8.494E+0	0.000E+0
6.495E+0	1.055E-1	-8.315E+0	0.000E+0
6.595E+0	1.111E-1	-8.154E+0	0.000E+0
6.695E+0	1.174E-1	-7.979E+0	0.000E+0
6.795E+0	1.216E-1	-7.815E+0	0.000E+0
6.895E+0	1.275E-1	-7.661E+0	0.000E+0
6.995E+0	1.280E-1	-7.501E+0	0.000E+0
7.095E+0	1.344E-1	-7.340E+0	0.000E+0
7.195E+0	1.386E-1	-7.140E+0	0.000E+0
7.295E+0	1.444E-1	-6.937E+0	0.000E+0
7.395E+0	1.483E-1	-6.797E+0	0.000E+0
7.495E+0	1.500E-1	-6.655E+0	0.000E+0
7.595E+0	1.580E-1	-6.488E+0	0.000E+0
7.695E+0	1.655E-1	-6.291E+0	0.000E+0
7.795E+0	1.697E-1	-6.135E+0	0.000E+0
7.895E+0	1.765E-1	-5.949E+0	0.000E+0
7.995E+0	1.790E-1	-5.782E+0	0.000E+0
8.095E+0	1.840E-1	-5.612E+0	0.000E+0
8.195E+0	1.908E-1	-5.437E+0	0.000E+0
8.295E+0	1.937E-1	-5.282E+0	0.000E+0
8.395E+0	2.002E-1	-5.143E+0	0.000E+0
8.495E+0	2.005E-1	-4.918E+0	0.000E+0
8.595E+0	2.074E-1	-4.760E+0	0.000E+0
8.695E+0	2.126E-1	-4.569E+0	0.000E+0
8.795E+0	2.166E-1	-4.361E+0	0.000E+0
8.895E+0	2.213E-1	-4.190E+0	0.000E+0
8.995E+0	2.257E-1	-4.018E+0	0.000E+0
9.095E+0	2.321E-1	-3.843E+0	0.000E+0
9.195E+0	2.399E-1	-3.703E+0	0.000E+0
9.295E+0	2.305E-1	-3.535E+0	0.000E+0
9.395E+0	2.474E-1	-3.344E+0	0.000E+0
9.495E+0	2.487E-1	-3.154E+0	0.000E+0
9.595E+0	2.598E-1	-2.935E+0	0.000E+0
9.695E+0	2.643E-1	-2.746E+0	0.000E+0
9.795E+0	2.759E-1	-2.599E+0	0.000E+0
9.895E+0	2.827E-1	-2.452E+0	0.000E+0
9.995E+0	2.948E-1	-2.281E+0	0.000E+0
1.010E+1	3.053E-1	-2.056E+0	0.000E+0
1.019E+1	3.157E-1	-1.887E+0	0.000E+0
1.030E+1	3.314E-1	-1.709E+0	0.000E+0
1.040E+1	3.442E-1	-1.526E+0	0.000E+0
1.049E+1	3.637E-1	-1.388E+0	0.000E+0
1.060E+1	3.814E-1	-1.242E+0	0.000E+0
1.069E+1	4.023E-1	-1.069E+0	0.000E+0
1.080E+1	4.308E-1	-8.235E-1	0.000E+0
1.090E+1	4.633E-1	-6.266E-1	0.000E+0
1.099E+1	5.055E-1	-4.649E-1	0.000E+0
1.110E+1	5.516E-1	-3.180E-1	0.000E+0
1.119E+1	6.136E-1	-1.063E-1	0.000E+0
1.130E+1	6.999E-1	1.164E-1	0.000E+0
1.140E+1	7.923E-1	2.531E-1	0.000E+0
1.149E+1	8.922E-1	4.055E-1	0.000E+0
1.160E+1	1.012E+0	5.899E-1	0.000E+0
1.169E+1	1.146E+0	8.126E-1	0.000E+0
1.180E+1	1.285E+0	9.774E-1	0.000E+0
1.190E+1	1.420E+0	1.106E+0	0.000E+0
1.199E+1	1.552E+0	1.294E+0	0.000E+0
1.210E+1	1.679E+0	1.468E+0	0.000E+0
1.219E+1	1.792E+0	1.639E+0	0.000E+0
1.230E+1	1.882E+0	1.805E+0	0.000E+0
1.240E+1	1.939E+0	1.980E+0	0.000E+0
1.249E+1	1.974E+0	2.166E+0	0.000E+0
1.260E+1	1.990E+0	2.346E+0	0.000E+0
1.269E+1	1.981E+0	2.537E+0	0.000E+0
1.280E+1	1.959E+0	2.750E+0	0.000E+0
1.290E+1	1.928E+0	2.913E+0	0.000E+0
1.299E+1	1.884E+0	3.091E+0	0.000E+0
1.310E+1	1.832E+0	3.278E+0	0.000E+0
1.319E+1	1.774E+0	3.473E+0	0.000E+0
1.330E+1	1.716E+0	3.614E+0	0.000E+0
1.340E+1	1.654E+0	3.766E+0	0.000E+0
1.349E+1	1.593E+0	3.937E+0	0.000E+0
1.360E+1	1.529E+0	4.129E+0	0.000E+0
1.369E+1	1.470E+0	4.284E+0	0.000E+0
1.380E+1	1.414E+0	4.457E+0	0.000E+0
1.390E+1	1.362E+0	4.625E+0	0.000E+0
1.399E+1	1.304E+0	4.813E+0	0.000E+0
1.410E+1	1.249E+0	5.010E+0	0.000E+0
1.419E+1	1.197E+0	5.179E+0	0.000E+0
1.430E+1	1.148E+0	5.332E+0	0.000E+0
1.440E+1	1.099E+0	5.508E+0	0.000E+0
1.449E+1	1.053E+0	5.697E+0	0.000E+0
1.460E+1	1.004E+0	5.889E+0	0.000E+0
1.469E+1	9.611E-1	6.064E+0	0.000E+0
1.480E+1	9.190E-1	6.237E+0	0.000E+0
1.490E+1	8.797E-1	6.413E+0	0.000E+0
1.499E+1	8.423E-1	6.587E+0	0.000E+0
1.510E+1	8.035E-1	6.764E+0	0.000E+0
1.519E+1	7.652E-1	6.944E+0	0.000E+0
1.530E+1	7.260E-1	7.122E+0	0.000E+0
1.540E+1	6.840E-1	7.257E+0	0.000E+0
1.549E+1	6.441E-1	7.434E+0	0.000E+0
1.560E+1	6.052E-1	7.597E+0	0.000E+0
1.569E+1	5.685E-1	7.770E+0	0.000E+0
1.580E+1	5.327E-1	7.961E+0	0.000E+0
1.590E+1	4.997E-1	8.122E+0	0.000E+0
1.599E+1	4.669E-1	8.302E+0	0.000E+0
1.609E+1	4.347E-1	8.450E+0	0.000E+0
1.619E+1	4.028E-1	8.630E+0	0.000E+0
1.630E+1	3.751E-1	8.837E+0	0.000E+0
1.640E+1	3.437E-1	9.015E+0	0.000E+0
1.650E+1	3.217E-1	9.186E+0	0.000E+0
1.659E+1	2.965E-1	9.360E+0	0.000E+0
1.669E+1	2.746E-1	9.543E+0	0.000E+0
1.680E+1	2.566E-1	9.685E+0	0.000E+0
1.690E+1	2.377E-1	9.865E+0	0.000E+0
1.700E+1	2.277E-1	1.004E+1	0.000E+0
1.709E+1	2.165E-1	1.019E+1	0.000E+0
1.719E+1	2.074E-1	1.036E+1	0.000E+0
1.730E+1	1.996E-1	1.056E+1	0.000E+0
1.740E+1	1.921E-1	1.073E+1	0.000E+0
1.750E+1	1.885E-1	1.092E+1	0.000E+0
1.759E+1	2.033E-1	1.098E+1	0.000E+0
1.769E+1	1.933E-1	1.081E+1	0.000E+0
1.780E+1	1.880E-1	1.063E+1	0.000E+0
1.790E+1	1.793E-1	1.044E+1	0.000E+0
1.800E+1	1.688E-1	1.024E+1	0.000E+0
1.809E+1	1.668E-1	1.010E+1	0.000E+0
1.819E+1	1.560E-1	9.926E+0	0.000E+0
1.830E+1	1.544E-1	9.742E+0	0.000E+0
1.840E+1	1.471E-1	9.587E+0	0.000E+0
1.850E+1	1.416E-1	9.419E+0	0.000E+0
1.859E+1	1.393E-1	9.238E+0	0.000E+0
1.869E+1	1.316E-1	9.062E+0	0.000E+0
1.880E+1	1.294E-1	8.893E+0	0.000E+0
1.890E+1	1.216E-1	8.689E+0	0.000E+0
1.900E+1	1.171E-1	8.496E+0	0.000E+0
1.909E+1	1.171E-1	8.344E+0	0.000E+0
1.919E+1	1.086E-1	8.168E+0	0.000E+0
1.930E+1	1.083E-1	7.995E+0	0.000E+0
1.940E+1	1.025E-1	7.813E+0	0.000E+0
1.950E+1	9.581E-2	7.626E+0	0.000E+0
1.959E+1	9.378E-2	7.469E+0	0.000E+0
1.969E+1	8.768E-2	7.291E+0	0.000E+0
1.980E+1	8.425E-2	7.150E+0	0.000E+0
1.990E+1	7.456E-2	6.977E+0	0.000E+0
2.000E+1	7.143E-2	6.797E+0	0.000E+0
2.009E+1	6.690E-2	6.616E+0	0.000E+0
2.019E+1	6.299E-2	6.441E+0	0.000E+0
2.030E+1	5.924E-2	6.267E+0	0.000E+0
2.040E+1	5.377E-2	6.092E+0	0.000E+0
2.050E+1	4.861E-2	5.918E+0	0.000E+0
2.059E+1	4.376E-2	5.723E+0	0.000E+0
2.069E+1	3.767E-2	5.529E+0	0.000E+0
2.080E+1	3.564E-2	5.354E+0	0.000E+0
2.090E+1	2.954E-2	5.192E+0	0.000E+0
2.100E+1	2.798E-2	5.021E+0	0.000E+0
2.109E+1	2.204E-2	4.825E+0	0.000E+0
2.119E+1	1.688E-2	4.637E+0	0.000E+0
2.130E+1	9.065E-3	4.464E+0	0.000E+0
2.140E+1	5.158E-3	4.294E+0	0.000E+0
2.150E+1	-7.815E-4	4.135E+0	0.000E+0
2.159E+1	-6.096E-3	3.945E+0	0.000E+0
2.169E+1	-8.753E-3	3.768E+0	0.000E+0
2.180E+1	-1.719E-2	3.616E+0	0.000E+0
2.190E+1	-2.532E-2	3.473E+0	0.000E+0
2.200E+1	-2.970E-2	3.278E+0	0.000E+0
2.209E+1	-3.454E-2	3.088E+0	0.000E+0
2.219E+1	-4.220E-2	2.910E+0	0.000E+0
2.230E+1	-5.345E-2	2.748E+0	0.000E+0
2.240E+1	-6.111E-2	2.535E+0	0.000E+0
2.250E+1	-6.658E-2	2.343E+0	0.000E+0
2.259E+1	-7.909E-2	2.154E+0	0.000E+0
2.269E+1	-8.800E-2	1.967E+0	0.000E+0
2.280E+1	-1.035E-1	1.793E+0	0.000E+0
2.290E+1	-1.144E-1	1.628E+0	0.000E+0
2.300E+1	-1.277E-1	1.454E+0	0.000E+0
2.309E+1	-1.441E-1	1.272E+0	0.000E+0
2.319E+1	-1.601E-1	1.085E+0	0.000E+0
2.330E+1	-1.815E-1	9.555E-1	0.000E+0
2.340E+1	-2.055E-1	7.821E-1	0.000E+0
2.350E+1	-2.351E-1	5.602E-1	0.000E+0
2.359E+1	-2.727E-1	3.852E-1	0.000E+0
2.369E+1	-3.178E-1	2.313E-1	0.000E+0
2.380E+1	-3.764E-1	8.672E-2	0.000E+0
2.390E+1	-4.473E-1	-1.477E-1	0.000E+0
2.400E+1	-5.320E-1	-3.500E-1	0.000E+0
2.409E+1	-6.340E-1	-4.922E-1	0.000E+0
2.419E+1	-7.438E-1	-6.586E-1	0.000E+0
2.430E+1	-8.757E-1	-8.711E-1	0.000E+0
2.440E+1	-1.015E+0	-1.109E+0	0.000E+0
2.450E+1	-1.151E+0	-1.277E+0	0.000E+0
2.459E+1	-1.285E+0	-1.411E+0	0.000E+0
2.469E+1	-1.410E+0	-1.567E+0	0.000E+0
2.480E+1	-1.528E+0	-1.756E+0	0.000E+0
2.490E+1	-1.618E+0	-1.934E+0	0.000E+0
2.500E+1	-1.695E+0	-2.110E+0	0.000E+0
2.509E+1	-1.739E+0	-2.339E+0	0.000E+0
2.519E+1	-1.759E+0	-2.494E+0	0.000E+0
2.530E+1	-1.763E+0	-2.635E+0	0.000E+0
2.540E+1	-1.746E+0	-2.795E+0	0.000E+0
2.550E+1	-1.715E+0	-3.001E+0	0.000E+0
2.559E+1	-1.675E+0	-3.214E+0	0.000E+0
2.569E+1	-1.622E+0	-3.408E+0	0.000E+0
2.580E+1	-1.572E+0	-3.589E+0	0.000E+0
2.590E+1	-1.515E+0	-3.757E+0	0.000E+0
2.600E+1	-1.469E+0	-3.899E+0	0.000E+0
2.609E+1	-1.403E+0	-4.084E+0	0.000E+0
2.619E+1	-1.346E+0	-4.239E+0	0.000E+0
2.630E+1	-1.284E+0	-4.425E+0	0.000E+0
2.640E+1	-1.226E+0	-4.646E+0	0.000E+0
2.650E+1	-1.174E+0	-4.806E+0	0.000E+0
2.659E+1	-1.112E+0	-5.008E+0	0.000E+0
2.669E+1	-1.065E+0	-5.199E+0	0.000E+0
2.680E+1	-1.012E+0	-5.343E+0	0.000E+0
2.690E+1	-9.564E-1	-5.501E+0	0.000E+0
2.700E+1	-9.073E-1	-5.684E+0	0.000E+0
2.709E+1	-8.550E-1	-5.850E+0	0.000E+0
2.719E+1	-8.104E-1	-6.029E+0	0.000E+0
2.730E+1	-7.613E-1	-6.204E+0	0.000E+0
2.740E+1	-7.176E-1	-6.376E+0	0.000E+0
2.750E+1	-6.840E-1	-6.568E+0	0.000E+0
2.759E+1	-6.404E-1	-6.731E+0	0.000E+0
2.769E+1	-6.002E-1	-6.849E+0	0.000E+0
2.780E+1	-5.575E-1	-7.030E+0	0.000E+0
2.790E+1	-5.147E-1	-7.240E+0	0.000E+0
2.800E+1	-4.791E-1	-7.417E+0	0.000E+0
2.809E+1	-4.373E-1	-7.581E+0	0.000E+0
2.819E+1	-4.028E-1	-7.742E+0	0.000E+0
2.830E+1	-3.606E-1	-7.890E+0	0.000E+0
2.840E+1	-3.245E-1	-8.070E+0	0.000E+0
2.850E+1	-2.892E-1	-8.233E+0	0.000E+0
2.859E+1	-2.545E-1	-8.408E+0	0.000E+0
2.869E+1	-2.218E-1	-8.595E+0	0.000E+0
2.880E+1	-1.897E-1	-8.772E+0	0.000E+0
2.890E+1	-1.630E-1	-8.935E+0	0.000E+0
2.900E+1	-1.357E-1	-9.129E+0	0.000E+0
2.909E+1	-1.121E-1	-9.328E+0	0.000E+0
2.919E+1	-8.784E-2	-9.482E+0	0.000E+0
2.930E+1	-6.502E-2	-9.612E+0	0.000E+0
2.940E+1	-4.705E-2	-9.769E+0	0.000E+0
2.950E+1	-2.813E-2	-9.965E+0	0.000E+0
2.959E+1	-1.407E-2	-1.016E+1	0.000E+0
2.969E+1	-1.719E-3	-1.035E+1	0.000E+0
2.980E+1	4.845E-3	-1.056E+1	0.000E+0
2.990E+1	1.594E-2	-1.073E+1	0.000E+0
3.000E+1	2.313E-2	-1.090E+1	0.000E+0
3.009E+1	6.252E-3	-1.092E+1	0.000E+0
3.019E+1	2.454E-2	-1.075E+1	0.000E+0
3.030E+1	3.642E-2	-1.059E+1	0.000E+0
3.040E+1	4.767E-2	-1.038E+1	0.000E+0
3.050E+1	5.658E-2	-1.019E+1	0.000E+0
3.059E+1	6.330E-2	-9.999E+0	0.000E+0
3.069E+1	7.049E-2	-9.801E+0	0.000E+0
3.080E+1	7.534E-2	-9.633E+0	0.000E+0
3.090E+1	8.096E-2	-9.508E+0	0.000E+0
3.100E+1	8.784E-2	-9.354E+0	0.000E+0
3.109E+1	9.253E-2	-9.165E+0	0.000E+0
3.119E+1	9.581E-2	-8.963E+0	0.000E+0
3.130E+1	1.014E-1	-8.797E+0	0.000E+0
3.140E+1	1.046E-1	-8.628E+0	0.000E+0
3.150E+1	1.102E-1	-8.440E+0	0.000E+0
3.159E+1	1.130E-1	-8.259E+0	0.000E+0
3.169E+1	1.160E-1	-8.106E+0	0.000E+0
3.180E+1	1.199E-1	-7.926E+0	0.000E+0
3.190E+1	1.238E-1	-7.774E+0	0.000E+0
3.200E+1	1.283E-1	-7.613E+0	0.000E+0
3.210E+1	1.316E-1	-7.454E+0	0.000E+0
3.219E+1	1.360E-1	-7.289E+0	0.000E+0
3.229E+1	1.386E-1	-7.080E+0	0.000E+0
3.240E+1	1.429E-1	-6.883E+0	0.000E+0
3.249E+1	1.468E-1	-6.764E+0	0.000E+0
3.260E+1	1.493E-1	-6.612E+0	0.000E+0
3.269E+1	1.547E-1	-6.432E+0	0.000E+0
3.279E+1	1.543E-1	-6.243E+0	0.000E+0
3.290E+1	1.576E-1	-6.082E+0	0.000E+0
3.299E+1	1.632E-1	-5.894E+0	0.000E+0
3.310E+1	1.644E-1	-5.738E+0	0.000E+0
3.319E+1	1.683E-1	-5.560E+0	0.000E+0
3.329E+1	1.713E-1	-5.396E+0	0.000E+0
3.340E+1	1.768E-1	-5.239E+0	0.000E+0
3.349E+1	1.818E-1	-5.091E+0	0.000E+0
3.360E+1	1.865E-1	-4.858E+0	0.000E+0
3.369E+1	1.901E-1	-4.706E+0	0.000E+0
3.379E+1	1.957E-1	-4.503E+0	0.000E+0
3.390E+1	1.990E-1	-4.308E+0	0.000E+0
3.399E+1	2.046E-1	-4.148E+0	0.000E+0
3.410E+1	2.085E-1	-3.965E+0	0.000E+0
3.419E+1	2.130E-1	-3.803E+0	0.000E+0
3.429E+1	2.243E-1	-3.653E+0	0.000E+0
3.440E+1	2.321E-1	-3.483E+0	0.000E+0
3.449E+1	2.371E-1	-3.292E+0	0.000E+0
3.460E+1	2.479E-1	-3.098E+0	0.000E+0
3.469E+1	2.526E-1	-2.874E+0	0.000E+0
3.479E+1	2.602E-1	-2.696E+0	0.000E+0
3.490E+1	2.712E-1	-2.562E+0	0.000E+0
3.499E+1	2.779E-1	-2.408E+0	0.000E+0
3.510E+1	2.924E-1	-2.215E+0	0.000E+0
3.519E+1	3.023E-1	-2.005E+0	0.000E+0
3.529E+1	3.135E-1	-1.834E+0	0.000E+0
3.540E+1	3.306E-1	-1.657E+0	0.000E+0
3.549E+1	3.426E-1	-1.479E+0	0.000E+0
3.560E+1	3.642E-1	-1.351E+0	0.000E+0
3.569E+1	3.807E-1	-1.195E+0	0.000E+0
3.579E+1	4.043E-1	-9.977E-1	0.000E+0
3.590E+1	4.364E-1	-7.610E-1	0.000E+0
3.599E+1	4.709E-1	-5.813E-1	0.000E+0
3.610E+1	5.166E-1	-4.188E-1	0.000E+0
3.619E+1	5.671E-1	-2.641E-1	0.000E+0
3.629E+1	6.377E-1	-3.594E-2	0.000E+0
3.640E+1	7.268E-1	1.609E-1	0.000E+0
3.649E+1	8.203E-1	2.977E-1	0.000E+0
3.660E+1	9.275E-1	4.492E-1	0.000E+0
3.669E+1	1.051E+0	6.618E-1	0.000E+0
3.679E+1	1.188E+0	8.688E-1	0.000E+0
3.690E+1	1.329E+0	1.009E+0	0.000E+0
3.699E+1	1.458E+0	1.161E+0	0.000E+0
3.710E+1	1.595E+0	1.346E+0	0.000E+0
3.719E+1	1.712E+0	1.522E+0	0.000E+0
3.729E+1	1.819E+0	1.689E+0	0.000E+0
3.740E+1	1.896E+0	1.849E+0	0.000E+0
3.749E+1	1.943E+0	2.032E+0	0.000E+0
3.760E+1	1.972E+0	2.217E+0	0.000E+0
3.769E+1	1.974E+0	2.401E+0	0.000E+0
3.779E+1	1.963E+0	2.607E+0	0.000E+0
3.790E+1	1.936E+0	2.799E+0	0.000E+0
3.799E+1	1.899E+0	2.967E+0	0.000E+0
3.810E+1	1.851E+0	3.147E+0	0.000E+0
3.819E+1	1.793E+0	3.335E+0	0.000E+0
3.829E+1	1.734E+0	3.521E+0	0.000E+0
3.840E+1	1.676E+0	3.653E+0	0.000E+0
3.849E+1	1.614E+0	3.814E+0	0.000E+0
3.860E+1	1.554E+0	3.999E+0	0.000E+0
3.869E+1	1.489E+0	4.174E+0	0.000E+0
3.879E+1	1.436E+0	4.335E+0	0.000E+0
3.890E+1	1.379E+0	4.510E+0	0.000E+0
3.899E+1	1.327E+0	4.675E+0	0.000E+0
3.910E+1	1.270E+0	4.871E+0	0.000E+0
3.919E+1	1.218E+0	5.065E+0	0.000E+0
3.929E+1	1.169E+0	5.224E+0	0.000E+0
3.940E+1	1.120E+0	5.385E+0	0.000E+0
3.949E+1	1.071E+0	5.565E+0	0.000E+0
3.960E+1	1.024E+0	5.753E+0	0.000E+0
3.969E+1	9.800E-1	5.944E+0	0.000E+0
3.979E+1	9.381E-1	6.117E+0	0.000E+0
3.990E+1	8.973E-1	6.291E+0	0.000E+0
3.999E+1	8.617E-1	6.465E+0	0.000E+0
4.010E+1	8.215E-1	6.639E+0	0.000E+0
4.019E+1	7.846E-1	6.818E+0	0.000E+0
4.029E+1	7.468E-1	7.000E+0	0.000E+0
4.040E+1	7.068E-1	7.169E+0	0.000E+0
4.049E+1	6.666E-1	7.307E+0	0.000E+0
4.060E+1	6.274E-1	7.487E+0	0.000E+0
4.069E+1	5.893E-1	7.642E+0	0.000E+0
4.079E+1	5.563E-1	7.827E+0	0.000E+0
4.090E+1	5.227E-1	8.003E+0	0.000E+0
4.099E+1	4.922E-1	8.178E+0	0.000E+0
4.110E+1	4.623E-1	8.350E+0	0.000E+0
4.119E+1	4.315E-1	8.497E+0	0.000E+0
4.129E+1	4.042E-1	8.687E+0	0.000E+0
4.140E+1	3.775E-1	8.895E+0	0.000E+0
4.149E+1	3.534E-1	9.064E+0	0.000E+0
4.160E+1	3.296E-1	9.240E+0	0.000E+0
4.169E+1	3.071E-1	9.417E+0	0.000E+0
4.179E+1	2.860E-1	9.583E+0	0.000E+0
4.190E+1	2.684E-1	9.736E+0	0.000E+0
4.199E+1	2.520E-1	9.919E+0	0.000E+0
4.210E+1	2.395E-1	1.009E+1	0.000E+0
4.219E+1	2.299E-1	1.023E+1	0.000E+0
4.229E+1	2.238E-1	1.042E+1	0.000E+0
4.240E+1	2.146E-1	1.061E+1	0.000E+0
4.249E+1	2.108E-1	1.079E+1	0.000E+0
4.260E+1	2.138E-1	1.096E+1	0.000E+0
4.269E+1	2.054E-1	1.094E+1	0.000E+0
4.279E+1	1.993E-1	1.075E+1	0.000E+0
4.290E+1	1.905E-1	1.057E+1	0.000E+0
4.299E+1	1.833E-1	1.037E+1	0.000E+0
4.310E+1	1.726E-1	1.020E+1	0.000E+0
4.319E+1	1.693E-1	1.004E+1	0.000E+0
4.329E+1	1.604E-1	9.868E+0	0.000E+0
4.340E+1	1.588E-1	9.686E+0	0.000E+0
4.349E+1	1.504E-1	9.541E+0	0.000E+0
4.360E+1	1.457E-1	9.357E+0	0.000E+0
4.369E+1	1.440E-1	9.178E+0	0.000E+0
4.379E+1	1.364E-1	9.012E+0	0.000E+0
4.390E+1	1.363E-1	8.829E+0	0.000E+0
4.399E+1	1.286E-1	8.626E+0	0.000E+0
4.410E+1	1.243E-1	8.440E+0	0.000E+0
4.419E+1	1.230E-1	8.290E+0	0.000E+0
4.429E+1	1.160E-1	8.108E+0	0.000E+0
4.440E+1	1.152E-1	7.943E+0	0.000E+0
4.449E+1	1.075E-1	7.746E+0	0.000E+0
4.460E+1	1.043E-1	7.582E+0	0.000E+0
4.469E+1	1.007E-1	7.411E+0	0.000E+0
4.479E+1	9.628E-2	7.241E+0	0.000E+0
4.490E+1	9.331E-2	7.100E+0	0.000E+0
4.499E+1	8.909E-2	6.920E+0	0.000E+0
4.510E+1	8.534E-2	6.738E+0	0.000E+0
4.519E+1	8.049E-2	6.563E+0	0.000E+0
4.529E+1	7.659E-2	6.389E+0	0.000E+0
4.540E+1	7.221E-2	6.211E+0	0.000E+0
4.549E+1	6.690E-2	6.034E+0	0.000E+0
4.560E+1	6.143E-2	5.856E+0	0.000E+0
4.569E+1	5.861E-2	5.659E+0	0.000E+0
4.579E+1	5.127E-2	5.473E+0	0.000E+0
4.590E+1	4.736E-2	5.296E+0	0.000E+0
4.599E+1	4.158E-2	5.143E+0	0.000E+0
4.610E+1	3.329E-2	4.957E+0	0.000E+0
4.619E+1	3.001E-2	4.759E+0	0.000E+0
4.629E+1	2.845E-2	4.584E+0	0.000E+0
4.640E+1	2.157E-2	4.410E+0	0.000E+0
4.649E+1	1.844E-2	4.242E+0	0.000E+0
4.660E+1	1.078E-2	4.081E+0	0.000E+0
4.669E+1	5.939E-3	3.883E+0	0.000E+0
4.679E+1	-1.250E-3	3.717E+0	0.000E+0
4.690E+1	-4.845E-3	3.578E+0	0.000E+0
4.699E+1	-9.691E-3	3.411E+0	0.000E+0
4.710E+1	-2.079E-2	3.218E+0	0.000E+0
4.719E+1	-2.923E-2	3.031E+0	0.000E+0
4.729E+1	-3.173E-2	2.856E+0	0.000E+0
4.740E+1	-4.298E-2	2.683E+0	0.000E+0
4.749E+1	-5.095E-2	2.463E+0	0.000E+0
4.760E+1	-6.268E-2	2.278E+0	0.000E+0
4.769E+1	-7.237E-2	2.092E+0	0.000E+0
4.779E+1	-8.315E-2	1.905E+0	0.000E+0
4.790E+1	-9.722E-2	1.739E+0	0.000E+0
4.799E+1	-1.124E-1	1.572E+0	0.000E+0
4.810E+1	-1.269E-1	1.392E+0	0.000E+0
4.819E+1	-1.460E-1	1.211E+0	0.000E+0
4.829E+1	-1.644E-1	1.037E+0	0.000E+0
4.840E+1	-1.866E-1	9.087E-1	0.000E+0
4.849E+1	-2.143E-1	7.149E-1	0.000E+0
4.860E+1	-2.502E-1	4.899E-1	0.000E+0
4.869E+1	-2.898E-1	3.352E-1	0.000E+0
4.879E+1	-3.395E-1	1.891E-1	0.000E+0
4.890E+1	-4.056E-1	1.016E-2	0.000E+0
4.899E+1	-4.797E-1	-2.203E-1	0.000E+0
4.910E+1	-5.761E-1	-3.907E-1	0.000E+0
4.919E+1	-6.840E-1	-5.430E-1	0.000E+0
4.929E+1	-8.015E-1	-7.188E-1	0.000E+0
4.940E+1	-9.423E-1	-9.454E-1	0.000E+0
4.949E+1	-1.082E+0	-1.163E+0	0.000E+0
4.960E+1	-1.224E+0	-1.327E+0	0.000E+0
4.969E+1	-1.355E+0	-1.452E+0	0.000E+0
4.979E+1	-1.480E+0	-1.631E+0	0.000E+0
4.990E+1	-1.584E+0	-1.814E+0	0.000E+0
