-1.096000000000000085e+01 -1.585999999999999910e-01
-1.091999999999999993e+01 -1.623999999999999888e-01
-1.085999999999999943e+01 -1.451999999999999957e-01
-1.075000000000000000e+01 -1.509999999999999953e-01
-1.068999999999999950e+01 -1.406000000000000028e-01
-1.058000000000000007e+01 -1.504999999999999949e-01
-1.051999999999999957e+01 -1.305000000000000049e-01
-1.038000000000000078e+01 -1.416999999999999926e-01
-1.031000000000000050e+01 -1.236000000000000015e-01
-1.018999999999999950e+01 -1.342000000000000137e-01
-1.013000000000000078e+01 -1.193000000000000033e-01
-9.994999999999999218e+00 -1.292999999999999983e-01
-9.923000000000000043e+00 -1.108999999999999986e-01
-9.794999999999999929e+00 -1.208999999999999936e-01
-9.730000000000000426e+00 -1.040999999999999981e-01
-9.628000000000000114e+00 -1.139000000000000012e-01
-9.592000000000000526e+00 -9.968000000000000471e-02
-9.503999999999999559e+00 -1.087000000000000050e-01
-9.454000000000000625e+00 -9.070000000000000284e-02
-9.352999999999999758e+00 -1.000999999999999945e-01
-9.289999999999999147e+00 -8.748999999999999833e-02
-9.154999999999999361e+00 -9.662999999999999368e-02
-9.085000000000000853e+00 -8.085000000000000520e-02
-8.960000000000000853e+00 -8.890000000000000679e-02
-8.896000000000000796e+00 -7.475999999999999313e-02
-8.789999999999999147e+00 -8.241999999999999327e-02
-8.737999999999999545e+00 -7.116999999999999715e-02
-8.618999999999999773e+00 -7.538999999999999868e-02
-8.554999999999999716e+00 -6.257000000000000062e-02
-8.430999999999999162e+00 -6.944999999999999785e-02
-8.368999999999999773e+00 -5.711000000000000104e-02
-8.256999999999999673e+00 -6.414000000000000257e-02
-8.201999999999999957e+00 -5.031000000000000055e-02
-8.096999999999999531e+00 -5.897999999999999771e-02
-8.032000000000000028e+00 -4.257999999999999979e-02
-7.916000000000000369e+00 -5.093000000000000305e-02
-7.860000000000000320e+00 -3.758000000000000229e-02
-7.761000000000000121e+00 -4.757999999999999730e-02
-7.708000000000000185e+00 -2.844000000000000000e-02
-7.604000000000000092e+00 -4.014999999999999819e-02
-7.543000000000000149e+00 -2.406000000000000152e-02
-7.437999999999999723e+00 -3.452999999999999819e-02
-7.384000000000000341e+00 -1.844000000000000153e-02
-7.267999999999999794e+00 -2.672000000000000069e-02
-7.195999999999999730e+00 -8.437000000000000055e-03
-7.064000000000000057e+00 -1.882999999999999952e-02
-6.995000000000000107e+00 -2.422000000000000108e-03
-6.871999999999999886e+00 -1.281000000000000021e-02
-6.825000000000000178e+00 4.218000000000000395e-03
-6.750000000000000000e+00 -4.687000000000000194e-03
-6.698000000000000398e+00 9.452999999999999597e-03
-6.594999999999999751e+00 7.812000000000000150e-04
-6.543000000000000149e+00 1.703000000000000000e-02
-6.413999999999999702e+00 9.452999999999999597e-03
-6.342999999999999972e+00 2.639999999999999986e-02
-6.232000000000000206e+00 1.898000000000000034e-02
-6.176999999999999602e+00 3.164000000000000146e-02
-6.064000000000000057e+00 2.664000000000000049e-02
-6.001000000000000334e+00 4.007999999999999757e-02
-5.881000000000000227e+00 3.422000000000000042e-02
-5.825000000000000178e+00 4.914000000000000312e-02
-5.724000000000000199e+00 4.453000000000000014e-02
-5.660000000000000142e+00 5.569999999999999951e-02
-5.543999999999999595e+00 5.226000000000000090e-02
-5.479000000000000092e+00 6.414000000000000257e-02
-5.378999999999999559e+00 6.358999999999999375e-02
-5.325000000000000178e+00 7.312000000000000444e-02
-5.227000000000000313e+00 7.155999999999999861e-02
-5.182000000000000384e+00 8.257000000000000450e-02
-5.065999999999999837e+00 8.437000000000000055e-02
-4.977999999999999758e+00 9.397999999999999410e-02
-4.841999999999999638e+00 9.538000000000000644e-02
-4.796000000000000263e+00 1.043000000000000038e-01
-4.690999999999999837e+00 1.082999999999999935e-01
-4.623999999999999666e+00 1.155999999999999944e-01
-4.482000000000000206e+00 1.194999999999999951e-01
-4.415000000000000036e+00 1.302999999999999992e-01
-4.286999999999999922e+00 1.365000000000000102e-01
-4.232000000000000206e+00 1.436999999999999944e-01
-4.128000000000000114e+00 1.532000000000000028e-01
-4.067000000000000171e+00 1.618999999999999884e-01
-3.946000000000000174e+00 1.701999999999999902e-01
-3.887000000000000011e+00 1.791999999999999982e-01
-3.793000000000000149e+00 1.925000000000000044e-01
-3.745000000000000107e+00 1.998000000000000054e-01
-3.637000000000000011e+00 2.187000000000000055e-01
-3.581999999999999851e+00 2.281999999999999862e-01
-3.466000000000000192e+00 2.482999999999999929e-01
-3.402000000000000135e+00 2.585999999999999965e-01
-3.270999999999999908e+00 2.862000000000000099e-01
-3.205999999999999961e+00 2.983000000000000096e-01
-3.076000000000000068e+00 3.365000000000000213e-01
-2.992999999999999883e+00 3.556000000000000272e-01
-2.857000000000000206e+00 4.106000000000000205e-01
-2.791999999999999815e+00 4.314999999999999947e-01
-2.682999999999999829e+00 5.179000000000000270e-01
-2.629999999999999893e+00 5.592000000000000304e-01
-2.544000000000000039e+00 6.868999999999999551e-01
-2.487999999999999989e+00 7.466000000000000414e-01
-2.391999999999999904e+00 8.879000000000000226e-01
-2.333000000000000185e+00 9.199000000000000510e-01
-2.185000000000000053e+00 1.002999999999999892e+00
-2.104999999999999982e+00 1.006000000000000005e+00
-1.989000000000000101e+00 1.038000000000000034e+00
-1.933000000000000052e+00 1.020000000000000018e+00
-1.816999999999999948e+00 1.038999999999999924e+00
-1.756000000000000005e+00 1.018999999999999906e+00
-1.635000000000000009e+00 1.038000000000000034e+00
-1.574000000000000066e+00 1.022999999999999909e+00
-1.459000000000000075e+00 1.052999999999999936e+00
-1.417000000000000037e+00 1.040000000000000036e+00
-1.336999999999999966e+00 1.070000000000000062e+00
-1.280999999999999917e+00 1.054999999999999938e+00
-1.177999999999999936e+00 1.072000000000000064e+00
-1.114999999999999991e+00 1.046999999999999931e+00
-9.679999999999999716e-01 1.046000000000000041e+00
-8.851999999999999869e-01 1.008000000000000007e+00
-7.359999999999999876e-01 9.868000000000000105e-01
-6.656999999999999584e-01 9.464000000000000190e-01
-5.610000000000000542e-01 9.207999999999999519e-01
-5.047000000000000375e-01 8.767000000000000348e-01
-4.071000000000000174e-01 8.586000000000000298e-01
-3.585999999999999743e-01 8.211000000000000520e-01
-2.399000000000000021e-01 8.147999999999999687e-01
-1.703000000000000069e-01 7.834999999999999742e-01
-1.171999999999999952e-02 7.951000000000000290e-01
6.718999999999999972e-02 7.763999999999999790e-01
1.789000000000000035e-01 7.810000000000000275e-01
2.195000000000000007e-01 7.800000000000000266e-01
3.187999999999999723e-01 7.951000000000000290e-01
3.719000000000000083e-01 7.984999999999999876e-01
4.734999999999999765e-01 8.179999999999999494e-01
5.399000000000000465e-01 8.202000000000000401e-01
6.867999999999999661e-01 8.502999999999999448e-01
7.601999999999999869e-01 8.554000000000000492e-01
8.843999999999999639e-01 8.854999999999999538e-01
9.391000000000000458e-01 8.955999999999999517e-01
1.016000000000000014e+00 9.297999999999999599e-01
1.062000000000000055e+00 9.361000000000000432e-01
1.177000000000000046e+00 9.685000000000000275e-01
1.245999999999999996e+00 9.774000000000000465e-01
1.362000000000000099e+00 1.000999999999999890e+00
1.427000000000000046e+00 1.004000000000000004e+00
1.538000000000000034e+00 1.022999999999999909e+00
1.598999999999999977e+00 1.014999999999999902e+00
1.709000000000000075e+00 1.018000000000000016e+00
1.766999999999999904e+00 1.006999999999999895e+00
1.866000000000000103e+00 9.880999999999999783e-01
1.931000000000000050e+00 9.641999999999999460e-01
2.052000000000000046e+00 9.314000000000000057e-01
2.116999999999999993e+00 8.940000000000000169e-01
2.237999999999999989e+00 8.363000000000000433e-01
2.298999999999999932e+00 7.892000000000000126e-01
2.418000000000000149e+00 7.206000000000000183e-01
2.484999999999999876e+00 6.667999999999999483e-01
2.629000000000000004e+00 5.859999999999999654e-01
2.701999999999999957e+00 5.285999999999999588e-01
2.813000000000000167e+00 4.442999999999999727e-01
2.871999999999999886e+00 3.902999999999999803e-01
2.980999999999999872e+00 3.231999999999999873e-01
3.040000000000000036e+00 2.811000000000000165e-01
3.160000000000000142e+00 2.444000000000000061e-01
3.225000000000000089e+00 2.218999999999999861e-01
3.350999999999999979e+00 2.104999999999999927e-01
3.416999999999999815e+00 1.950999999999999956e-01
3.536000000000000032e+00 1.948000000000000009e-01
3.581999999999999851e+00 1.809999999999999942e-01
3.665999999999999925e+00 1.776000000000000079e-01
3.721999999999999975e+00 1.643999999999999906e-01
3.830000000000000071e+00 1.701000000000000012e-01
3.888999999999999790e+00 1.524999999999999967e-01
4.019000000000000128e+00 1.572999999999999954e-01
4.081000000000000405e+00 1.434999999999999887e-01
4.190999999999999837e+00 1.535999999999999865e-01
4.241999999999999993e+00 1.361999999999999877e-01
4.352000000000000313e+00 1.486999999999999988e-01
4.411999999999999922e+00 1.328999999999999904e-01
4.524000000000000021e+00 1.426999999999999935e-01
4.581000000000000405e+00 1.269000000000000128e-01
4.690999999999999837e+00 1.391000000000000014e-01
4.759000000000000341e+00 1.227000000000000035e-01
4.886999999999999567e+00 1.383000000000000063e-01
4.956000000000000405e+00 1.228999999999999954e-01
5.078000000000000291e+00 1.343000000000000027e-01
5.139999999999999680e+00 1.204999999999999960e-01
5.235000000000000320e+00 1.343000000000000027e-01
5.290000000000000036e+00 1.210999999999999993e-01
5.402999999999999581e+00 1.323000000000000009e-01
5.466000000000000192e+00 1.189000000000000057e-01
5.581999999999999851e+00 1.318999999999999895e-01
5.652999999999999581e+00 1.202000000000000013e-01
5.775000000000000355e+00 1.323000000000000009e-01
5.846000000000000085e+00 1.198000000000000037e-01
5.964999999999999858e+00 1.300999999999999934e-01
6.025999999999999801e+00 1.217000000000000026e-01
6.134000000000000341e+00 1.313000000000000000e-01
6.195999999999999730e+00 1.205999999999999989e-01
6.312000000000000277e+00 1.315000000000000058e-01
6.371000000000000441e+00 1.205999999999999989e-01
6.485000000000000320e+00 1.350999999999999979e-01
6.544999999999999929e+00 1.231000000000000011e-01
6.660000000000000142e+00 1.358999999999999930e-01
6.719000000000000306e+00 1.208999999999999936e-01
6.839999999999999858e+00 1.343999999999999917e-01
6.897999999999999687e+00 1.226000000000000006e-01
7.017999999999999794e+00 1.395000000000000129e-01
7.081000000000000405e+00 1.231000000000000011e-01
7.181000000000000050e+00 1.411000000000000032e-01
7.224999999999999645e+00 1.269000000000000128e-01
7.326999999999999957e+00 1.381000000000000005e-01
7.389999999999999680e+00 1.265999999999999903e-01
7.508000000000000007e+00 1.423000000000000098e-01
7.564000000000000057e+00 1.282999999999999974e-01
7.657000000000000028e+00 1.446999999999999953e-01
7.721000000000000085e+00 1.325000000000000067e-01
7.850999999999999979e+00 1.463000000000000134e-01
7.916999999999999815e+00 1.323000000000000009e-01
8.026999999999999247e+00 1.463000000000000134e-01
8.082000000000000739e+00 1.343999999999999917e-01
8.199999999999999289e+00 1.484999999999999931e-01
8.262000000000000455e+00 1.386999999999999900e-01
8.371999999999999886e+00 1.522999999999999909e-01
8.414999999999999147e+00 1.401000000000000023e-01
8.521000000000000796e+00 1.529999999999999971e-01
8.587999999999999190e+00 1.441000000000000059e-01
8.718999999999999417e+00 1.564000000000000112e-01
8.791000000000000369e+00 1.439999999999999891e-01
8.916999999999999815e+00 1.547999999999999932e-01
8.977999999999999758e+00 1.484999999999999931e-01
9.086999999999999744e+00 1.582999999999999963e-01
9.146000000000000796e+00 1.532000000000000028e-01
9.257999999999999119e+00 1.642000000000000126e-01
9.319000000000000838e+00 1.545999999999999874e-01
9.441000000000000725e+00 1.637000000000000122e-01
9.500999999999999446e+00 1.582000000000000073e-01
9.601000000000000867e+00 1.658999999999999919e-01
9.647000000000000242e+00 1.622000000000000108e-01
9.759000000000000341e+00 1.698000000000000065e-01
9.823000000000000398e+00 1.648000000000000020e-01
9.936999999999999389e+00 1.700000000000000122e-01
1.000000000000000000e+01 1.691999999999999893e-01
1.009999999999999964e+01 1.748000000000000109e-01
1.016000000000000014e+01 1.708000000000000074e-01
1.025000000000000000e+01 1.736000000000000043e-01
1.031000000000000050e+01 1.719999999999999862e-01
1.044999999999999929e+01 1.779999999999999916e-01
1.051999999999999957e+01 1.769999999999999907e-01
1.063000000000000078e+01 1.796000000000000096e-01
1.068999999999999950e+01 1.794000000000000039e-01
1.081000000000000050e+01 1.812000000000000000e-01
1.088000000000000078e+01 1.817999999999999894e-01
