Long Name,T,d,T,d,T,d
Comments,RSOXS 2 layer,RSOXS 2 layer,RSOXS 3 layer,RSOXS 3 layer,XRD 1 layer,XRD 1 layer
1,--,--,--,--,174.0935,47.9522651849163
2,--,--,--,--,169.1628,48.466409342638
3,26.9,110.502731396053,--,--,164.2618,48.915416949627
4,27.8,110.405645882614,--,--,159.4131,49.3146951352295
5,28.7,110.366859427008,--,--,154.5503,49.6655229403176
6,29.7,110.386765417966,--,--,149.6423,50.0134148466098
7,30.7,110.387022055081,--,--,144.7234,50.346036115221
8,31.6,110.405645882614,--,--,139.8336,50.6708492514483
9,32.6,110.386249247709,--,--,134.9179,50.9957414753639
10,33.5,110.370035703707,--,--,130.0135,51.2996840886642
11,34.5,110.328492931844,--,--,128.0526,51.4298543601505
12,35.4,110.319107290595,--,--,126.0799,51.5479966131724
13,36.4,110.332751838937,--,--,125.1024,51.6157504902619
14,37.3,110.2608090438,--,--,122.5085,51.6836827110273
15,38.3,110.249609634294,--,--,121.3154,51.7560568960427
16,39.3,110.224682643022,--,--,120.3033,51.8329096451047
17,40.2,110.162580851836,--,--,119.3104,51.9057026615414
18,41.2,110.125716584637,--,--,118.3005,51.9959062163157
19,42.1,110.060079782672,--,--,117.3168,52.0734734558229
20,43.1,109.9961524801,--,--,116.3094,52.164261578909
21,44.1,109.943920127833,--,--,115.3017,52.2771054761593
22,45,109.881057239523,--,--,114.3059,52.3773366720539
23,46,109.830142315614,--,--,113.3117,52.4648071741782
24,46.9,109.761941494307,--,--,112.3191,52.5393871325327
25,47.9,109.71457243315,--,--,111.3227,52.6097739862646
26,48.8,109.657683952771,--,--,110.3283,52.6715173709413
27,49.8,109.609856908145,--,--,109.3351,52.7378320226589
28,50.7,109.560871152949,--,--,108.3397,52.8087519514169
29,51.7,109.51915811747,--,--,107.3457,52.8754128349708
30,52.6,109.488316335482,--,--,106.3524,52.9288628353095
31,53.6,109.43886267359,--,--,105.3635,52.9868890806172
32,54.6,109.395463672001,--,--,104.365,53.0405648082018
33,55.5,109.324443084347,--,--,103.3695,53.0943493931011
34,56.5,109.301489164765,--,--,102.3791,53.1437478404769
35,57.4,109.24202750172,--,--,101.3837,53.1887353524049
36,58.4,109.180625924881,--,--,100.3894,53.2292892848152
37,59.3,109.139764897107,--,--,99.4101,53.2699051053801
38,60.3,109.077838721898,--,--,98.4025,53.3060601270857
39,61.3,109.021470915184,--,--,97.4424,53.3513229785139
40,62.2,108.981035124155,--,--,96.4382,53.3875886411725
41,63.1,108.934614483467,--,--,95.4328,53.4284464896223
42,64.1,108.882606781563,--,--,94.4455,53.4557198160591
43,65.1,108.859896495888,--,--,93.4657,53.4830210008477
44,66,108.801209852372,--,--,92.4738,53.5194659896046
45,67,108.746176557436,--,--,91.4844,53.5377071163905
46,67.9,108.677409416675,--,--,90.4826,53.5696590261709
47,68.9,108.630948296629,--,--,89.4915,53.5970767480985
48,69.8,108.584582270333,--,--,88.4778,53.6245225499666
49,70.8,108.515758482024,--,--,86.4814,53.6474155326126
50,71.7,108.451301923452,--,--,84.47,53.697848963162
51,72.7,108.369752975449,--,--,82.5119,53.7345874213597
52,73.6,108.302166851877,--,--,80.4983,53.7759783223176
53,74.6,108.240909065956,--,--,78.502,53.8036076997738
54,75.6,108.16740620667,--,--,76.4974,53.8358778783274
55,76.5,108.111611416634,--,--,74.5076,53.8728055147011
56,77.5,108.053973083144,--,--,72.5062,53.9005345044144
57,78.4,107.963635001035,--,--,70.519,53.9329210916703
58,79.4,107.914872897135,--,--,68.5179,53.9653466218293
59,80.4,107.854402068555,--,--,66.5613,54.0024521459354
60,81.3,107.786244610137,--,--,64.57,53.9885315963188
61,82.3,107.724560914777,--,--,64.57,52.5701581926003
62,83.2,107.656201599328,83.2,143.059774753634,62.6255,53.9931709820365
63,84.1,107.576852180528,84.1,143.353531991321,62.6255,52.5877578438198
64,85.1,107.504612823803,85.1,143.451719342,61.6186,54.007093924528
65,86.1,107.445323388117,86.1,143.714211051683,61.6186,52.4911053231377
66,87,107.369229782568,87,143.911711112679,60.6284,54.044256899876
67,88,107.311377026559,88,143.911711112679,60.6284,52.4691883689318
68,88.9,107.231896507038,88.9,144.341495685265,58.6468,54.6316433977879
69,89.9,107.185010357891,89.9,144.142815030502,58.6468,52.3948074314509
70,90.9,107.148453396651,90.9,144.773855004138,56.6141,54.6173966201285
71,91.8,107.075414232781,91.8,145.309558445411,56.6141,52.3686056607733
72,92.7,107.038931979209,92.7,145.61263747809,54.6279,54.607902895703
73,93.7,107.002474577309,93.7,145.91698344588,54.6279,52.3424300831355
74,94.7,106.947835015823,94.7,146.632095850165,52.6595,54.5368050271642
75,95.6,106.966042001695,95.6,147.043887366712,52.6595,52.3206370820184
76,96.6,107.020700173388,96.6,147.457998291002,50.6727,54.5036893405585
77,97.5,107.020700173388,97.5,147.874448274408,50.6727,52.2901573500298
78,98.5,106.984255187802,98.5,148.223291039858,48.6928,54.4564509202599
79,99.4,106.929634227018,99.4,148.43338783793,48.6928,52.272756299331
80,100.4,106.838723128372,100.4,148.468461889877,46.6699,54.4281471515903
81,101.3,106.82055945562,101.3,148.468461889877,46.6699,52.2336462480637
82,102.3,106.766105474589,102.3,148.363289425728,44.7041,54.3763332512297
83,103.3,106.729833653467,103.3,148.328265042011,44.7041,52.1989308563561
84,104.2,106.802401957838,104.2,148.293257190927,42.707,54.3998727894336
85,--,--,105.2,148.1883327165,42.707,52.1685927198571
86,--,--,106.1,148.153390879028,40.6798,54.28706849127
87,--,--,107.1,148.153390879028,40.6798,52.142616657092
88,--,--,108,148.153390879028,38.6615,54.2542553076555
89,--,--,109,148.153390879028,38.6615,52.1123439261805
90,--,--,110,148.013788154996,36.7426,54.2074480819566
91,--,--,--,--,36.7426,52.0864238346977
92,--,--,--,--,34.7178,54.1653905791344
93,--,--,--,--,34.7178,52.060529515118
94,--,--,,,32.6723,54.1140755075324
95,--,--,,,32.6723,52.0303519971811
96,--,--,,,30.2784,54.1607215514144
97,--,--,,,30.2784,52.0045133850322
98,--,--,,,28.7307,54.0768164831706
99,--,--,,,28.7307,51.9830008040009
