-5.000E-3	-6.884E-2	4.578E-1	0.000E+0
9.500E-2	-7.709E-2	2.672E-1	0.000E+0
1.950E-1	-7.844E-2	7.500E-2	0.000E+0
2.950E-1	-8.303E-2	-2.024E-1	0.000E+0
3.950E-1	-8.781E-2	-4.188E-1	0.000E+0
4.950E-1	-9.153E-2	-6.125E-1	0.000E+0
5.950E-1	-9.737E-2	-8.680E-1	0.000E+0
6.950E-1	-1.015E-1	-1.150E+0	0.000E+0
7.950E-1	-1.073E-1	-1.349E+0	0.000E+0
8.950E-1	-1.099E-1	-1.525E+0	0.000E+0
9.950E-1	-1.163E-1	-1.752E+0	0.000E+0
1.095E+0	-1.205E-1	-1.968E+0	0.000E+0
1.195E+0	-1.218E-1	-2.219E+0	0.000E+0
1.295E+0	-1.269E-1	-2.452E+0	0.000E+0
1.395E+0	-1.319E-1	-2.631E+0	0.000E+0
1.495E+0	-1.345E-1	-2.835E+0	0.000E+0
1.595E+0	-1.382E-1	-3.105E+0	0.000E+0
1.695E+0	-1.394E-1	-3.344E+0	0.000E+0
1.795E+0	-1.437E-1	-3.578E+0	0.000E+0
1.895E+0	-1.482E-1	-3.781E+0	0.000E+0
1.995E+0	-1.506E-1	-3.976E+0	0.000E+0
2.095E+0	-1.538E-1	-4.195E+0	0.000E+0
2.195E+0	-1.555E-1	-4.417E+0	0.000E+0
2.295E+0	-1.618E-1	-4.675E+0	0.000E+0
2.395E+0	-1.628E-1	-4.878E+0	0.000E+0
2.495E+0	-1.643E-1	-5.149E+0	0.000E+0
2.595E+0	-1.688E-1	-5.333E+0	0.000E+0
2.695E+0	-1.720E-1	-5.533E+0	0.000E+0
2.795E+0	-1.735E-1	-5.754E+0	0.000E+0
2.895E+0	-1.773E-1	-5.963E+0	0.000E+0
2.995E+0	-1.792E-1	-6.186E+0	0.000E+0
3.095E+0	-1.828E-1	-6.410E+0	0.000E+0
3.195E+0	-1.867E-1	-6.632E+0	0.000E+0
3.295E+0	-1.898E-1	-6.805E+0	0.000E+0
3.395E+0	-1.943E-1	-7.009E+0	0.000E+0
3.495E+0	-1.981E-1	-7.264E+0	0.000E+0
3.595E+0	-2.019E-1	-7.477E+0	0.000E+0
3.695E+0	-2.069E-1	-7.681E+0	0.000E+0
3.795E+0	-2.103E-1	-7.872E+0	0.000E+0
3.895E+0	-2.155E-1	-8.088E+0	0.000E+0
3.995E+0	-2.198E-1	-8.293E+0	0.000E+0
4.095E+0	-2.260E-1	-8.523E+0	0.000E+0
4.195E+0	-2.304E-1	-8.748E+0	0.000E+0
4.295E+0	-2.339E-1	-8.956E+0	0.000E+0
4.395E+0	-2.412E-1	-9.204E+0	0.000E+0
4.495E+0	-2.454E-1	-9.426E+0	0.000E+0
4.595E+0	-2.482E-1	-9.600E+0	0.000E+0
4.695E+0	-2.514E-1	-9.792E+0	0.000E+0
4.795E+0	-2.526E-1	-1.005E+1	0.000E+0
4.895E+0	-2.549E-1	-1.028E+1	0.000E+0
4.995E+0	-2.649E-1	-1.053E+1	0.000E+0
5.095E+0	-2.381E-1	-1.045E+1	0.000E+0
5.195E+0	-2.205E-1	-1.020E+1	0.000E+0
5.295E+0	-2.092E-1	-9.947E+0	0.000E+0
5.395E+0	-2.073E-1	-9.711E+0	0.000E+0
5.495E+0	-1.887E-1	-9.544E+0	0.000E+0
5.595E+0	-1.851E-1	-9.355E+0	0.000E+0
5.695E+0	-1.756E-1	-9.115E+0	0.000E+0
5.795E+0	-1.661E-1	-8.883E+0	0.000E+0
5.895E+0	-1.597E-1	-8.682E+0	0.000E+0
5.995E+0	-1.505E-1	-8.447E+0	0.000E+0
6.095E+0	-1.458E-1	-8.231E+0	0.000E+0
6.195E+0	-1.396E-1	-8.020E+0	0.000E+0
6.295E+0	-1.356E-1	-7.815E+0	0.000E+0
6.395E+0	-1.258E-1	-7.623E+0	0.000E+0
6.495E+0	-1.217E-1	-7.421E+0	0.000E+0
6.595E+0	-1.124E-1	-7.194E+0	0.000E+0
6.695E+0	-1.098E-1	-6.941E+0	0.000E+0
6.795E+0	-1.003E-1	-6.764E+0	0.000E+0
6.895E+0	-9.584E-2	-6.579E+0	0.000E+0
6.995E+0	-8.944E-2	-6.344E+0	0.000E+0
7.095E+0	-7.987E-2	-6.136E+0	0.000E+0
7.195E+0	-7.481E-2	-5.907E+0	0.000E+0
7.295E+0	-6.666E-2	-5.704E+0	0.000E+0
7.395E+0	-5.897E-2	-5.482E+0	0.000E+0
7.495E+0	-5.334E-2	-5.283E+0	0.000E+0
7.595E+0	-4.381E-2	-5.098E+0	0.000E+0
7.695E+0	-3.756E-2	-4.830E+0	0.000E+0
7.795E+0	-2.866E-2	-4.623E+0	0.000E+0
7.895E+0	-2.228E-2	-4.365E+0	0.000E+0
7.995E+0	-1.659E-2	-4.153E+0	0.000E+0
8.095E+0	-8.250E-3	-3.933E+0	0.000E+0
8.195E+0	-4.438E-3	-3.746E+0	0.000E+0
8.295E+0	4.219E-3	-3.540E+0	0.000E+0
8.395E+0	1.169E-2	-3.303E+0	0.000E+0
8.495E+0	1.563E-2	-3.051E+0	0.000E+0
8.595E+0	2.050E-2	-2.799E+0	0.000E+0
8.695E+0	2.759E-2	-2.603E+0	0.000E+0
8.795E+0	3.328E-2	-2.420E+0	0.000E+0
8.895E+0	3.887E-2	-2.175E+0	0.000E+0
8.995E+0	4.412E-2	-1.936E+0	0.000E+0
9.095E+0	5.194E-2	-1.718E+0	0.000E+0
9.195E+0	5.653E-2	-1.497E+0	0.000E+0
9.295E+0	6.366E-2	-1.327E+0	0.000E+0
9.395E+0	6.666E-2	-1.124E+0	0.000E+0
9.495E+0	7.128E-2	-8.352E-1	0.000E+0
9.595E+0	7.891E-2	-5.914E-1	0.000E+0
9.695E+0	8.138E-2	-4.008E-1	0.000E+0
9.795E+0	8.669E-2	-1.820E-1	0.000E+0
9.895E+0	9.125E-2	9.844E-2	0.000E+0
9.995E+0	9.528E-2	2.836E-1	0.000E+0
1.010E+1	9.888E-2	4.758E-1	0.000E+0
1.019E+1	1.038E-1	7.461E-1	0.000E+0
1.030E+1	1.074E-1	9.626E-1	0.000E+0
1.040E+1	1.117E-1	1.136E+0	0.000E+0
1.049E+1	1.174E-1	1.366E+0	0.000E+0
1.060E+1	1.190E-1	1.584E+0	0.000E+0
1.069E+1	1.253E-1	1.788E+0	0.000E+0
1.080E+1	1.273E-1	2.006E+0	0.000E+0
1.090E+1	1.308E-1	2.238E+0	0.000E+0
1.099E+1	1.351E-1	2.465E+0	0.000E+0
1.110E+1	1.376E-1	2.728E+0	0.000E+0
1.119E+1	1.425E-1	2.938E+0	0.000E+0
1.130E+1	1.450E-1	3.160E+0	0.000E+0
1.140E+1	1.505E-1	3.399E+0	0.000E+0
1.149E+1	1.511E-1	3.600E+0	0.000E+0
1.160E+1	1.544E-1	3.784E+0	0.000E+0
1.169E+1	1.581E-1	4.007E+0	0.000E+0
1.180E+1	1.611E-1	4.223E+0	0.000E+0
1.190E+1	1.638E-1	4.430E+0	0.000E+0
1.199E+1	1.669E-1	4.641E+0	0.000E+0
1.210E+1	1.678E-1	4.878E+0	0.000E+0
1.219E+1	1.706E-1	5.111E+0	0.000E+0
1.230E+1	1.721E-1	5.308E+0	0.000E+0
1.240E+1	1.740E-1	5.527E+0	0.000E+0
1.249E+1	1.761E-1	5.765E+0	0.000E+0
1.260E+1	1.781E-1	5.998E+0	0.000E+0
1.269E+1	1.810E-1	6.213E+0	0.000E+0
1.280E+1	1.864E-1	6.431E+0	0.000E+0
1.290E+1	1.884E-1	6.652E+0	0.000E+0
1.299E+1	1.909E-1	6.866E+0	0.000E+0
1.310E+1	1.944E-1	7.087E+0	0.000E+0
1.319E+1	1.982E-1	7.272E+0	0.000E+0
1.330E+1	2.018E-1	7.487E+0	0.000E+0
1.340E+1	2.071E-1	7.684E+0	0.000E+0
1.349E+1	2.125E-1	7.923E+0	0.000E+0
1.360E+1	2.157E-1	8.136E+0	0.000E+0
1.369E+1	2.278E-1	8.351E+0	0.000E+0
1.380E+1	2.302E-1	8.551E+0	0.000E+0
1.390E+1	2.444E-1	8.801E+0	0.000E+0
1.399E+1	2.473E-1	9.027E+0	0.000E+0
1.410E+1	2.537E-1	9.240E+0	0.000E+0
1.419E+1	2.621E-1	9.461E+0	0.000E+0
1.430E+1	2.636E-1	9.655E+0	0.000E+0
1.440E+1	2.697E-1	9.872E+0	0.000E+0
1.449E+1	2.747E-1	1.009E+1	0.000E+0
1.460E+1	2.722E-1	1.028E+1	0.000E+0
1.469E+1	2.772E-1	1.052E+1	0.000E+0
1.480E+1	2.748E-1	1.074E+1	0.000E+0
1.490E+1	2.771E-1	1.097E+1	0.000E+0
1.499E+1	2.881E-1	1.116E+1	0.000E+0
1.510E+1	2.611E-1	1.107E+1	0.000E+0
1.519E+1	2.465E-1	1.086E+1	0.000E+0
1.530E+1	2.303E-1	1.063E+1	0.000E+0
1.540E+1	2.231E-1	1.040E+1	0.000E+0
1.549E+1	2.112E-1	1.017E+1	0.000E+0
1.560E+1	2.000E-1	9.974E+0	0.000E+0
1.569E+1	1.929E-1	9.746E+0	0.000E+0
1.580E+1	1.832E-1	9.555E+0	0.000E+0
1.590E+1	1.752E-1	9.330E+0	0.000E+0
1.599E+1	1.660E-1	9.114E+0	0.000E+0
1.609E+1	1.587E-1	8.897E+0	0.000E+0
1.619E+1	1.559E-1	8.644E+0	0.000E+0
1.630E+1	1.457E-1	8.420E+0	0.000E+0
1.640E+1	1.418E-1	8.220E+0	0.000E+0
1.650E+1	1.375E-1	8.004E+0	0.000E+0
1.659E+1	1.306E-1	7.771E+0	0.000E+0
1.669E+1	1.251E-1	7.560E+0	0.000E+0
1.680E+1	1.179E-1	7.345E+0	0.000E+0
1.690E+1	1.142E-1	7.161E+0	0.000E+0
1.700E+1	1.074E-1	6.943E+0	0.000E+0
1.709E+1	1.013E-1	6.719E+0	0.000E+0
1.719E+1	9.431E-2	6.499E+0	0.000E+0
1.730E+1	8.606E-2	6.279E+0	0.000E+0
1.740E+1	7.972E-2	6.062E+0	0.000E+0
1.750E+1	7.184E-2	5.838E+0	0.000E+0
1.759E+1	6.503E-2	5.596E+0	0.000E+0
1.769E+1	5.669E-2	5.366E+0	0.000E+0
1.780E+1	5.012E-2	5.168E+0	0.000E+0
1.790E+1	4.578E-2	4.941E+0	0.000E+0
1.800E+1	3.666E-2	4.696E+0	0.000E+0
1.809E+1	3.153E-2	4.480E+0	0.000E+0
1.819E+1	2.459E-2	4.270E+0	0.000E+0
1.830E+1	1.850E-2	4.063E+0	0.000E+0
1.840E+1	1.297E-2	3.828E+0	0.000E+0
1.850E+1	6.469E-3	3.631E+0	0.000E+0
1.859E+1	2.969E-3	3.446E+0	0.000E+0
1.869E+1	-3.219E-3	3.203E+0	0.000E+0
1.880E+1	-1.228E-2	2.976E+0	0.000E+0
1.890E+1	-1.459E-2	2.763E+0	0.000E+0
1.900E+1	-2.125E-2	2.503E+0	0.000E+0
1.909E+1	-2.594E-2	2.268E+0	0.000E+0
1.919E+1	-3.103E-2	2.034E+0	0.000E+0
1.930E+1	-3.728E-2	1.813E+0	0.000E+0
1.940E+1	-4.009E-2	1.607E+0	0.000E+0
1.950E+1	-4.675E-2	1.388E+0	0.000E+0
1.959E+1	-5.012E-2	1.157E+0	0.000E+0
1.969E+1	-5.528E-2	9.735E-1	0.000E+0
1.980E+1	-6.047E-2	7.625E-1	0.000E+0
1.990E+1	-6.338E-2	4.922E-1	0.000E+0
2.000E+1	-6.938E-2	2.930E-1	0.000E+0
2.009E+1	-7.141E-2	1.125E-1	0.000E+0
2.019E+1	-7.709E-2	-1.617E-1	0.000E+0
2.030E+1	-8.119E-2	-3.907E-1	0.000E+0
2.040E+1	-8.359E-2	-5.868E-1	0.000E+0
2.050E+1	-8.753E-2	-8.297E-1	0.000E+0
2.059E+1	-8.894E-2	-1.119E+0	0.000E+0
2.069E+1	-9.506E-2	-1.324E+0	0.000E+0
2.080E+1	-9.456E-2	-1.492E+0	0.000E+0
2.090E+1	-9.922E-2	-1.716E+0	0.000E+0
2.100E+1	-1.027E-1	-1.938E+0	0.000E+0
2.109E+1	-1.050E-1	-2.179E+0	0.000E+0
2.119E+1	-1.113E-1	-2.422E+0	0.000E+0
2.130E+1	-1.152E-1	-2.606E+0	0.000E+0
2.140E+1	-1.169E-1	-2.800E+0	0.000E+0
2.150E+1	-1.193E-1	-3.065E+0	0.000E+0
2.159E+1	-1.232E-1	-3.310E+0	0.000E+0
2.169E+1	-1.285E-1	-3.547E+0	0.000E+0
2.180E+1	-1.303E-1	-3.755E+0	0.000E+0
2.190E+1	-1.322E-1	-3.943E+0	0.000E+0
2.200E+1	-1.385E-1	-4.170E+0	0.000E+0
2.209E+1	-1.518E-1	-4.379E+0	0.000E+0
2.219E+1	-1.487E-1	-4.643E+0	0.000E+0
2.230E+1	-1.522E-1	-4.846E+0	0.000E+0
2.240E+1	-1.586E-1	-5.113E+0	0.000E+0
2.250E+1	-1.576E-1	-5.303E+0	0.000E+0
2.259E+1	-1.641E-1	-5.502E+0	0.000E+0
2.269E+1	-1.673E-1	-5.725E+0	0.000E+0
2.280E+1	-1.684E-1	-5.926E+0	0.000E+0
2.290E+1	-1.739E-1	-6.155E+0	0.000E+0
2.300E+1	-1.777E-1	-6.370E+0	0.000E+0
2.309E+1	-1.812E-1	-6.603E+0	0.000E+0
2.319E+1	-1.847E-1	-6.783E+0	0.000E+0
2.330E+1	-1.866E-1	-6.972E+0	0.000E+0
2.340E+1	-1.940E-1	-7.225E+0	0.000E+0
2.350E+1	-1.959E-1	-7.450E+0	0.000E+0
2.359E+1	-2.027E-1	-7.653E+0	0.000E+0
2.369E+1	-2.096E-1	-7.845E+0	0.000E+0
2.380E+1	-2.124E-1	-8.057E+0	0.000E+0
2.390E+1	-2.225E-1	-8.261E+0	0.000E+0
2.400E+1	-2.236E-1	-8.490E+0	0.000E+0
2.409E+1	-2.323E-1	-8.719E+0	0.000E+0
2.419E+1	-2.381E-1	-8.921E+0	0.000E+0
2.430E+1	-2.409E-1	-9.165E+0	0.000E+0
2.440E+1	-2.465E-1	-9.399E+0	0.000E+0
2.450E+1	-2.474E-1	-9.580E+0	0.000E+0
2.459E+1	-2.534E-1	-9.760E+0	0.000E+0
2.469E+1	-2.552E-1	-1.001E+1	0.000E+0
2.480E+1	-2.558E-1	-1.025E+1	0.000E+0
2.490E+1	-2.687E-1	-1.051E+1	0.000E+0
2.500E+1	-2.420E-1	-1.047E+1	0.000E+0
2.509E+1	-2.251E-1	-1.022E+1	0.000E+0
2.519E+1	-2.132E-1	-9.976E+0	0.000E+0
2.530E+1	-1.999E-1	-9.733E+0	0.000E+0
2.540E+1	-1.916E-1	-9.562E+0	0.000E+0
2.550E+1	-1.826E-1	-9.378E+0	0.000E+0
2.559E+1	-1.742E-1	-9.145E+0	0.000E+0
2.569E+1	-1.633E-1	-8.904E+0	0.000E+0
2.580E+1	-1.563E-1	-8.702E+0	0.000E+0
2.590E+1	-1.472E-1	-8.473E+0	0.000E+0
2.600E+1	-1.418E-1	-8.252E+0	0.000E+0
2.609E+1	-1.346E-1	-8.047E+0	0.000E+0
2.619E+1	-1.290E-1	-7.832E+0	0.000E+0
2.630E+1	-1.219E-1	-7.641E+0	0.000E+0
2.640E+1	-1.168E-1	-7.440E+0	0.000E+0
2.650E+1	-1.115E-1	-7.222E+0	0.000E+0
2.659E+1	-1.071E-1	-6.967E+0	0.000E+0
2.669E+1	-9.856E-2	-6.781E+0	0.000E+0
2.680E+1	-9.472E-2	-6.600E+0	0.000E+0
2.690E+1	-8.753E-2	-6.368E+0	0.000E+0
2.700E+1	-8.084E-2	-6.159E+0	0.000E+0
2.709E+1	-7.372E-2	-5.929E+0	0.000E+0
2.719E+1	-6.625E-2	-5.728E+0	0.000E+0
2.730E+1	-6.091E-2	-5.508E+0	0.000E+0
2.740E+1	-5.484E-2	-5.309E+0	0.000E+0
2.750E+1	-4.628E-2	-5.126E+0	0.000E+0
2.759E+1	-4.091E-2	-4.858E+0	0.000E+0
2.769E+1	-3.337E-2	-4.657E+0	0.000E+0
2.780E+1	-2.766E-2	-4.395E+0	0.000E+0
2.790E+1	-2.141E-2	-4.181E+0	0.000E+0
2.800E+1	-1.500E-2	-3.960E+0	0.000E+0
2.809E+1	-9.875E-3	-3.767E+0	0.000E+0
2.819E+1	-2.031E-3	-3.563E+0	0.000E+0
2.830E+1	4.000E-3	-3.328E+0	0.000E+0
2.840E+1	7.531E-3	-3.084E+0	0.000E+0
2.850E+1	1.538E-2	-2.821E+0	0.000E+0
2.859E+1	1.994E-2	-2.623E+0	0.000E+0
2.869E+1	2.591E-2	-2.442E+0	0.000E+0
2.880E+1	2.822E-2	-2.211E+0	0.000E+0
2.890E+1	3.350E-2	-1.961E+0	0.000E+0
2.900E+1	3.753E-2	-1.742E+0	0.000E+0
2.909E+1	4.291E-2	-1.520E+0	0.000E+0
2.919E+1	4.691E-2	-1.347E+0	0.000E+0
2.930E+1	4.853E-2	-1.151E+0	0.000E+0
2.940E+1	5.631E-2	-8.696E-1	0.000E+0
2.950E+1	6.181E-2	-6.227E-1	0.000E+0
2.959E+1	6.456E-2	-4.242E-1	0.000E+0
2.969E+1	6.856E-2	-2.141E-1	0.000E+0
2.980E+1	7.312E-2	6.875E-2	0.000E+0
2.990E+1	8.012E-2	2.610E-1	0.000E+0
3.000E+1	8.259E-2	4.532E-1	0.000E+0
3.009E+1	8.703E-2	7.102E-1	0.000E+0
3.019E+1	9.063E-2	9.415E-1	0.000E+0
3.030E+1	9.641E-2	1.111E+0	0.000E+0
3.040E+1	1.030E-1	1.338E+0	0.000E+0
3.050E+1	1.098E-1	1.556E+0	0.000E+0
3.059E+1	1.179E-1	1.767E+0	0.000E+0
3.069E+1	1.192E-1	1.975E+0	0.000E+0
3.080E+1	1.225E-1	2.208E+0	0.000E+0
3.090E+1	1.297E-1	2.435E+0	0.000E+0
3.100E+1	1.306E-1	2.699E+0	0.000E+0
3.109E+1	1.372E-1	2.910E+0	0.000E+0
3.119E+1	1.423E-1	3.131E+0	0.000E+0
3.130E+1	1.421E-1	3.369E+0	0.000E+0
3.140E+1	1.474E-1	3.581E+0	0.000E+0
3.150E+1	1.490E-1	3.760E+0	0.000E+0
3.159E+1	1.542E-1	3.981E+0	0.000E+0
3.169E+1	1.567E-1	4.203E+0	0.000E+0
3.180E+1	1.591E-1	4.407E+0	0.000E+0
3.190E+1	1.642E-1	4.617E+0	0.000E+0
3.200E+1	1.646E-1	4.855E+0	0.000E+0
3.210E+1	1.705E-1	5.089E+0	0.000E+0
3.219E+1	1.736E-1	5.288E+0	0.000E+0
3.229E+1	1.740E-1	5.504E+0	0.000E+0
3.240E+1	1.795E-1	5.739E+0	0.000E+0
3.249E+1	1.802E-1	5.971E+0	0.000E+0
3.260E+1	1.829E-1	6.186E+0	0.000E+0
3.269E+1	1.852E-1	6.407E+0	0.000E+0
3.279E+1	1.880E-1	6.622E+0	0.000E+0
3.290E+1	1.942E-1	6.844E+0	0.000E+0
3.299E+1	1.951E-1	7.069E+0	0.000E+0
3.310E+1	1.993E-1	7.251E+0	0.000E+0
3.319E+1	2.054E-1	7.466E+0	0.000E+0
3.329E+1	2.081E-1	7.661E+0	0.000E+0
3.340E+1	2.149E-1	7.897E+0	0.000E+0
3.349E+1	2.181E-1	8.109E+0	0.000E+0
3.360E+1	2.251E-1	8.326E+0	0.000E+0
3.369E+1	2.323E-1	8.520E+0	0.000E+0
3.379E+1	2.404E-1	8.773E+0	0.000E+0
3.390E+1	2.443E-1	9.004E+0	0.000E+0
3.399E+1	2.483E-1	9.214E+0	0.000E+0
3.410E+1	2.560E-1	9.441E+0	0.000E+0
3.419E+1	2.588E-1	9.633E+0	0.000E+0
3.429E+1	2.634E-1	9.852E+0	0.000E+0
3.440E+1	2.659E-1	1.006E+1	0.000E+0
3.449E+1	2.683E-1	1.026E+1	0.000E+0
3.460E+1	2.718E-1	1.050E+1	0.000E+0
3.469E+1	2.704E-1	1.071E+1	0.000E+0
3.479E+1	2.717E-1	1.094E+1	0.000E+0
3.490E+1	2.856E-1	1.114E+1	0.000E+0
3.499E+1	2.594E-1	1.109E+1	0.000E+0
3.510E+1	2.433E-1	1.088E+1	0.000E+0
3.519E+1	2.307E-1	1.065E+1	0.000E+0
3.529E+1	2.208E-1	1.042E+1	0.000E+0
3.540E+1	2.091E-1	1.019E+1	0.000E+0
3.549E+1	1.991E-1	9.990E+0	0.000E+0
3.560E+1	1.927E-1	9.765E+0	0.000E+0
3.569E+1	1.845E-1	9.571E+0	0.000E+0
3.579E+1	1.783E-1	9.352E+0	0.000E+0
3.590E+1	1.701E-1	9.130E+0	0.000E+0
3.599E+1	1.630E-1	8.915E+0	0.000E+0
3.610E+1	1.585E-1	8.669E+0	0.000E+0
3.619E+1	1.663E-1	8.436E+0	0.000E+0
3.629E+1	1.442E-1	8.238E+0	0.000E+0
3.640E+1	1.396E-1	8.018E+0	0.000E+0
3.649E+1	1.363E-1	7.792E+0	0.000E+0
3.660E+1	1.310E-1	7.575E+0	0.000E+0
3.669E+1	1.250E-1	7.361E+0	0.000E+0
3.679E+1	1.197E-1	7.173E+0	0.000E+0
3.690E+1	1.123E-1	6.963E+0	0.000E+0
3.699E+1	1.068E-1	6.736E+0	0.000E+0
3.710E+1	1.032E-1	6.514E+0	0.000E+0
3.719E+1	9.553E-2	6.296E+0	0.000E+0
3.729E+1	9.156E-2	6.078E+0	0.000E+0
3.740E+1	8.309E-2	5.859E+0	0.000E+0
3.749E+1	8.084E-2	5.615E+0	0.000E+0
3.760E+1	7.338E-2	5.386E+0	0.000E+0
3.769E+1	6.847E-2	5.182E+0	0.000E+0
3.779E+1	6.084E-2	4.963E+0	0.000E+0
3.790E+1	5.422E-2	4.715E+0	0.000E+0
3.799E+1	4.409E-2	4.500E+0	0.000E+0
3.810E+1	4.297E-2	4.287E+0	0.000E+0
3.819E+1	3.528E-2	4.083E+0	0.000E+0
3.829E+1	2.844E-2	3.848E+0	0.000E+0
3.840E+1	2.419E-2	3.646E+0	0.000E+0
3.849E+1	1.741E-2	3.466E+0	0.000E+0
3.860E+1	1.234E-2	3.223E+0	0.000E+0
3.869E+1	-3.781E-3	2.995E+0	0.000E+0
3.879E+1	-5.219E-3	2.780E+0	0.000E+0
3.890E+1	-1.300E-2	2.524E+0	0.000E+0
3.899E+1	-1.606E-2	2.290E+0	0.000E+0
3.910E+1	-2.537E-2	2.056E+0	0.000E+0
3.919E+1	-2.734E-2	1.829E+0	0.000E+0
3.929E+1	-3.419E-2	1.625E+0	0.000E+0
3.940E+1	-4.075E-2	1.408E+0	0.000E+0
3.949E+1	-4.209E-2	1.179E+0	0.000E+0
3.960E+1	-5.047E-2	9.876E-1	0.000E+0
3.969E+1	-5.534E-2	7.868E-1	0.000E+0
3.979E+1	-5.863E-2	5.164E-1	0.000E+0
3.990E+1	-6.288E-2	3.117E-1	0.000E+0
3.999E+1	-6.609E-2	1.328E-1	0.000E+0
4.010E+1	-7.353E-2	-1.422E-1	0.000E+0
4.019E+1	-7.484E-2	-3.781E-1	0.000E+0
4.029E+1	-8.203E-2	-5.688E-1	0.000E+0
4.040E+1	-8.606E-2	-8.040E-1	0.000E+0
4.049E+1	-8.822E-2	-1.098E+0	0.000E+0
4.060E+1	-9.481E-2	-1.306E+0	0.000E+0
4.069E+1	-9.625E-2	-1.474E+0	0.000E+0
4.079E+1	-1.019E-1	-1.692E+0	0.000E+0
4.090E+1	-1.064E-1	-1.919E+0	0.000E+0
4.099E+1	-1.073E-1	-2.151E+0	0.000E+0
4.110E+1	-1.114E-1	-2.404E+0	0.000E+0
4.119E+1	-1.132E-1	-2.592E+0	0.000E+0
4.129E+1	-1.200E-1	-2.779E+0	0.000E+0
4.140E+1	-1.229E-1	-3.038E+0	0.000E+0
4.149E+1	-1.253E-1	-3.288E+0	0.000E+0
4.160E+1	-1.302E-1	-3.529E+0	0.000E+0
4.169E+1	-1.308E-1	-3.737E+0	0.000E+0
4.179E+1	-1.377E-1	-3.924E+0	0.000E+0
4.190E+1	-1.404E-1	-4.150E+0	0.000E+0
4.199E+1	-1.432E-1	-4.358E+0	0.000E+0
4.210E+1	-1.478E-1	-4.620E+0	0.000E+0
4.219E+1	-1.507E-1	-4.828E+0	0.000E+0
4.229E+1	-1.539E-1	-5.093E+0	0.000E+0
4.240E+1	-1.559E-1	-5.283E+0	0.000E+0
4.249E+1	-1.597E-1	-5.482E+0	0.000E+0
4.260E+1	-1.602E-1	-5.703E+0	0.000E+0
4.269E+1	-1.653E-1	-5.914E+0	0.000E+0
4.279E+1	-1.695E-1	-6.142E+0	0.000E+0
4.290E+1	-1.695E-1	-6.350E+0	0.000E+0
4.299E+1	-1.743E-1	-6.588E+0	0.000E+0
4.310E+1	-1.783E-1	-6.772E+0	0.000E+0
4.319E+1	-1.854E-1	-6.950E+0	0.000E+0
4.329E+1	-1.896E-1	-7.204E+0	0.000E+0
4.340E+1	-1.929E-1	-7.430E+0	0.000E+0
4.349E+1	-1.995E-1	-7.633E+0	0.000E+0
4.360E+1	-2.055E-1	-7.827E+0	0.000E+0
4.369E+1	-2.115E-1	-8.036E+0	0.000E+0
4.379E+1	-2.176E-1	-8.248E+0	0.000E+0
4.390E+1	-2.239E-1	-8.469E+0	0.000E+0
4.399E+1	-2.303E-1	-8.700E+0	0.000E+0
4.410E+1	-2.383E-1	-8.903E+0	0.000E+0
4.419E+1	-2.417E-1	-9.143E+0	0.000E+0
4.429E+1	-2.490E-1	-9.381E+0	0.000E+0
4.440E+1	-2.518E-1	-9.568E+0	0.000E+0
4.449E+1	-2.558E-1	-9.743E+0	0.000E+0
4.460E+1	-2.599E-1	-9.987E+0	0.000E+0
4.469E+1	-2.597E-1	-1.023E+1	0.000E+0
4.479E+1	-2.703E-1	-1.048E+1	0.000E+0
4.490E+1	-2.510E-1	-1.049E+1	0.000E+0
4.499E+1	-2.319E-1	-1.025E+1	0.000E+0
4.510E+1	-2.206E-1	-1.001E+1	0.000E+0
4.519E+1	-2.083E-1	-9.763E+0	0.000E+0
4.529E+1	-1.977E-1	-9.586E+0	0.000E+0
4.540E+1	-1.901E-1	-9.402E+0	0.000E+0
4.549E+1	-1.821E-1	-9.176E+0	0.000E+0
4.560E+1	-1.769E-1	-8.935E+0	0.000E+0
4.569E+1	-1.687E-1	-8.732E+0	0.000E+0
4.579E+1	-1.634E-1	-8.503E+0	0.000E+0
4.590E+1	-1.569E-1	-8.275E+0	0.000E+0
4.599E+1	-1.540E-1	-8.075E+0	0.000E+0
4.610E+1	-1.460E-1	-7.859E+0	0.000E+0
4.619E+1	-1.385E-1	-7.669E+0	0.000E+0
4.629E+1	-1.307E-1	-7.468E+0	0.000E+0
4.640E+1	-1.306E-1	-7.257E+0	0.000E+0
4.649E+1	-1.221E-1	-7.001E+0	0.000E+0
4.660E+1	-1.157E-1	-6.801E+0	0.000E+0
4.669E+1	-1.105E-1	-6.627E+0	0.000E+0
4.679E+1	-1.028E-1	-6.408E+0	0.000E+0
4.690E+1	-9.731E-2	-6.186E+0	0.000E+0
4.699E+1	-8.809E-2	-5.963E+0	0.000E+0
4.710E+1	-7.734E-2	-5.753E+0	0.000E+0
4.719E+1	-6.872E-2	-5.533E+0	0.000E+0
4.729E+1	-5.969E-2	-5.331E+0	0.000E+0
4.740E+1	-5.456E-2	-5.154E+0	0.000E+0
4.749E+1	-4.875E-2	-4.886E+0	0.000E+0
4.760E+1	-3.891E-2	-4.685E+0	0.000E+0
4.769E+1	-3.522E-2	-4.425E+0	0.000E+0
4.779E+1	-2.084E-2	-4.204E+0	0.000E+0
4.790E+1	-2.303E-2	-3.982E+0	0.000E+0
4.799E+1	-1.531E-2	-3.788E+0	0.000E+0
4.810E+1	-7.250E-3	-3.593E+0	0.000E+0
4.819E+1	-2.563E-3	-3.363E+0	0.000E+0
4.829E+1	4.781E-3	-3.121E+0	0.000E+0
4.840E+1	9.594E-3	-2.851E+0	0.000E+0
4.849E+1	1.553E-2	-2.642E+0	0.000E+0
4.860E+1	2.381E-2	-2.464E+0	0.000E+0
4.869E+1	2.616E-2	-2.243E+0	0.000E+0
4.879E+1	3.297E-2	-1.988E+0	0.000E+0
4.890E+1	4.081E-2	-1.772E+0	0.000E+0
4.899E+1	4.188E-2	-1.545E+0	0.000E+0
4.910E+1	4.953E-2	-1.367E+0	0.000E+0
4.919E+1	5.187E-2	-1.175E+0	0.000E+0
4.929E+1	5.628E-2	-9.102E-1	0.000E+0
4.940E+1	6.069E-2	-6.454E-1	0.000E+0
4.949E+1	6.494E-2	-4.469E-1	0.000E+0
4.960E+1	7.175E-2	-2.461E-1	0.000E+0
4.969E+1	7.444E-2	3.281E-2	0.000E+0
4.979E+1	8.028E-2	2.391E-1	0.000E+0
4.990E+1	8.500E-2	4.250E-1	0.000E+0
