-5.000E-3	-4.218E-1	3.938E-1	0.000E+0
9.500E-2	-4.251E-1	2.125E-1	0.000E+0
1.950E-1	-4.291E-1	-1.719E-2	0.000E+0
2.950E-1	-4.261E-1	-2.906E-1	0.000E+0
3.950E-1	-4.254E-1	-4.813E-1	0.000E+0
4.950E-1	-4.233E-1	-6.891E-1	0.000E+0
5.950E-1	-4.191E-1	-9.680E-1	0.000E+0
6.950E-1	-4.127E-1	-1.221E+0	0.000E+0
7.950E-1	-4.056E-1	-1.402E+0	0.000E+0
8.950E-1	-3.969E-1	-1.595E+0	0.000E+0
9.950E-1	-3.883E-1	-1.823E+0	0.000E+0
1.095E+0	-3.785E-1	-2.037E+0	0.000E+0
1.195E+0	-3.705E-1	-2.308E+0	0.000E+0
1.295E+0	-3.624E-1	-2.510E+0	0.000E+0
1.395E+0	-3.549E-1	-2.690E+0	0.000E+0
1.495E+0	-3.490E-1	-2.915E+0	0.000E+0
1.595E+0	-3.457E-1	-3.184E+0	0.000E+0
1.695E+0	-3.406E-1	-3.426E+0	0.000E+0
1.795E+0	-3.375E-1	-3.651E+0	0.000E+0
1.895E+0	-3.352E-1	-3.838E+0	0.000E+0
1.995E+0	-3.285E-1	-4.056E+0	0.000E+0
2.095E+0	-3.218E-1	-4.258E+0	0.000E+0
2.195E+0	-3.145E-1	-4.500E+0	0.000E+0
2.295E+0	-3.062E-1	-4.746E+0	0.000E+0
2.395E+0	-3.057E-1	-4.962E+0	0.000E+0
2.495E+0	-2.894E-1	-5.207E+0	0.000E+0
2.595E+0	-2.801E-1	-5.393E+0	0.000E+0
2.695E+0	-2.724E-1	-5.603E+0	0.000E+0
2.795E+0	-2.628E-1	-5.816E+0	0.000E+0
2.895E+0	-2.536E-1	-6.036E+0	0.000E+0
2.995E+0	-2.475E-1	-6.250E+0	0.000E+0
3.095E+0	-2.415E-1	-6.482E+0	0.000E+0
3.195E+0	-2.337E-1	-6.694E+0	0.000E+0
3.295E+0	-2.361E-1	-6.854E+0	0.000E+0
3.395E+0	-2.262E-1	-7.087E+0	0.000E+0
3.495E+0	-2.220E-1	-7.336E+0	0.000E+0
3.595E+0	-2.207E-1	-7.541E+0	0.000E+0
3.695E+0	-2.170E-1	-7.743E+0	0.000E+0
3.795E+0	-2.175E-1	-7.936E+0	0.000E+0
3.895E+0	-2.176E-1	-8.156E+0	0.000E+0
3.995E+0	-2.142E-1	-8.363E+0	0.000E+0
4.095E+0	-2.169E-1	-8.599E+0	0.000E+0
4.195E+0	-2.173E-1	-8.814E+0	0.000E+0
4.295E+0	-2.158E-1	-9.030E+0	0.000E+0
4.395E+0	-2.174E-1	-9.282E+0	0.000E+0
4.495E+0	-2.191E-1	-9.490E+0	0.000E+0
4.595E+0	-2.183E-1	-9.651E+0	0.000E+0
4.695E+0	-2.201E-1	-9.871E+0	0.000E+0
4.795E+0	-2.200E-1	-1.013E+1	0.000E+0
4.895E+0	-2.220E-1	-1.037E+1	0.000E+0
4.995E+0	-2.610E-1	-1.057E+1	0.000E+0
5.095E+0	-2.533E-1	-1.039E+1	0.000E+0
5.195E+0	-2.441E-1	-1.015E+1	0.000E+0
5.295E+0	-2.319E-1	-9.901E+0	0.000E+0
5.395E+0	-2.225E-1	-9.674E+0	0.000E+0
5.495E+0	-2.145E-1	-9.512E+0	0.000E+0
5.595E+0	-2.035E-1	-9.312E+0	0.000E+0
5.695E+0	-1.925E-1	-9.066E+0	0.000E+0
5.795E+0	-1.832E-1	-8.838E+0	0.000E+0
5.895E+0	-1.727E-1	-8.633E+0	0.000E+0
5.995E+0	-1.605E-1	-8.403E+0	0.000E+0
6.095E+0	-1.489E-1	-8.192E+0	0.000E+0
6.195E+0	-1.361E-1	-7.979E+0	0.000E+0
6.295E+0	-1.237E-1	-7.775E+0	0.000E+0
6.395E+0	-1.107E-1	-7.583E+0	0.000E+0
6.495E+0	-9.866E-2	-7.380E+0	0.000E+0
6.595E+0	-8.316E-2	-7.142E+0	0.000E+0
6.695E+0	-6.787E-2	-6.896E+0	0.000E+0
6.795E+0	-5.244E-2	-6.733E+0	0.000E+0
6.895E+0	-3.481E-2	-6.535E+0	0.000E+0
6.995E+0	-2.022E-2	-6.294E+0	0.000E+0
7.095E+0	-1.375E-3	-6.085E+0	0.000E+0
7.195E+0	1.906E-2	-5.857E+0	0.000E+0
7.295E+0	3.891E-2	-5.656E+0	0.000E+0
7.395E+0	5.894E-2	-5.437E+0	0.000E+0
7.495E+0	8.181E-2	-5.247E+0	0.000E+0
7.595E+0	1.039E-1	-5.035E+0	0.000E+0
7.695E+0	1.254E-1	-4.790E+0	0.000E+0
7.795E+0	1.481E-1	-4.567E+0	0.000E+0
7.895E+0	1.702E-1	-4.313E+0	0.000E+0
7.995E+0	1.904E-1	-4.107E+0	0.000E+0
8.095E+0	2.074E-1	-3.885E+0	0.000E+0
8.195E+0	2.243E-1	-3.699E+0	0.000E+0
8.295E+0	2.403E-1	-3.490E+0	0.000E+0
8.395E+0	2.524E-1	-3.248E+0	0.000E+0
8.495E+0	2.620E-1	-2.997E+0	0.000E+0
8.595E+0	2.761E-1	-2.749E+0	0.000E+0
8.695E+0	2.886E-1	-2.566E+0	0.000E+0
8.795E+0	3.032E-1	-2.376E+0	0.000E+0
8.895E+0	3.163E-1	-2.113E+0	0.000E+0
8.995E+0	3.316E-1	-1.891E+0	0.000E+0
9.095E+0	3.480E-1	-1.667E+0	0.000E+0
9.195E+0	3.636E-1	-1.453E+0	0.000E+0
9.295E+0	3.745E-1	-1.285E+0	0.000E+0
9.395E+0	3.888E-1	-1.066E+0	0.000E+0
9.495E+0	3.985E-1	-7.735E-1	0.000E+0
9.595E+0	4.089E-1	-5.508E-1	0.000E+0
9.695E+0	4.194E-1	-3.625E-1	0.000E+0
9.795E+0	4.246E-1	-1.203E-1	0.000E+0
9.895E+0	4.335E-1	1.469E-1	0.000E+0
9.995E+0	4.347E-1	3.235E-1	0.000E+0
1.010E+1	4.405E-1	5.297E-1	0.000E+0
1.019E+1	4.434E-1	8.008E-1	0.000E+0
1.030E+1	4.446E-1	9.969E-1	0.000E+0
1.040E+1	4.433E-1	1.185E+0	0.000E+0
1.049E+1	4.416E-1	1.413E+0	0.000E+0
1.060E+1	4.384E-1	1.631E+0	0.000E+0
1.069E+1	4.369E-1	1.831E+0	0.000E+0
1.080E+1	4.324E-1	2.053E+0	0.000E+0
1.090E+1	4.296E-1	2.288E+0	0.000E+0
1.099E+1	4.195E-1	2.521E+0	0.000E+0
1.110E+1	4.125E-1	2.776E+0	0.000E+0
1.119E+1	4.065E-1	2.984E+0	0.000E+0
1.130E+1	3.956E-1	3.211E+0	0.000E+0
1.140E+1	3.910E-1	3.451E+0	0.000E+0
1.149E+1	3.867E-1	3.636E+0	0.000E+0
1.160E+1	3.753E-1	3.831E+0	0.000E+0
1.169E+1	3.760E-1	4.064E+0	0.000E+0
1.180E+1	3.688E-1	4.267E+0	0.000E+0
1.190E+1	3.659E-1	4.480E+0	0.000E+0
1.199E+1	3.639E-1	4.690E+0	0.000E+0
1.210E+1	3.565E-1	4.935E+0	0.000E+0
1.219E+1	3.503E-1	5.157E+0	0.000E+0
1.230E+1	3.450E-1	5.356E+0	0.000E+0
1.240E+1	3.335E-1	5.583E+0	0.000E+0
1.249E+1	3.248E-1	5.823E+0	0.000E+0
1.260E+1	3.113E-1	6.044E+0	0.000E+0
1.269E+1	2.993E-1	6.262E+0	0.000E+0
1.280E+1	2.918E-1	6.479E+0	0.000E+0
1.290E+1	2.798E-1	6.698E+0	0.000E+0
1.299E+1	2.705E-1	6.921E+0	0.000E+0
1.310E+1	2.653E-1	7.135E+0	0.000E+0
1.319E+1	2.569E-1	7.317E+0	0.000E+0
1.330E+1	2.523E-1	7.536E+0	0.000E+0
1.340E+1	2.483E-1	7.736E+0	0.000E+0
1.349E+1	2.426E-1	7.972E+0	0.000E+0
1.360E+1	2.411E-1	8.186E+0	0.000E+0
1.369E+1	2.370E-1	8.394E+0	0.000E+0
1.380E+1	2.358E-1	8.601E+0	0.000E+0
1.390E+1	2.364E-1	8.858E+0	0.000E+0
1.399E+1	2.329E-1	9.069E+0	0.000E+0
1.410E+1	2.350E-1	9.287E+0	0.000E+0
1.419E+1	2.357E-1	9.512E+0	0.000E+0
1.430E+1	2.363E-1	9.697E+0	0.000E+0
1.440E+1	2.366E-1	9.922E+0	0.000E+0
1.449E+1	2.370E-1	1.013E+1	0.000E+0
1.460E+1	2.400E-1	1.033E+1	0.000E+0
1.469E+1	2.409E-1	1.057E+1	0.000E+0
1.480E+1	2.442E-1	1.079E+1	0.000E+0
1.490E+1	2.469E-1	1.100E+1	0.000E+0
1.499E+1	2.823E-1	1.117E+1	0.000E+0
1.510E+1	2.738E-1	1.101E+1	0.000E+0
1.519E+1	2.612E-1	1.079E+1	0.000E+0
1.530E+1	2.531E-1	1.057E+1	0.000E+0
1.540E+1	2.439E-1	1.032E+1	0.000E+0
1.549E+1	2.332E-1	1.012E+1	0.000E+0
1.560E+1	2.231E-1	9.910E+0	0.000E+0
1.569E+1	2.130E-1	9.685E+0	0.000E+0
1.580E+1	2.000E-1	9.493E+0	0.000E+0
1.590E+1	1.904E-1	9.264E+0	0.000E+0
1.599E+1	1.801E-1	9.047E+0	0.000E+0
1.609E+1	1.661E-1	8.823E+0	0.000E+0
1.619E+1	1.549E-1	8.572E+0	0.000E+0
1.630E+1	1.436E-1	8.368E+0	0.000E+0
1.640E+1	1.274E-1	8.151E+0	0.000E+0
1.650E+1	1.133E-1	7.940E+0	0.000E+0
1.659E+1	9.816E-2	7.698E+0	0.000E+0
1.669E+1	8.381E-2	7.498E+0	0.000E+0
1.680E+1	6.672E-2	7.279E+0	0.000E+0
1.690E+1	4.644E-2	7.099E+0	0.000E+0
1.700E+1	2.853E-2	6.872E+0	0.000E+0
1.709E+1	9.437E-3	6.648E+0	0.000E+0
1.719E+1	-1.109E-2	6.427E+0	0.000E+0
1.730E+1	-3.419E-2	6.206E+0	0.000E+0
1.740E+1	-5.541E-2	5.986E+0	0.000E+0
1.750E+1	-7.884E-2	5.753E+0	0.000E+0
1.759E+1	-9.938E-2	5.517E+0	0.000E+0
1.769E+1	-1.218E-1	5.294E+0	0.000E+0
1.780E+1	-1.419E-1	5.097E+0	0.000E+0
1.790E+1	-1.630E-1	4.857E+0	0.000E+0
1.800E+1	-1.790E-1	4.621E+0	0.000E+0
1.809E+1	-1.943E-1	4.410E+0	0.000E+0
1.819E+1	-2.082E-1	4.201E+0	0.000E+0
1.830E+1	-2.160E-1	3.982E+0	0.000E+0
1.840E+1	-2.287E-1	3.756E+0	0.000E+0
1.850E+1	-2.411E-1	3.579E+0	0.000E+0
1.859E+1	-2.576E-1	3.361E+0	0.000E+0
1.869E+1	-2.705E-1	3.124E+0	0.000E+0
1.880E+1	-2.855E-1	2.902E+0	0.000E+0
1.890E+1	-3.033E-1	2.680E+0	0.000E+0
1.900E+1	-3.202E-1	2.419E+0	0.000E+0
1.909E+1	-3.448E-1	2.186E+0	0.000E+0
1.919E+1	-3.528E-1	1.953E+0	0.000E+0
1.930E+1	-3.689E-1	1.743E+0	0.000E+0
1.940E+1	-3.801E-1	1.532E+0	0.000E+0
1.950E+1	-3.875E-1	1.313E+0	0.000E+0
1.959E+1	-3.992E-1	1.084E+0	0.000E+0
1.969E+1	-4.054E-1	9.165E-1	0.000E+0
1.980E+1	-4.109E-1	6.766E-1	0.000E+0
1.990E+1	-4.153E-1	4.211E-1	0.000E+0
2.000E+1	-4.220E-1	2.336E-1	0.000E+0
2.009E+1	-4.199E-1	2.813E-2	0.000E+0
2.019E+1	-4.211E-1	-2.578E-1	0.000E+0
2.030E+1	-4.188E-1	-4.547E-1	0.000E+0
2.040E+1	-4.184E-1	-6.586E-1	0.000E+0
2.050E+1	-4.147E-1	-9.219E-1	0.000E+0
2.059E+1	-4.070E-1	-1.191E+0	0.000E+0
2.069E+1	-4.036E-1	-1.377E+0	0.000E+0
2.080E+1	-3.952E-1	-1.561E+0	0.000E+0
2.090E+1	-3.893E-1	-1.792E+0	0.000E+0
2.100E+1	-3.812E-1	-2.006E+0	0.000E+0
2.109E+1	-3.708E-1	-2.270E+0	0.000E+0
2.119E+1	-3.658E-1	-2.486E+0	0.000E+0
2.130E+1	-3.585E-1	-2.663E+0	0.000E+0
2.140E+1	-3.513E-1	-2.881E+0	0.000E+0
2.150E+1	-3.475E-1	-3.148E+0	0.000E+0
2.159E+1	-3.442E-1	-3.392E+0	0.000E+0
2.169E+1	-3.406E-1	-3.618E+0	0.000E+0
2.180E+1	-3.369E-1	-3.814E+0	0.000E+0
2.190E+1	-3.304E-1	-4.020E+0	0.000E+0
2.200E+1	-3.263E-1	-4.232E+0	0.000E+0
2.209E+1	-3.173E-1	-4.467E+0	0.000E+0
2.219E+1	-3.089E-1	-4.721E+0	0.000E+0
2.230E+1	-3.006E-1	-4.920E+0	0.000E+0
2.240E+1	-2.911E-1	-5.183E+0	0.000E+0
2.250E+1	-2.813E-1	-5.364E+0	0.000E+0
2.259E+1	-2.684E-1	-5.571E+0	0.000E+0
2.269E+1	-2.602E-1	-5.788E+0	0.000E+0
2.280E+1	-2.529E-1	-6.004E+0	0.000E+0
2.290E+1	-2.436E-1	-6.220E+0	0.000E+0
2.300E+1	-2.368E-1	-6.450E+0	0.000E+0
2.309E+1	-2.313E-1	-6.666E+0	0.000E+0
2.319E+1	-2.293E-1	-6.832E+0	0.000E+0
2.330E+1	-2.218E-1	-7.050E+0	0.000E+0
2.340E+1	-2.193E-1	-7.303E+0	0.000E+0
2.350E+1	-2.169E-1	-7.515E+0	0.000E+0
2.359E+1	-2.164E-1	-7.717E+0	0.000E+0
2.369E+1	-2.140E-1	-7.908E+0	0.000E+0
2.380E+1	-2.145E-1	-8.128E+0	0.000E+0
2.390E+1	-2.136E-1	-8.333E+0	0.000E+0
2.400E+1	-2.150E-1	-8.565E+0	0.000E+0
2.409E+1	-2.155E-1	-8.784E+0	0.000E+0
2.419E+1	-2.147E-1	-8.998E+0	0.000E+0
2.430E+1	-2.168E-1	-9.247E+0	0.000E+0
2.440E+1	-2.198E-1	-9.462E+0	0.000E+0
2.450E+1	-2.202E-1	-9.628E+0	0.000E+0
2.459E+1	-2.222E-1	-9.839E+0	0.000E+0
2.469E+1	-2.240E-1	-1.009E+1	0.000E+0
2.480E+1	-2.253E-1	-1.033E+1	0.000E+0
2.490E+1	-2.609E-1	-1.056E+1	0.000E+0
2.500E+1	-2.605E-1	-1.041E+1	0.000E+0
2.509E+1	-2.494E-1	-1.017E+1	0.000E+0
2.519E+1	-2.402E-1	-9.925E+0	0.000E+0
2.530E+1	-2.298E-1	-9.689E+0	0.000E+0
2.540E+1	-2.204E-1	-9.530E+0	0.000E+0
2.550E+1	-2.129E-1	-9.335E+0	0.000E+0
2.559E+1	-2.000E-1	-9.089E+0	0.000E+0
2.569E+1	-1.929E-1	-8.858E+0	0.000E+0
2.580E+1	-1.830E-1	-8.659E+0	0.000E+0
2.590E+1	-1.737E-1	-8.426E+0	0.000E+0
2.600E+1	-1.639E-1	-8.212E+0	0.000E+0
2.609E+1	-1.508E-1	-8.000E+0	0.000E+0
2.619E+1	-1.421E-1	-7.797E+0	0.000E+0
2.630E+1	-1.298E-1	-7.600E+0	0.000E+0
2.640E+1	-1.148E-1	-7.399E+0	0.000E+0
2.650E+1	-1.018E-1	-7.164E+0	0.000E+0
2.659E+1	-8.878E-2	-6.914E+0	0.000E+0
2.669E+1	-7.297E-2	-6.747E+0	0.000E+0
2.680E+1	-5.553E-2	-6.557E+0	0.000E+0
2.690E+1	-3.712E-2	-6.315E+0	0.000E+0
2.700E+1	-1.781E-2	-6.107E+0	0.000E+0
2.709E+1	-1.156E-3	-5.880E+0	0.000E+0
2.719E+1	2.106E-2	-5.678E+0	0.000E+0
2.730E+1	4.091E-2	-5.456E+0	0.000E+0
2.740E+1	6.622E-2	-5.264E+0	0.000E+0
2.750E+1	9.334E-2	-5.060E+0	0.000E+0
2.759E+1	1.154E-1	-4.806E+0	0.000E+0
2.769E+1	1.367E-1	-4.589E+0	0.000E+0
2.780E+1	1.614E-1	-4.337E+0	0.000E+0
2.790E+1	1.808E-1	-4.128E+0	0.000E+0
2.800E+1	1.984E-1	-3.903E+0	0.000E+0
2.809E+1	2.183E-1	-3.721E+0	0.000E+0
2.819E+1	2.339E-1	-3.513E+0	0.000E+0
2.830E+1	2.472E-1	-3.274E+0	0.000E+0
2.840E+1	2.570E-1	-3.024E+0	0.000E+0
2.850E+1	2.676E-1	-2.769E+0	0.000E+0
2.859E+1	2.835E-1	-2.580E+0	0.000E+0
2.869E+1	2.948E-1	-2.395E+0	0.000E+0
2.880E+1	3.102E-1	-2.135E+0	0.000E+0
2.890E+1	3.286E-1	-1.912E+0	0.000E+0
2.900E+1	3.421E-1	-1.690E+0	0.000E+0
2.909E+1	3.604E-1	-1.470E+0	0.000E+0
2.919E+1	3.748E-1	-1.303E+0	0.000E+0
2.930E+1	3.870E-1	-1.094E+0	0.000E+0
2.940E+1	4.012E-1	-7.993E-1	0.000E+0
2.950E+1	4.102E-1	-5.688E-1	0.000E+0
2.959E+1	4.169E-1	-3.789E-1	0.000E+0
2.969E+1	4.263E-1	-1.453E-1	0.000E+0
2.980E+1	4.322E-1	1.289E-1	0.000E+0
2.990E+1	4.393E-1	3.047E-1	0.000E+0
3.000E+1	4.416E-1	5.094E-1	0.000E+0
3.009E+1	4.437E-1	7.766E-1	0.000E+0
3.019E+1	4.464E-1	9.813E-1	0.000E+0
3.030E+1	4.453E-1	1.161E+0	0.000E+0
3.040E+1	4.431E-1	1.391E+0	0.000E+0
3.050E+1	4.420E-1	1.605E+0	0.000E+0
3.059E+1	4.368E-1	1.811E+0	0.000E+0
3.069E+1	4.327E-1	2.034E+0	0.000E+0
3.080E+1	4.250E-1	2.267E+0	0.000E+0
3.090E+1	4.176E-1	2.497E+0	0.000E+0
3.100E+1	4.106E-1	2.753E+0	0.000E+0
3.109E+1	4.017E-1	2.964E+0	0.000E+0
3.119E+1	3.914E-1	3.188E+0	0.000E+0
3.130E+1	3.840E-1	3.430E+0	0.000E+0
3.140E+1	3.785E-1	3.621E+0	0.000E+0
3.150E+1	3.744E-1	3.812E+0	0.000E+0
3.159E+1	3.675E-1	4.041E+0	0.000E+0
3.169E+1	3.650E-1	4.248E+0	0.000E+0
3.180E+1	3.616E-1	4.458E+0	0.000E+0
3.190E+1	3.626E-1	4.669E+0	0.000E+0
3.200E+1	3.529E-1	4.907E+0	0.000E+0
3.210E+1	3.494E-1	5.135E+0	0.000E+0
3.219E+1	3.436E-1	5.334E+0	0.000E+0
3.229E+1	3.333E-1	5.561E+0	0.000E+0
3.240E+1	3.224E-1	5.799E+0	0.000E+0
3.249E+1	3.122E-1	6.026E+0	0.000E+0
3.260E+1	3.012E-1	6.241E+0	0.000E+0
3.269E+1	2.937E-1	6.457E+0	0.000E+0
3.279E+1	2.824E-1	6.675E+0	0.000E+0
3.290E+1	2.749E-1	6.897E+0	0.000E+0
3.299E+1	2.694E-1	7.119E+0	0.000E+0
3.310E+1	2.626E-1	7.300E+0	0.000E+0
3.319E+1	2.567E-1	7.516E+0	0.000E+0
3.329E+1	2.525E-1	7.716E+0	0.000E+0
3.340E+1	2.489E-1	7.953E+0	0.000E+0
3.349E+1	2.484E-1	8.165E+0	0.000E+0
3.360E+1	2.432E-1	8.376E+0	0.000E+0
3.369E+1	2.409E-1	8.579E+0	0.000E+0
3.379E+1	2.410E-1	8.833E+0	0.000E+0
3.390E+1	2.412E-1	9.054E+0	0.000E+0
3.399E+1	2.410E-1	9.262E+0	0.000E+0
3.410E+1	2.437E-1	9.490E+0	0.000E+0
3.419E+1	2.451E-1	9.679E+0	0.000E+0
3.429E+1	2.501E-1	9.900E+0	0.000E+0
3.440E+1	2.503E-1	1.011E+1	0.000E+0
3.449E+1	2.538E-1	1.030E+1	0.000E+0
3.460E+1	2.576E-1	1.055E+1	0.000E+0
3.469E+1	2.598E-1	1.077E+1	0.000E+0
3.479E+1	2.607E-1	1.098E+1	0.000E+0
3.490E+1	2.966E-1	1.116E+1	0.000E+0
3.499E+1	2.938E-1	1.102E+1	0.000E+0
3.510E+1	2.813E-1	1.081E+1	0.000E+0
3.519E+1	2.697E-1	1.058E+1	0.000E+0
3.529E+1	2.595E-1	1.034E+1	0.000E+0
3.540E+1	2.505E-1	1.013E+1	0.000E+0
3.549E+1	2.411E-1	9.928E+0	0.000E+0
3.560E+1	2.283E-1	9.700E+0	0.000E+0
3.569E+1	2.137E-1	9.512E+0	0.000E+0
3.579E+1	1.991E-1	9.282E+0	0.000E+0
3.590E+1	1.889E-1	9.064E+0	0.000E+0
3.599E+1	1.778E-1	8.845E+0	0.000E+0
3.610E+1	1.648E-1	8.592E+0	0.000E+0
3.619E+1	1.506E-1	8.382E+0	0.000E+0
3.629E+1	1.397E-1	8.170E+0	0.000E+0
3.640E+1	1.222E-1	7.955E+0	0.000E+0
3.649E+1	1.059E-1	7.716E+0	0.000E+0
3.660E+1	8.803E-2	7.518E+0	0.000E+0
3.669E+1	7.328E-2	7.297E+0	0.000E+0
3.679E+1	5.638E-2	7.117E+0	0.000E+0
3.690E+1	3.819E-2	6.892E+0	0.000E+0
3.699E+1	1.691E-2	6.669E+0	0.000E+0
3.710E+1	-2.906E-3	6.447E+0	0.000E+0
3.719E+1	-2.703E-2	6.229E+0	0.000E+0
3.729E+1	-5.069E-2	6.006E+0	0.000E+0
3.740E+1	-7.169E-2	5.773E+0	0.000E+0
3.749E+1	-9.850E-2	5.533E+0	0.000E+0
3.760E+1	-1.202E-1	5.310E+0	0.000E+0
3.769E+1	-1.399E-1	5.110E+0	0.000E+0
3.779E+1	-1.624E-1	4.875E+0	0.000E+0
3.790E+1	-1.787E-1	4.636E+0	0.000E+0
3.799E+1	-1.950E-1	4.426E+0	0.000E+0
3.810E+1	-2.078E-1	4.219E+0	0.000E+0
3.819E+1	-2.179E-1	3.999E+0	0.000E+0
3.829E+1	-2.307E-1	3.776E+0	0.000E+0
3.840E+1	-2.428E-1	3.592E+0	0.000E+0
3.849E+1	-2.547E-1	3.381E+0	0.000E+0
3.860E+1	-2.704E-1	3.143E+0	0.000E+0
3.869E+1	-2.850E-1	2.920E+0	0.000E+0
3.879E+1	-3.052E-1	2.706E+0	0.000E+0
3.890E+1	-3.202E-1	2.439E+0	0.000E+0
3.899E+1	-3.350E-1	2.210E+0	0.000E+0
3.910E+1	-3.493E-1	1.974E+0	0.000E+0
3.919E+1	-3.649E-1	1.765E+0	0.000E+0
3.929E+1	-3.742E-1	1.552E+0	0.000E+0
3.940E+1	-3.843E-1	1.330E+0	0.000E+0
3.949E+1	-3.922E-1	1.105E+0	0.000E+0
3.960E+1	-4.006E-1	9.329E-1	0.000E+0
3.969E+1	-4.054E-1	7.008E-1	0.000E+0
3.979E+1	-4.111E-1	4.391E-1	0.000E+0
3.990E+1	-4.123E-1	2.508E-1	0.000E+0
3.999E+1	-4.176E-1	5.313E-2	0.000E+0
4.010E+1	-4.170E-1	-2.344E-1	0.000E+0
4.019E+1	-4.163E-1	-4.367E-1	0.000E+0
4.029E+1	-4.152E-1	-6.391E-1	0.000E+0
4.040E+1	-4.131E-1	-9.040E-1	0.000E+0
4.049E+1	-4.078E-1	-1.177E+0	0.000E+0
4.060E+1	-4.023E-1	-1.366E+0	0.000E+0
4.069E+1	-3.944E-1	-1.544E+0	0.000E+0
4.079E+1	-3.899E-1	-1.770E+0	0.000E+0
4.090E+1	-3.811E-1	-1.991E+0	0.000E+0
4.099E+1	-3.731E-1	-2.249E+0	0.000E+0
4.110E+1	-3.668E-1	-2.471E+0	0.000E+0
4.119E+1	-3.624E-1	-2.649E+0	0.000E+0
4.129E+1	-3.554E-1	-2.861E+0	0.000E+0
4.140E+1	-3.516E-1	-3.130E+0	0.000E+0
4.149E+1	-3.500E-1	-3.371E+0	0.000E+0
4.160E+1	-3.444E-1	-3.597E+0	0.000E+0
4.169E+1	-3.431E-1	-3.799E+0	0.000E+0
4.179E+1	-3.377E-1	-4.004E+0	0.000E+0
4.190E+1	-3.312E-1	-4.220E+0	0.000E+0
4.199E+1	-3.262E-1	-4.442E+0	0.000E+0
4.210E+1	-3.159E-1	-4.705E+0	0.000E+0
4.219E+1	-3.091E-1	-4.903E+0	0.000E+0
4.229E+1	-2.983E-1	-5.168E+0	0.000E+0
4.240E+1	-2.887E-1	-5.349E+0	0.000E+0
4.249E+1	-2.813E-1	-5.554E+0	0.000E+0
4.260E+1	-2.733E-1	-5.771E+0	0.000E+0
4.269E+1	-2.652E-1	-5.985E+0	0.000E+0
4.279E+1	-2.606E-1	-6.205E+0	0.000E+0
4.290E+1	-2.528E-1	-6.432E+0	0.000E+0
4.299E+1	-2.492E-1	-6.653E+0	0.000E+0
4.310E+1	-2.444E-1	-6.821E+0	0.000E+0
4.319E+1	-2.375E-1	-7.032E+0	0.000E+0
4.329E+1	-2.393E-1	-7.286E+0	0.000E+0
4.340E+1	-2.344E-1	-7.498E+0	0.000E+0
4.349E+1	-2.318E-1	-7.699E+0	0.000E+0
4.360E+1	-2.307E-1	-7.893E+0	0.000E+0
4.369E+1	-2.293E-1	-8.108E+0	0.000E+0
4.379E+1	-2.301E-1	-8.315E+0	0.000E+0
4.390E+1	-2.306E-1	-8.545E+0	0.000E+0
4.399E+1	-2.285E-1	-8.770E+0	0.000E+0
4.410E+1	-2.247E-1	-8.976E+0	0.000E+0
4.419E+1	-2.274E-1	-9.229E+0	0.000E+0
4.429E+1	-2.247E-1	-9.444E+0	0.000E+0
4.440E+1	-2.270E-1	-9.618E+0	0.000E+0
4.449E+1	-2.295E-1	-9.819E+0	0.000E+0
4.460E+1	-2.293E-1	-1.007E+1	0.000E+0
4.469E+1	-2.328E-1	-1.031E+1	0.000E+0
4.479E+1	-2.561E-1	-1.055E+1	0.000E+0
4.490E+1	-2.685E-1	-1.045E+1	0.000E+0
4.499E+1	-2.563E-1	-1.020E+1	0.000E+0
4.510E+1	-2.444E-1	-9.953E+0	0.000E+0
4.519E+1	-2.366E-1	-9.716E+0	0.000E+0
4.529E+1	-2.278E-1	-9.548E+0	0.000E+0
4.540E+1	-2.155E-1	-9.359E+0	0.000E+0
4.549E+1	-2.088E-1	-9.121E+0	0.000E+0
4.560E+1	-1.979E-1	-8.886E+0	0.000E+0
4.569E+1	-1.849E-1	-8.684E+0	0.000E+0
4.579E+1	-1.757E-1	-8.457E+0	0.000E+0
4.590E+1	-1.618E-1	-8.236E+0	0.000E+0
4.599E+1	-1.538E-1	-8.029E+0	0.000E+0
4.610E+1	-1.422E-1	-7.818E+0	0.000E+0
4.619E+1	-1.272E-1	-7.622E+0	0.000E+0
4.629E+1	-1.190E-1	-7.425E+0	0.000E+0
4.640E+1	-1.032E-1	-7.197E+0	0.000E+0
4.649E+1	-8.678E-2	-6.947E+0	0.000E+0
4.660E+1	-7.275E-2	-6.768E+0	0.000E+0
4.669E+1	-5.412E-2	-6.582E+0	0.000E+0
4.679E+1	-3.916E-2	-6.347E+0	0.000E+0
4.690E+1	-2.053E-2	-6.136E+0	0.000E+0
4.699E+1	-4.687E-4	-5.907E+0	0.000E+0
4.710E+1	1.859E-2	-5.700E+0	0.000E+0
4.719E+1	4.328E-2	-5.484E+0	0.000E+0
4.729E+1	6.247E-2	-5.285E+0	0.000E+0
4.740E+1	8.691E-2	-5.099E+0	0.000E+0
4.749E+1	1.079E-1	-4.832E+0	0.000E+0
4.760E+1	1.309E-1	-4.625E+0	0.000E+0
4.769E+1	1.517E-1	-4.367E+0	0.000E+0
4.779E+1	1.735E-1	-4.160E+0	0.000E+0
4.790E+1	1.927E-1	-3.932E+0	0.000E+0
4.799E+1	2.079E-1	-3.746E+0	0.000E+0
4.810E+1	2.237E-1	-3.544E+0	0.000E+0
4.819E+1	2.401E-1	-3.304E+0	0.000E+0
4.829E+1	2.497E-1	-3.055E+0	0.000E+0
4.840E+1	2.627E-1	-2.797E+0	0.000E+0
4.849E+1	2.758E-1	-2.604E+0	0.000E+0
4.860E+1	2.898E-1	-2.418E+0	0.000E+0
4.869E+1	3.071E-1	-2.169E+0	0.000E+0
4.879E+1	3.214E-1	-1.936E+0	0.000E+0
4.890E+1	3.396E-1	-1.718E+0	0.000E+0
4.899E+1	3.549E-1	-1.497E+0	0.000E+0
4.910E+1	3.697E-1	-1.329E+0	0.000E+0
4.919E+1	3.853E-1	-1.126E+0	0.000E+0
4.929E+1	3.984E-1	-8.415E-1	0.000E+0
4.940E+1	4.118E-1	-5.985E-1	0.000E+0
4.949E+1	4.185E-1	-4.039E-1	0.000E+0
4.960E+1	4.276E-1	-1.836E-1	0.000E+0
4.969E+1	4.362E-1	9.844E-2	0.000E+0
4.979E+1	4.405E-1	2.813E-1	0.000E+0
4.990E+1	4.451E-1	4.735E-1	0.000E+0
