-5.000E-3	1.688E-3	3.992E-1	0.000E+0
9.500E-2	-3.375E-3	2.149E-1	0.000E+0
1.950E-1	-6.094E-3	-1.094E-2	0.000E+0
2.950E-1	-1.309E-2	-2.805E-1	0.000E+0
3.950E-1	-1.731E-2	-4.789E-1	0.000E+0
4.950E-1	-2.238E-2	-6.829E-1	0.000E+0
5.950E-1	-2.647E-2	-9.626E-1	0.000E+0
6.950E-1	-3.050E-2	-1.218E+0	0.000E+0
7.950E-1	-3.747E-2	-1.399E+0	0.000E+0
8.950E-1	-4.116E-2	-1.592E+0	0.000E+0
9.950E-1	-4.294E-2	-1.820E+0	0.000E+0
1.095E+0	-4.941E-2	-2.037E+0	0.000E+0
1.195E+0	-5.175E-2	-2.307E+0	0.000E+0
1.295E+0	-6.191E-2	-2.513E+0	0.000E+0
1.395E+0	-6.553E-2	-2.692E+0	0.000E+0
1.495E+0	-7.091E-2	-2.913E+0	0.000E+0
1.595E+0	-7.859E-2	-3.185E+0	0.000E+0
1.695E+0	-8.456E-2	-3.424E+0	0.000E+0
1.795E+0	-9.175E-2	-3.649E+0	0.000E+0
1.895E+0	-9.819E-2	-3.834E+0	0.000E+0
1.995E+0	-1.045E-1	-4.056E+0	0.000E+0
2.095E+0	-1.112E-1	-4.263E+0	0.000E+0
2.195E+0	-1.156E-1	-4.503E+0	0.000E+0
2.295E+0	-1.228E-1	-4.748E+0	0.000E+0
2.395E+0	-1.314E-1	-4.970E+0	0.000E+0
2.495E+0	-1.427E-1	-5.207E+0	0.000E+0
2.595E+0	-1.444E-1	-5.395E+0	0.000E+0
2.695E+0	-1.514E-1	-5.607E+0	0.000E+0
2.795E+0	-1.571E-1	-5.821E+0	0.000E+0
2.895E+0	-1.597E-1	-6.043E+0	0.000E+0
2.995E+0	-1.672E-1	-6.255E+0	0.000E+0
3.095E+0	-1.712E-1	-6.490E+0	0.000E+0
3.195E+0	-1.786E-1	-6.694E+0	0.000E+0
3.295E+0	-1.852E-1	-6.857E+0	0.000E+0
3.395E+0	-1.923E-1	-7.097E+0	0.000E+0
3.495E+0	-1.969E-1	-7.340E+0	0.000E+0
3.595E+0	-2.040E-1	-7.547E+0	0.000E+0
3.695E+0	-2.137E-1	-7.743E+0	0.000E+0
3.795E+0	-2.228E-1	-7.940E+0	0.000E+0
3.895E+0	-2.314E-1	-8.157E+0	0.000E+0
3.995E+0	-2.436E-1	-8.365E+0	0.000E+0
4.095E+0	-2.493E-1	-8.596E+0	0.000E+0
4.195E+0	-2.598E-1	-8.814E+0	0.000E+0
4.295E+0	-2.668E-1	-9.038E+0	0.000E+0
4.395E+0	-2.675E-1	-9.289E+0	0.000E+0
4.495E+0	-2.725E-1	-9.488E+0	0.000E+0
4.595E+0	-2.717E-1	-9.651E+0	0.000E+0
4.695E+0	-2.732E-1	-9.873E+0	0.000E+0
4.795E+0	-2.709E-1	-1.013E+1	0.000E+0
4.895E+0	-2.710E-1	-1.037E+1	0.000E+0
4.995E+0	-2.775E-1	-1.056E+1	0.000E+0
5.095E+0	-2.801E-1	-1.036E+1	0.000E+0
5.195E+0	-2.688E-1	-1.012E+1	0.000E+0
5.295E+0	-2.574E-1	-9.871E+0	0.000E+0
5.395E+0	-2.467E-1	-9.651E+0	0.000E+0
5.495E+0	-2.392E-1	-9.492E+0	0.000E+0
5.595E+0	-2.293E-1	-9.287E+0	0.000E+0
5.695E+0	-2.238E-1	-9.039E+0	0.000E+0
5.795E+0	-2.146E-1	-8.816E+0	0.000E+0
5.895E+0	-2.082E-1	-8.606E+0	0.000E+0
5.995E+0	-1.992E-1	-8.372E+0	0.000E+0
6.095E+0	-1.907E-1	-8.168E+0	0.000E+0
6.195E+0	-1.844E-1	-7.951E+0	0.000E+0
6.295E+0	-1.752E-1	-7.756E+0	0.000E+0
6.395E+0	-1.689E-1	-7.558E+0	0.000E+0
6.495E+0	-1.638E-1	-7.357E+0	0.000E+0
6.595E+0	-1.558E-1	-7.116E+0	0.000E+0
6.695E+0	-1.511E-1	-6.873E+0	0.000E+0
6.795E+0	-1.428E-1	-6.714E+0	0.000E+0
6.895E+0	-1.379E-1	-6.512E+0	0.000E+0
6.995E+0	-1.319E-1	-6.273E+0	0.000E+0
7.095E+0	-1.266E-1	-6.069E+0	0.000E+0
7.195E+0	-1.218E-1	-5.840E+0	0.000E+0
7.295E+0	-1.147E-1	-5.634E+0	0.000E+0
7.395E+0	-1.110E-1	-5.421E+0	0.000E+0
7.495E+0	-1.031E-1	-5.229E+0	0.000E+0
7.595E+0	-1.009E-1	-5.008E+0	0.000E+0
7.695E+0	-9.409E-2	-4.774E+0	0.000E+0
7.795E+0	-8.847E-2	-4.546E+0	0.000E+0
7.895E+0	-8.484E-2	-4.294E+0	0.000E+0
7.995E+0	-7.791E-2	-4.089E+0	0.000E+0
8.095E+0	-7.428E-2	-3.870E+0	0.000E+0
8.195E+0	-6.953E-2	-3.685E+0	0.000E+0
8.295E+0	-6.353E-2	-3.476E+0	0.000E+0
8.395E+0	-5.937E-2	-3.231E+0	0.000E+0
8.495E+0	-5.334E-2	-2.971E+0	0.000E+0
8.595E+0	-4.862E-2	-2.729E+0	0.000E+0
8.695E+0	-4.522E-2	-2.553E+0	0.000E+0
8.795E+0	-3.956E-2	-2.360E+0	0.000E+0
8.895E+0	-3.500E-2	-2.091E+0	0.000E+0
8.995E+0	-3.075E-2	-1.877E+0	0.000E+0
9.095E+0	-2.594E-2	-1.650E+0	0.000E+0
9.195E+0	-2.397E-2	-1.441E+0	0.000E+0
9.295E+0	-1.844E-2	-1.267E+0	0.000E+0
9.395E+0	-1.459E-2	-1.042E+0	0.000E+0
9.495E+0	-1.478E-2	-7.532E-1	0.000E+0
9.595E+0	-7.062E-3	-5.328E-1	0.000E+0
9.695E+0	-2.313E-3	-3.446E-1	0.000E+0
9.795E+0	3.750E-3	-9.532E-2	0.000E+0
9.895E+0	7.781E-3	1.609E-1	0.000E+0
9.995E+0	9.719E-3	3.414E-1	0.000E+0
1.010E+1	1.834E-2	5.524E-1	0.000E+0
1.019E+1	2.156E-2	8.211E-1	0.000E+0
1.030E+1	2.700E-2	1.009E+0	0.000E+0
1.040E+1	3.181E-2	1.209E+0	0.000E+0
1.049E+1	3.578E-2	1.434E+0	0.000E+0
1.060E+1	4.275E-2	1.647E+0	0.000E+0
1.069E+1	4.809E-2	1.852E+0	0.000E+0
1.080E+1	5.803E-2	2.077E+0	0.000E+0
1.090E+1	6.825E-2	2.309E+0	0.000E+0
1.099E+1	7.203E-2	2.549E+0	0.000E+0
1.110E+1	7.784E-2	2.794E+0	0.000E+0
1.119E+1	8.550E-2	3.004E+0	0.000E+0
1.130E+1	8.950E-2	3.237E+0	0.000E+0
1.140E+1	9.847E-2	3.473E+0	0.000E+0
1.149E+1	1.071E-1	3.648E+0	0.000E+0
1.160E+1	1.064E-1	3.850E+0	0.000E+0
1.169E+1	1.180E-1	4.085E+0	0.000E+0
1.180E+1	1.220E-1	4.287E+0	0.000E+0
1.190E+1	1.298E-1	4.502E+0	0.000E+0
1.199E+1	1.348E-1	4.713E+0	0.000E+0
1.210E+1	1.410E-1	4.960E+0	0.000E+0
1.219E+1	1.484E-1	5.176E+0	0.000E+0
1.230E+1	1.509E-1	5.378E+0	0.000E+0
1.240E+1	1.591E-1	5.605E+0	0.000E+0
1.249E+1	1.649E-1	5.847E+0	0.000E+0
1.260E+1	1.676E-1	6.068E+0	0.000E+0
1.269E+1	1.742E-1	6.285E+0	0.000E+0
1.280E+1	1.776E-1	6.500E+0	0.000E+0
1.290E+1	1.829E-1	6.719E+0	0.000E+0
1.299E+1	1.868E-1	6.940E+0	0.000E+0
1.310E+1	1.910E-1	7.154E+0	0.000E+0
1.319E+1	1.992E-1	7.340E+0	0.000E+0
1.330E+1	2.033E-1	7.554E+0	0.000E+0
1.340E+1	2.114E-1	7.760E+0	0.000E+0
1.349E+1	2.199E-1	7.993E+0	0.000E+0
1.360E+1	2.267E-1	8.210E+0	0.000E+0
1.369E+1	2.381E-1	8.412E+0	0.000E+0
1.380E+1	2.472E-1	8.629E+0	0.000E+0
1.390E+1	2.564E-1	8.881E+0	0.000E+0
1.399E+1	2.662E-1	9.096E+0	0.000E+0
1.410E+1	2.747E-1	9.311E+0	0.000E+0
1.419E+1	2.787E-1	9.537E+0	0.000E+0
1.430E+1	2.827E-1	9.724E+0	0.000E+0
1.440E+1	2.815E-1	9.944E+0	0.000E+0
1.449E+1	2.837E-1	1.015E+1	0.000E+0
1.460E+1	2.838E-1	1.035E+1	0.000E+0
1.469E+1	2.845E-1	1.059E+1	0.000E+0
1.480E+1	2.851E-1	1.081E+1	0.000E+0
1.490E+1	2.857E-1	1.103E+1	0.000E+0
1.499E+1	2.913E-1	1.117E+1	0.000E+0
1.510E+1	2.975E-1	1.100E+1	0.000E+0
1.519E+1	2.833E-1	1.078E+1	0.000E+0
1.530E+1	2.757E-1	1.056E+1	0.000E+0
1.540E+1	2.647E-1	1.031E+1	0.000E+0
1.549E+1	2.555E-1	1.011E+1	0.000E+0
1.560E+1	2.502E-1	9.898E+0	0.000E+0
1.569E+1	2.406E-1	9.675E+0	0.000E+0
1.580E+1	2.335E-1	9.483E+0	0.000E+0
1.590E+1	2.254E-1	9.254E+0	0.000E+0
1.599E+1	2.188E-1	9.036E+0	0.000E+0
1.609E+1	2.133E-1	8.815E+0	0.000E+0
1.619E+1	2.060E-1	8.557E+0	0.000E+0
1.630E+1	1.980E-1	8.358E+0	0.000E+0
1.640E+1	1.935E-1	8.137E+0	0.000E+0
1.650E+1	1.873E-1	7.926E+0	0.000E+0
1.659E+1	1.820E-1	7.686E+0	0.000E+0
1.669E+1	1.745E-1	7.488E+0	0.000E+0
1.680E+1	1.683E-1	7.272E+0	0.000E+0
1.690E+1	1.641E-1	7.087E+0	0.000E+0
1.700E+1	1.587E-1	6.865E+0	0.000E+0
1.709E+1	1.534E-1	6.637E+0	0.000E+0
1.719E+1	1.471E-1	6.418E+0	0.000E+0
1.730E+1	1.412E-1	6.200E+0	0.000E+0
1.740E+1	1.389E-1	5.986E+0	0.000E+0
1.750E+1	1.330E-1	5.746E+0	0.000E+0
1.759E+1	1.279E-1	5.511E+0	0.000E+0
1.769E+1	1.264E-1	5.293E+0	0.000E+0
1.780E+1	1.193E-1	5.090E+0	0.000E+0
1.790E+1	1.168E-1	4.851E+0	0.000E+0
1.800E+1	1.112E-1	4.617E+0	0.000E+0
1.809E+1	1.067E-1	4.406E+0	0.000E+0
1.819E+1	1.004E-1	4.199E+0	0.000E+0
1.830E+1	9.422E-2	3.974E+0	0.000E+0
1.840E+1	9.156E-2	3.754E+0	0.000E+0
1.850E+1	8.606E-2	3.571E+0	0.000E+0
1.859E+1	8.259E-2	3.359E+0	0.000E+0
1.869E+1	7.563E-2	3.121E+0	0.000E+0
1.880E+1	7.106E-2	2.899E+0	0.000E+0
1.890E+1	6.737E-2	2.683E+0	0.000E+0
1.900E+1	6.125E-2	2.420E+0	0.000E+0
1.909E+1	4.700E-2	2.188E+0	0.000E+0
1.919E+1	4.553E-2	1.954E+0	0.000E+0
1.930E+1	3.897E-2	1.745E+0	0.000E+0
1.940E+1	3.425E-2	1.533E+0	0.000E+0
1.950E+1	3.125E-2	1.313E+0	0.000E+0
1.959E+1	2.316E-2	1.084E+0	0.000E+0
1.969E+1	2.162E-2	9.149E-1	0.000E+0
1.980E+1	1.353E-2	6.719E-1	0.000E+0
1.990E+1	8.813E-3	4.219E-1	0.000E+0
2.000E+1	6.250E-4	2.336E-1	0.000E+0
2.009E+1	1.187E-3	2.656E-2	0.000E+0
2.019E+1	-5.125E-3	-2.578E-1	0.000E+0
2.030E+1	-1.166E-2	-4.586E-1	0.000E+0
2.040E+1	-1.750E-2	-6.586E-1	0.000E+0
2.050E+1	-1.975E-2	-9.282E-1	0.000E+0
2.059E+1	-2.759E-2	-1.196E+0	0.000E+0
2.069E+1	-3.097E-2	-1.381E+0	0.000E+0
2.080E+1	-3.900E-2	-1.568E+0	0.000E+0
2.090E+1	-4.475E-2	-1.795E+0	0.000E+0
2.100E+1	-4.831E-2	-2.011E+0	0.000E+0
2.109E+1	-5.647E-2	-2.279E+0	0.000E+0
2.119E+1	-6.000E-2	-2.492E+0	0.000E+0
2.130E+1	-6.778E-2	-2.669E+0	0.000E+0
2.140E+1	-7.234E-2	-2.887E+0	0.000E+0
2.150E+1	-7.859E-2	-3.156E+0	0.000E+0
2.159E+1	-8.494E-2	-3.398E+0	0.000E+0
2.169E+1	-9.056E-2	-3.625E+0	0.000E+0
2.180E+1	-1.004E-1	-3.815E+0	0.000E+0
2.190E+1	-1.056E-1	-4.025E+0	0.000E+0
2.200E+1	-1.119E-1	-4.239E+0	0.000E+0
2.209E+1	-1.187E-1	-4.469E+0	0.000E+0
2.219E+1	-1.242E-1	-4.721E+0	0.000E+0
2.230E+1	-1.324E-1	-4.932E+0	0.000E+0
2.240E+1	-1.359E-1	-5.189E+0	0.000E+0
2.250E+1	-1.428E-1	-5.370E+0	0.000E+0
2.259E+1	-1.470E-1	-5.582E+0	0.000E+0
2.269E+1	-1.526E-1	-5.795E+0	0.000E+0
2.280E+1	-1.579E-1	-6.011E+0	0.000E+0
2.290E+1	-1.603E-1	-6.230E+0	0.000E+0
2.300E+1	-1.675E-1	-6.457E+0	0.000E+0
2.309E+1	-1.720E-1	-6.672E+0	0.000E+0
2.319E+1	-1.795E-1	-6.840E+0	0.000E+0
2.330E+1	-1.861E-1	-7.062E+0	0.000E+0
2.340E+1	-1.911E-1	-7.312E+0	0.000E+0
2.350E+1	-1.999E-1	-7.522E+0	0.000E+0
2.359E+1	-2.084E-1	-7.721E+0	0.000E+0
2.369E+1	-2.185E-1	-7.915E+0	0.000E+0
2.380E+1	-2.294E-1	-8.135E+0	0.000E+0
2.390E+1	-2.391E-1	-8.341E+0	0.000E+0
2.400E+1	-2.481E-1	-8.573E+0	0.000E+0
2.409E+1	-2.567E-1	-8.792E+0	0.000E+0
2.419E+1	-2.636E-1	-9.011E+0	0.000E+0
2.430E+1	-2.696E-1	-9.259E+0	0.000E+0
2.440E+1	-2.712E-1	-9.470E+0	0.000E+0
2.450E+1	-2.734E-1	-9.634E+0	0.000E+0
2.459E+1	-2.744E-1	-9.847E+0	0.000E+0
2.469E+1	-2.757E-1	-1.010E+1	0.000E+0
2.480E+1	-2.772E-1	-1.034E+1	0.000E+0
2.490E+1	-2.766E-1	-1.056E+1	0.000E+0
2.500E+1	-2.892E-1	-1.039E+1	0.000E+0
2.509E+1	-2.755E-1	-1.015E+1	0.000E+0
2.519E+1	-2.639E-1	-9.901E+0	0.000E+0
2.530E+1	-2.555E-1	-9.670E+0	0.000E+0
2.540E+1	-2.443E-1	-9.512E+0	0.000E+0
2.550E+1	-2.378E-1	-9.312E+0	0.000E+0
2.559E+1	-2.296E-1	-9.067E+0	0.000E+0
2.569E+1	-2.230E-1	-8.844E+0	0.000E+0
2.580E+1	-2.177E-1	-8.637E+0	0.000E+0
2.590E+1	-2.092E-1	-8.404E+0	0.000E+0
2.600E+1	-2.053E-1	-8.194E+0	0.000E+0
2.609E+1	-1.959E-1	-7.978E+0	0.000E+0
2.619E+1	-1.943E-1	-7.779E+0	0.000E+0
2.630E+1	-1.865E-1	-7.583E+0	0.000E+0
2.640E+1	-1.801E-1	-7.383E+0	0.000E+0
2.650E+1	-1.732E-1	-7.147E+0	0.000E+0
2.659E+1	-1.659E-1	-6.903E+0	0.000E+0
2.669E+1	-1.628E-1	-6.736E+0	0.000E+0
2.680E+1	-1.568E-1	-6.540E+0	0.000E+0
2.690E+1	-1.483E-1	-6.304E+0	0.000E+0
2.700E+1	-1.435E-1	-6.099E+0	0.000E+0
2.709E+1	-1.363E-1	-5.867E+0	0.000E+0
2.719E+1	-1.344E-1	-5.664E+0	0.000E+0
2.730E+1	-1.270E-1	-5.445E+0	0.000E+0
2.740E+1	-1.231E-1	-5.253E+0	0.000E+0
2.750E+1	-1.042E-1	-5.048E+0	0.000E+0
2.759E+1	-1.038E-1	-4.798E+0	0.000E+0
2.769E+1	-9.759E-2	-4.577E+0	0.000E+0
2.780E+1	-9.094E-2	-4.323E+0	0.000E+0
2.790E+1	-8.697E-2	-4.120E+0	0.000E+0
2.800E+1	-7.941E-2	-3.894E+0	0.000E+0
2.809E+1	-7.622E-2	-3.709E+0	0.000E+0
2.819E+1	-6.722E-2	-3.501E+0	0.000E+0
2.830E+1	-6.391E-2	-3.262E+0	0.000E+0
2.840E+1	-6.034E-2	-3.006E+0	0.000E+0
2.850E+1	-5.334E-2	-2.759E+0	0.000E+0
2.859E+1	-5.100E-2	-2.574E+0	0.000E+0
2.869E+1	-4.566E-2	-2.385E+0	0.000E+0
2.880E+1	-3.797E-2	-2.127E+0	0.000E+0
2.890E+1	-3.572E-2	-1.900E+0	0.000E+0
2.900E+1	-2.841E-2	-1.677E+0	0.000E+0
2.909E+1	-2.528E-2	-1.462E+0	0.000E+0
2.919E+1	-2.063E-2	-1.292E+0	0.000E+0
2.930E+1	-1.244E-2	-1.076E+0	0.000E+0
2.940E+1	-1.219E-2	-7.852E-1	0.000E+0
2.950E+1	-3.531E-3	-5.586E-1	0.000E+0
2.959E+1	-2.656E-3	-3.649E-1	0.000E+0
2.969E+1	1.125E-3	-1.258E-1	0.000E+0
2.980E+1	7.938E-3	1.406E-1	0.000E+0
2.990E+1	1.234E-2	3.211E-1	0.000E+0
3.000E+1	1.966E-2	5.219E-1	0.000E+0
3.009E+1	2.284E-2	7.922E-1	0.000E+0
3.019E+1	2.784E-2	9.907E-1	0.000E+0
3.030E+1	3.406E-2	1.177E+0	0.000E+0
3.040E+1	3.887E-2	1.409E+0	0.000E+0
3.050E+1	4.722E-2	1.623E+0	0.000E+0
3.059E+1	4.994E-2	1.827E+0	0.000E+0
3.069E+1	5.647E-2	2.046E+0	0.000E+0
3.080E+1	6.325E-2	2.281E+0	0.000E+0
3.090E+1	6.922E-2	2.517E+0	0.000E+0
3.100E+1	7.344E-2	2.768E+0	0.000E+0
3.109E+1	7.850E-2	2.982E+0	0.000E+0
3.119E+1	8.634E-2	3.205E+0	0.000E+0
3.130E+1	9.078E-2	3.445E+0	0.000E+0
3.140E+1	9.737E-2	3.628E+0	0.000E+0
3.150E+1	1.052E-1	3.823E+0	0.000E+0
3.159E+1	1.088E-1	4.059E+0	0.000E+0
3.169E+1	1.171E-1	4.261E+0	0.000E+0
3.180E+1	1.244E-1	4.474E+0	0.000E+0
3.190E+1	1.316E-1	4.685E+0	0.000E+0
3.200E+1	1.357E-1	4.925E+0	0.000E+0
3.210E+1	1.431E-1	5.153E+0	0.000E+0
3.219E+1	1.503E-1	5.349E+0	0.000E+0
3.229E+1	1.554E-1	5.572E+0	0.000E+0
3.240E+1	1.622E-1	5.813E+0	0.000E+0
3.249E+1	1.646E-1	6.036E+0	0.000E+0
3.260E+1	1.696E-1	6.254E+0	0.000E+0
3.269E+1	1.781E-1	6.472E+0	0.000E+0
3.279E+1	1.837E-1	6.692E+0	0.000E+0
3.290E+1	1.890E-1	6.914E+0	0.000E+0
3.299E+1	1.958E-1	7.132E+0	0.000E+0
3.310E+1	2.012E-1	7.310E+0	0.000E+0
3.319E+1	2.234E-1	7.530E+0	0.000E+0
3.329E+1	2.105E-1	7.735E+0	0.000E+0
3.340E+1	2.210E-1	7.971E+0	0.000E+0
3.349E+1	2.311E-1	8.183E+0	0.000E+0
3.360E+1	2.411E-1	8.390E+0	0.000E+0
3.369E+1	2.524E-1	8.599E+0	0.000E+0
3.379E+1	2.605E-1	8.851E+0	0.000E+0
3.390E+1	2.702E-1	9.066E+0	0.000E+0
3.399E+1	2.784E-1	9.283E+0	0.000E+0
3.410E+1	2.852E-1	9.509E+0	0.000E+0
3.419E+1	2.895E-1	9.696E+0	0.000E+0
3.429E+1	2.942E-1	9.920E+0	0.000E+0
3.440E+1	2.948E-1	1.012E+1	0.000E+0
3.449E+1	2.986E-1	1.032E+1	0.000E+0
3.460E+1	2.989E-1	1.057E+1	0.000E+0
3.469E+1	3.014E-1	1.079E+1	0.000E+0
3.479E+1	3.019E-1	1.101E+1	0.000E+0
3.490E+1	3.019E-1	1.117E+1	0.000E+0
3.499E+1	3.145E-1	1.101E+1	0.000E+0
3.510E+1	3.020E-1	1.079E+1	0.000E+0
3.519E+1	2.923E-1	1.057E+1	0.000E+0
3.529E+1	2.819E-1	1.032E+1	0.000E+0
3.540E+1	2.731E-1	1.012E+1	0.000E+0
3.549E+1	2.657E-1	9.910E+0	0.000E+0
3.560E+1	2.567E-1	9.687E+0	0.000E+0
3.569E+1	2.501E-1	9.495E+0	0.000E+0
3.579E+1	2.302E-1	9.266E+0	0.000E+0
3.590E+1	2.279E-1	9.051E+0	0.000E+0
3.599E+1	2.198E-1	8.826E+0	0.000E+0
3.610E+1	2.150E-1	8.572E+0	0.000E+0
3.619E+1	2.057E-1	8.364E+0	0.000E+0
3.629E+1	2.012E-1	8.149E+0	0.000E+0
3.640E+1	1.941E-1	7.937E+0	0.000E+0
3.649E+1	1.872E-1	7.700E+0	0.000E+0
3.660E+1	1.823E-1	7.498E+0	0.000E+0
3.669E+1	1.708E-1	7.281E+0	0.000E+0
3.679E+1	1.714E-1	7.095E+0	0.000E+0
3.690E+1	1.645E-1	6.872E+0	0.000E+0
3.699E+1	1.564E-1	6.650E+0	0.000E+0
3.710E+1	1.542E-1	6.432E+0	0.000E+0
3.719E+1	1.465E-1	6.209E+0	0.000E+0
3.729E+1	1.427E-1	5.993E+0	0.000E+0
3.740E+1	1.340E-1	5.760E+0	0.000E+0
3.749E+1	1.286E-1	5.522E+0	0.000E+0
3.760E+1	1.257E-1	5.303E+0	0.000E+0
3.769E+1	1.188E-1	5.105E+0	0.000E+0
3.779E+1	1.152E-1	4.867E+0	0.000E+0
3.790E+1	1.082E-1	4.626E+0	0.000E+0
3.799E+1	1.035E-1	4.414E+0	0.000E+0
3.810E+1	1.023E-1	4.209E+0	0.000E+0
3.819E+1	9.484E-2	3.985E+0	0.000E+0
3.829E+1	9.087E-2	3.766E+0	0.000E+0
3.840E+1	8.341E-2	3.585E+0	0.000E+0
3.849E+1	7.997E-2	3.373E+0	0.000E+0
3.860E+1	7.531E-2	3.131E+0	0.000E+0
3.869E+1	6.906E-2	2.910E+0	0.000E+0
3.879E+1	6.566E-2	2.693E+0	0.000E+0
3.890E+1	5.772E-2	2.435E+0	0.000E+0
3.899E+1	5.306E-2	2.202E+0	0.000E+0
3.910E+1	4.772E-2	1.967E+0	0.000E+0
3.919E+1	4.322E-2	1.752E+0	0.000E+0
3.929E+1	3.897E-2	1.547E+0	0.000E+0
3.940E+1	3.231E-2	1.326E+0	0.000E+0
3.949E+1	2.991E-2	1.097E+0	0.000E+0
3.960E+1	2.509E-2	9.274E-1	0.000E+0
3.969E+1	1.987E-2	6.946E-1	0.000E+0
3.979E+1	1.541E-2	4.313E-1	0.000E+0
3.990E+1	7.188E-3	2.430E-1	0.000E+0
3.999E+1	6.719E-3	4.688E-2	0.000E+0
4.010E+1	-1.438E-3	-2.406E-1	0.000E+0
4.019E+1	-5.313E-3	-4.430E-1	0.000E+0
4.029E+1	-1.269E-2	-6.454E-1	0.000E+0
4.040E+1	-1.828E-2	-9.157E-1	0.000E+0
4.049E+1	-2.272E-2	-1.181E+0	0.000E+0
4.060E+1	-3.072E-2	-1.374E+0	0.000E+0
4.069E+1	-3.425E-2	-1.553E+0	0.000E+0
4.079E+1	-4.059E-2	-1.780E+0	0.000E+0
4.090E+1	-4.831E-2	-1.999E+0	0.000E+0
4.099E+1	-5.397E-2	-2.261E+0	0.000E+0
4.110E+1	-6.087E-2	-2.478E+0	0.000E+0
4.119E+1	-6.625E-2	-2.655E+0	0.000E+0
4.129E+1	-7.444E-2	-2.871E+0	0.000E+0
4.140E+1	-8.319E-2	-3.136E+0	0.000E+0
4.149E+1	-8.806E-2	-3.380E+0	0.000E+0
4.160E+1	-9.503E-2	-3.610E+0	0.000E+0
4.169E+1	-1.011E-1	-3.805E+0	0.000E+0
4.179E+1	-1.096E-1	-4.012E+0	0.000E+0
4.190E+1	-1.183E-1	-4.224E+0	0.000E+0
4.199E+1	-1.229E-1	-4.453E+0	0.000E+0
4.210E+1	-1.295E-1	-4.712E+0	0.000E+0
4.219E+1	-1.353E-1	-4.912E+0	0.000E+0
4.229E+1	-1.419E-1	-5.178E+0	0.000E+0
4.240E+1	-1.500E-1	-5.363E+0	0.000E+0
4.249E+1	-1.535E-1	-5.565E+0	0.000E+0
4.260E+1	-1.620E-1	-5.784E+0	0.000E+0
4.269E+1	-1.683E-1	-5.996E+0	0.000E+0
4.279E+1	-1.748E-1	-6.219E+0	0.000E+0
4.290E+1	-1.827E-1	-6.447E+0	0.000E+0
4.299E+1	-1.887E-1	-6.666E+0	0.000E+0
4.310E+1	-1.950E-1	-6.829E+0	0.000E+0
4.319E+1	-1.994E-1	-7.050E+0	0.000E+0
4.329E+1	-2.091E-1	-7.302E+0	0.000E+0
4.340E+1	-2.124E-1	-7.507E+0	0.000E+0
4.349E+1	-2.226E-1	-7.710E+0	0.000E+0
4.360E+1	-2.327E-1	-7.905E+0	0.000E+0
4.369E+1	-2.426E-1	-8.121E+0	0.000E+0
4.379E+1	-2.535E-1	-8.325E+0	0.000E+0
4.390E+1	-2.640E-1	-8.558E+0	0.000E+0
4.399E+1	-2.709E-1	-8.778E+0	0.000E+0
4.410E+1	-2.726E-1	-8.992E+0	0.000E+0
4.419E+1	-2.770E-1	-9.243E+0	0.000E+0
4.429E+1	-2.764E-1	-9.460E+0	0.000E+0
4.440E+1	-2.810E-1	-9.626E+0	0.000E+0
4.449E+1	-2.815E-1	-9.837E+0	0.000E+0
4.460E+1	-2.802E-1	-1.009E+1	0.000E+0
4.469E+1	-2.831E-1	-1.032E+1	0.000E+0
4.479E+1	-2.800E-1	-1.055E+1	0.000E+0
4.490E+1	-2.919E-1	-1.040E+1	0.000E+0
4.499E+1	-2.810E-1	-1.016E+1	0.000E+0
4.510E+1	-2.688E-1	-9.915E+0	0.000E+0
4.519E+1	-2.614E-1	-9.684E+0	0.000E+0
4.529E+1	-2.494E-1	-9.522E+0	0.000E+0
4.540E+1	-2.435E-1	-9.326E+0	0.000E+0
4.549E+1	-2.351E-1	-9.079E+0	0.000E+0
4.560E+1	-2.258E-1	-8.856E+0	0.000E+0
4.569E+1	-2.204E-1	-8.647E+0	0.000E+0
4.579E+1	-2.102E-1	-8.415E+0	0.000E+0
4.590E+1	-2.033E-1	-8.202E+0	0.000E+0
4.599E+1	-1.992E-1	-7.992E+0	0.000E+0
4.610E+1	-1.895E-1	-7.787E+0	0.000E+0
4.619E+1	-1.855E-1	-7.590E+0	0.000E+0
4.629E+1	-1.789E-1	-7.393E+0	0.000E+0
4.640E+1	-1.750E-1	-7.161E+0	0.000E+0
4.649E+1	-1.684E-1	-6.910E+0	0.000E+0
4.660E+1	-1.592E-1	-6.743E+0	0.000E+0
4.669E+1	-1.559E-1	-6.548E+0	0.000E+0
4.679E+1	-1.481E-1	-6.310E+0	0.000E+0
4.690E+1	-1.420E-1	-6.107E+0	0.000E+0
4.699E+1	-1.365E-1	-5.876E+0	0.000E+0
4.710E+1	-1.299E-1	-5.672E+0	0.000E+0
4.719E+1	-1.248E-1	-5.453E+0	0.000E+0
4.729E+1	-1.182E-1	-5.260E+0	0.000E+0
4.740E+1	-1.137E-1	-5.057E+0	0.000E+0
4.749E+1	-1.056E-1	-4.806E+0	0.000E+0
4.760E+1	-1.010E-1	-4.589E+0	0.000E+0
4.769E+1	-9.519E-2	-4.335E+0	0.000E+0
4.779E+1	-9.297E-2	-4.128E+0	0.000E+0
4.790E+1	-8.753E-2	-3.903E+0	0.000E+0
4.799E+1	-8.103E-2	-3.719E+0	0.000E+0
4.810E+1	-7.694E-2	-3.510E+0	0.000E+0
4.819E+1	-7.147E-2	-3.271E+0	0.000E+0
4.829E+1	-6.600E-2	-3.019E+0	0.000E+0
4.840E+1	-6.122E-2	-2.769E+0	0.000E+0
4.849E+1	-5.463E-2	-2.581E+0	0.000E+0
4.860E+1	-5.031E-2	-2.395E+0	0.000E+0
4.869E+1	-4.444E-2	-2.135E+0	0.000E+0
4.879E+1	-3.844E-2	-1.909E+0	0.000E+0
4.890E+1	-3.362E-2	-1.688E+0	0.000E+0
4.899E+1	-2.728E-2	-1.470E+0	0.000E+0
4.910E+1	-2.216E-2	-1.305E+0	0.000E+0
4.919E+1	-1.741E-2	-1.091E+0	0.000E+0
4.929E+1	-1.206E-2	-8.001E-1	0.000E+0
4.940E+1	-6.500E-3	-5.688E-1	0.000E+0
4.949E+1	2.500E-4	-3.750E-1	0.000E+0
4.960E+1	4.812E-3	-1.422E-1	0.000E+0
4.969E+1	8.813E-3	1.305E-1	0.000E+0
4.979E+1	1.731E-2	3.094E-1	0.000E+0
4.990E+1	1.987E-2	5.102E-1	0.000E+0
